#Timestamp	CPU(0) Frequency(MHz)	CPU(0) Temperature(C)	A7 Voltage(V)	A7 Current(A)	A7 Power(W)	CPU(4) Frequency(MHz)	CPU(4) Temperature(C)	A15 Voltage(V)	A15 Current(A)	A15 Power(W)	GPU Frequency(MHz)	GPU Temperature(C)	GPU Voltage(V)	GPU Current(A)	GPU Power(W)	RAM Voltage(V)	RAM Current(A)	RAM Power(W)
1496408925114545395	1400 42 1.200000 0.184000 0.232000 1400 38 1.000000 0.595000 0.632000 600 41 0.900000 0.072000 0.071000 1.200000 0.049000 0.059000
1496408925624554821	1400 42 1.200000 0.101000 0.128000 1400 38 1.000000 0.818000 0.865000 600 41 0.900000 0.072000 0.071000 1.200000 0.017000 0.020000
1496408926134541997	1400 42 1.200000 0.101000 0.128000 1400 38 1.000000 0.829000 0.878000 600 41 0.900000 0.071000 0.070000 1.200000 0.016000 0.019000
1496408926644452714	1400 42 1.200000 0.101000 0.128000 1400 38 1.000000 0.825000 0.872000 600 41 0.900000 0.071000 0.070000 1.200000 0.016000 0.019000
1496408927154312598	1400 40 1.200000 0.097000 0.123000 1400 37 1.000000 0.820000 0.867000 600 41 0.900000 0.071000 0.070000 1.200000 0.064000 0.077000
1496408927664421941	1400 41 1.200000 0.103000 0.131000 1400 38 1.000000 0.797000 0.844000 600 41 0.900000 0.071000 0.070000 1.200000 0.063000 0.076000
1496408928174013950	1400 45 1.200000 0.102000 0.129000 1400 38 1.000000 1.050000 1.113000 600 41 0.900000 0.071000 0.070000 1.200000 0.075000 0.091000
1496408928683318960	1400 45 1.200000 0.102000 0.129000 1400 39 1.000000 1.482000 1.573000 600 42 0.900000 0.071000 0.070000 1.200000 0.057000 0.069000
1496408929192677387	1400 46 1.200000 0.107000 0.136000 1400 39 1.000000 1.497000 1.589000 600 42 0.900000 0.071000 0.070000 1.200000 0.046000 0.055000
1496408929702138021	1400 46 1.200000 0.106000 0.134000 1400 39 1.000000 1.526000 1.620000 600 42 0.900000 0.072000 0.071000 1.200000 0.042000 0.051000
1496408930211222157	1400 48 1.200000 0.104000 0.132000 1400 40 1.000000 1.560000 1.656000 600 43 0.900000 0.072000 0.071000 1.200000 0.047000 0.057000
1496408930720254209	1400 47 1.200000 0.102000 0.129000 1400 40 1.000000 1.607000 1.706000 600 43 0.900000 0.072000 0.071000 1.200000 0.049000 0.059000
1496408931229530094	1400 47 1.200000 0.100000 0.127000 1400 40 1.000000 1.625000 1.725000 600 43 0.900000 0.072000 0.071000 1.200000 0.033000 0.040000
1496408931738957437	1400 47 1.200000 0.103000 0.131000 1400 40 1.000000 1.511000 1.604000 600 43 0.900000 0.072000 0.071000 1.200000 0.030000 0.036000
1496408932248688404	1400 47 1.200000 0.105000 0.133000 1400 40 1.000000 1.472000 1.563000 600 43 0.900000 0.072000 0.071000 1.200000 0.030000 0.036000
1496408932758132081	1400 46 1.200000 0.106000 0.134000 1400 40 1.000000 1.474000 1.565000 600 43 0.900000 0.072000 0.071000 1.200000 0.032000 0.038000
1496408933267664507	1400 47 1.200000 0.099000 0.126000 1400 40 1.000000 1.452000 1.542000 600 43 0.900000 0.072000 0.071000 1.200000 0.027000 0.032000
1496408933777124808	1400 46 1.200000 0.100000 0.127000 1400 40 1.000000 1.432000 1.520000 600 43 0.900000 0.072000 0.071000 1.200000 0.028000 0.034000
1496408934286553818	1400 46 1.200000 0.099000 0.126000 1400 40 1.000000 1.445000 1.534000 600 43 0.900000 0.072000 0.071000 1.200000 0.027000 0.032000
1496408934796175869	1400 46 1.200000 0.098000 0.124000 1400 40 1.000000 1.443000 1.532000 600 43 0.900000 0.072000 0.071000 1.200000 0.027000 0.032000
1496408935305607463	1400 47 1.200000 0.106000 0.134000 1400 40 1.000000 1.448000 1.536000 600 43 0.900000 0.072000 0.071000 1.200000 0.026000 0.031000
1496408935815092806	1400 46 1.200000 0.106000 0.134000 1400 40 1.000000 1.430000 1.517000 600 43 0.900000 0.072000 0.071000 1.200000 0.026000 0.031000
1496408936324555857	1400 46 1.200000 0.102000 0.129000 1400 40 1.000000 1.399000 1.484000 600 43 0.900000 0.072000 0.071000 1.200000 0.026000 0.031000
1496408936833908534	1400 46 1.200000 0.101000 0.128000 1400 40 1.000000 1.451000 1.540000 600 43 0.900000 0.072000 0.071000 1.200000 0.024000 0.029000
1496408937343223002	1400 46 1.200000 0.101000 0.128000 1400 40 1.000000 1.414000 1.501000 600 43 0.900000 0.072000 0.071000 1.200000 0.026000 0.031000
1496408937852629553	1400 46 1.200000 0.099000 0.126000 1400 40 1.000000 1.399000 1.484000 600 43 0.900000 0.072000 0.071000 1.200000 0.026000 0.031000
1496408938362181938	1400 46 1.200000 0.098000 0.124000 1400 39 1.000000 1.415000 1.501000 600 43 0.900000 0.072000 0.071000 1.200000 0.025000 0.030000
1496408938871801739	1400 46 1.200000 0.099000 0.126000 1400 40 1.000000 1.410000 1.496000 600 43 0.900000 0.072000 0.071000 1.200000 0.023000 0.027000
1496408939381329165	1400 46 1.200000 0.099000 0.126000 1400 39 1.000000 1.353000 1.435000 600 43 0.900000 0.072000 0.071000 1.200000 0.023000 0.027000
1496408939890743133	1400 46 1.200000 0.099000 0.126000 1400 39 1.000000 1.426000 1.514000 600 43 0.900000 0.072000 0.071000 1.200000 0.025000 0.030000
1496408940400213727	1400 46 1.200000 0.101000 0.128000 1400 39 1.000000 1.419000 1.506000 600 43 0.900000 0.072000 0.071000 1.200000 0.022000 0.026000
1496408940909657653	1400 46 1.200000 0.103000 0.131000 1400 39 1.000000 1.382000 1.466000 600 43 0.900000 0.072000 0.071000 1.200000 0.022000 0.026000
1496408941419014746	1400 46 1.200000 0.106000 0.134000 1400 39 1.000000 1.408000 1.493000 600 43 0.900000 0.072000 0.071000 1.200000 0.022000 0.026000
1496408941928357381	1400 46 1.200000 0.104000 0.132000 1400 39 1.000000 1.430000 1.518000 600 43 0.900000 0.072000 0.071000 1.200000 0.020000 0.024000
1496408942438365348	1400 46 1.200000 0.104000 0.132000 1400 39 1.000000 1.386000 1.470000 600 42 0.900000 0.072000 0.071000 1.200000 0.020000 0.024000
1496408942947805858	1400 46 1.200000 0.101000 0.128000 1400 39 1.000000 1.391000 1.475000 600 43 0.900000 0.072000 0.071000 1.200000 0.024000 0.029000
1496408943457535868	1400 46 1.200000 0.100000 0.127000 1400 39 1.000000 1.422000 1.508000 600 42 0.900000 0.072000 0.071000 1.200000 0.023000 0.027000
1496408943967026961	1400 46 1.200000 0.104000 0.132000 1400 40 1.000000 1.378000 1.462000 600 42 0.900000 0.072000 0.071000 1.200000 0.037000 0.044000
1496408944476664553	1400 46 1.200000 0.107000 0.136000 1400 39 1.000000 1.375000 1.458000 600 42 0.900000 0.072000 0.071000 1.200000 0.043000 0.052000
1496408944986507313	1400 46 1.200000 0.106000 0.134000 1400 39 1.000000 1.332000 1.413000 600 42 0.900000 0.072000 0.071000 1.200000 0.045000 0.054000
1496408945496784321	1400 46 1.200000 0.116000 0.147000 1400 39 1.000000 1.369000 1.452000 600 42 0.900000 0.072000 0.071000 1.200000 0.053000 0.064000
1496408946007022705	1400 46 1.200000 0.112000 0.142000 1400 40 1.000000 1.346000 1.428000 600 42 0.900000 0.072000 0.071000 1.200000 0.051000 0.062000
1496408946516816631	1400 46 1.200000 0.109000 0.138000 1400 39 1.000000 1.386000 1.470000 600 43 0.900000 0.072000 0.071000 1.200000 0.039000 0.047000
1496408947026587973	1400 46 1.200000 0.101000 0.128000 1400 40 1.000000 1.342000 1.423000 600 42 0.900000 0.072000 0.071000 1.200000 0.041000 0.049000
1496408947536082025	1400 41 1.200000 0.100000 0.127000 1400 38 1.000000 1.210000 1.282000 600 42 0.900000 0.072000 0.071000 1.200000 0.031000 0.037000
1496408948045484368	1400 40 1.200000 0.096000 0.122000 1400 38 1.000000 0.765000 0.809000 600 41 0.900000 0.071000 0.070000 1.200000 0.015000 0.018000
1496408948554847669	1400 40 1.200000 0.097000 0.123000 1400 37 1.000000 0.764000 0.808000 600 41 0.900000 0.071000 0.070000 1.200000 0.016000 0.019000
1496408949064326971	1400 40 1.200000 0.096000 0.122000 1400 37 1.000000 0.765000 0.809000 600 41 0.900000 0.070000 0.069000 1.200000 0.017000 0.020000
1496408949574683146	1400 41 1.200000 0.185000 0.233000 1400 37 1.000000 0.574000 0.610000 600 40 0.900000 0.070000 0.069000 1.200000 0.055000 0.066000
1496408950085304862	1400 41 1.200000 0.110000 0.140000 1400 37 1.000000 0.723000 0.767000 600 40 0.900000 0.070000 0.069000 1.200000 0.024000 0.029000
1496408950595339330	1400 41 1.200000 0.105000 0.133000 1400 37 1.000000 0.812000 0.859000 600 40 0.900000 0.071000 0.070000 1.200000 0.018000 0.021000
1496408951105063589	1400 41 1.200000 0.099000 0.126000 1400 37 1.000000 0.824000 0.871000 600 40 0.900000 0.070000 0.069000 1.200000 0.020000 0.024000
1496408951614665640	1400 39 1.200000 0.103000 0.131000 1400 37 1.000000 0.876000 0.926000 600 40 0.900000 0.070000 0.069000 1.200000 0.035000 0.042000
1496408952123839484	1400 39 1.200000 0.101000 0.128000 1400 37 1.000000 0.898000 0.951000 600 40 0.900000 0.070000 0.069000 1.200000 0.037000 0.044000
1496408952633046452	1400 39 1.200000 0.105000 0.133000 1400 37 1.000000 0.785000 0.830000 600 40 0.900000 0.070000 0.069000 1.200000 0.069000 0.084000
1496408953142319879	1400 39 1.200000 0.101000 0.128000 1400 36 1.000000 0.766000 0.810000 600 40 0.900000 0.070000 0.069000 1.200000 0.038000 0.046000
1496408953651558181	1400 39 1.200000 0.099000 0.126000 1400 36 1.000000 0.837000 0.887000 600 40 0.900000 0.070000 0.069000 1.200000 0.042000 0.051000
1496408954161031940	1400 39 1.200000 0.097000 0.123000 1400 36 1.000000 0.784000 0.829000 600 40 0.900000 0.069000 0.068000 1.200000 0.041000 0.049000
1496408954670402867	1400 39 1.200000 0.097000 0.123000 1400 36 1.000000 0.765000 0.809000 600 40 0.900000 0.070000 0.069000 1.200000 0.050000 0.060000
1496408955179575210	1400 38 1.200000 0.100000 0.127000 1400 36 1.000000 0.749000 0.793000 600 39 0.900000 0.069000 0.068000 1.200000 0.045000 0.054000
1496408955688801429	1400 38 1.200000 0.094000 0.119000 1400 36 1.000000 0.733000 0.775000 600 39 0.900000 0.069000 0.068000 1.200000 0.038000 0.046000
1496408956198636980	1400 38 1.200000 0.095000 0.121000 1400 36 1.000000 0.752000 0.795000 600 39 0.900000 0.070000 0.069000 1.200000 0.038000 0.046000
1496408956707985406	1400 38 1.200000 0.094000 0.119000 1400 36 1.000000 0.743000 0.786000 600 39 0.900000 0.069000 0.068000 1.200000 0.034000 0.041000
1496408957217185041	1400 38 1.200000 0.093000 0.118000 1400 36 1.000000 0.775000 0.819000 600 39 0.900000 0.069000 0.068000 1.200000 0.036000 0.043000
1496408957726535384	1400 39 1.200000 0.097000 0.123000 1400 36 1.000000 0.825000 0.872000 600 40 0.900000 0.069000 0.068000 1.200000 0.038000 0.046000
1496408958235651270	1400 39 1.200000 0.098000 0.124000 1400 36 1.000000 1.274000 1.351000 600 40 0.900000 0.070000 0.069000 1.200000 0.007000 0.008000
1496408958745647320	1400 39 1.200000 0.100000 0.127000 1400 36 1.000000 0.826000 0.873000 600 40 0.900000 0.069000 0.068000 1.200000 0.038000 0.046000
1496408959254993747	1400 44 1.200000 0.104000 0.132000 1400 37 1.000000 0.777000 0.822000 600 40 0.900000 0.070000 0.069000 1.200000 0.058000 0.070000
1496408959764265132	1400 45 1.200000 0.101000 0.128000 1400 38 1.000000 1.535000 1.630000 600 41 0.900000 0.070000 0.069000 1.200000 0.054000 0.065000
1496408960273510767	1400 45 1.200000 0.097000 0.123000 1400 38 1.000000 1.363000 1.446000 600 41 0.900000 0.070000 0.069000 1.200000 0.049000 0.059000
1496408960782753027	1400 45 1.200000 0.096000 0.122000 1400 38 1.000000 1.499000 1.591000 600 41 0.900000 0.070000 0.069000 1.200000 0.052000 0.063000
1496408961292027537	1400 44 1.200000 0.097000 0.123000 1400 38 1.000000 1.508000 1.601000 600 41 0.900000 0.071000 0.070000 1.200000 0.052000 0.063000
1496408961801707963	1400 44 1.200000 0.103000 0.131000 1400 38 1.000000 1.327000 1.407000 600 42 0.900000 0.071000 0.070000 1.200000 0.116000 0.141000
1496408962311232514	1400 44 1.200000 0.102000 0.129000 1400 39 1.000000 1.318000 1.398000 600 42 0.900000 0.071000 0.070000 1.200000 0.156000 0.190000
1496408962820719774	1400 45 1.200000 0.109000 0.138000 1400 39 1.000000 1.320000 1.400000 600 42 0.900000 0.071000 0.070000 1.200000 0.159000 0.194000
1496408963330396908	1400 45 1.200000 0.106000 0.134000 1400 39 1.000000 1.298000 1.377000 600 42 0.900000 0.071000 0.070000 1.200000 0.157000 0.191000
1496408963839825960	1400 45 1.200000 0.107000 0.136000 1400 39 1.000000 1.338000 1.420000 600 42 0.900000 0.072000 0.071000 1.200000 0.158000 0.193000
1496408964349467344	1400 45 1.200000 0.109000 0.138000 1400 39 1.000000 1.323000 1.403000 600 42 0.900000 0.072000 0.071000 1.200000 0.158000 0.193000
1496408964859161604	1400 45 1.200000 0.113000 0.143000 1400 39 1.000000 1.323000 1.403000 600 42 0.900000 0.072000 0.071000 1.200000 0.159000 0.194000
1496408965368723030	1400 45 1.200000 0.111000 0.141000 1400 39 1.000000 1.326000 1.406000 600 42 0.900000 0.072000 0.071000 1.200000 0.158000 0.193000
1496408965878274540	1400 45 1.200000 0.107000 0.136000 1400 39 1.000000 1.322000 1.402000 600 42 0.900000 0.072000 0.071000 1.200000 0.158000 0.193000
1496408966387674258	1400 45 1.200000 0.106000 0.134000 1400 40 1.000000 1.311000 1.392000 600 42 0.900000 0.072000 0.071000 1.200000 0.158000 0.193000
1496408966897170684	1400 45 1.200000 0.109000 0.138000 1400 40 1.000000 1.316000 1.396000 600 42 0.900000 0.072000 0.071000 1.200000 0.156000 0.190000
1496408967406581402	1400 47 1.200000 0.109000 0.138000 1400 40 1.000000 1.319000 1.399000 600 43 0.900000 0.072000 0.071000 1.200000 0.159000 0.194000
1496408967915791287	1400 47 1.200000 0.106000 0.134000 1400 40 1.000000 1.503000 1.596000 600 42 0.900000 0.072000 0.071000 1.200000 0.053000 0.064000
1496408968425133839	1400 44 1.200000 0.105000 0.133000 1400 39 1.000000 1.511000 1.604000 600 42 0.900000 0.072000 0.071000 1.200000 0.053000 0.064000
1496408968934668557	1400 41 1.200000 0.103000 0.131000 1400 39 1.000000 1.204000 1.276000 600 42 0.900000 0.072000 0.071000 1.200000 0.057000 0.069000
1496408969444324983	1400 41 1.200000 0.104000 0.132000 1400 38 1.000000 0.751000 0.794000 600 41 0.900000 0.072000 0.071000 1.200000 0.075000 0.091000
1496408969954404700	1400 42 1.200000 0.111000 0.141000 1400 38 1.000000 0.634000 0.673000 600 41 0.900000 0.071000 0.070000 1.200000 0.028000 0.034000
1496408970464534501	1400 41 1.200000 0.101000 0.128000 1400 38 1.000000 0.824000 0.871000 600 40 0.900000 0.071000 0.070000 1.200000 0.017000 0.020000
1496408970974490468	1400 41 1.200000 0.100000 0.127000 1400 37 1.000000 0.829000 0.877000 600 40 0.900000 0.070000 0.069000 1.200000 0.017000 0.020000
1496408971483715478	1400 39 1.200000 0.100000 0.127000 1400 37 1.000000 0.838000 0.886000 600 40 0.900000 0.070000 0.069000 1.200000 0.025000 0.030000
1496408971992843447	1400 39 1.200000 0.094000 0.119000 1400 36 1.000000 0.659000 0.696000 600 40 0.900000 0.070000 0.069000 1.200000 0.013000 0.015000
1496408972502060832	1400 38 1.200000 0.096000 0.122000 1400 36 1.000000 0.658000 0.696000 600 39 0.900000 0.070000 0.069000 1.200000 0.014000 0.016000
1496408973011302342	1400 38 1.200000 0.099000 0.126000 1400 36 1.000000 0.657000 0.695000 600 39 0.900000 0.070000 0.069000 1.200000 0.014000 0.017000
1496408973520425269	1400 38 1.200000 0.093000 0.118000 1400 36 1.000000 0.655000 0.692000 600 39 0.900000 0.070000 0.069000 1.200000 0.014000 0.016000
1496408974029607862	1400 38 1.200000 0.101000 0.128000 1400 36 1.000000 0.656000 0.693000 600 39 0.900000 0.069000 0.068000 1.200000 0.013000 0.015000
1496408974538829789	1400 38 1.200000 0.099000 0.126000 1400 36 1.000000 0.655000 0.692000 600 39 0.900000 0.069000 0.068000 1.200000 0.013000 0.015000
1496408975047994424	1400 38 1.200000 0.096000 0.122000 1400 36 1.000000 0.655000 0.692000 600 39 0.900000 0.069000 0.068000 1.200000 0.015000 0.018000
1496408975557182267	1400 38 1.200000 0.093000 0.118000 1400 35 1.000000 0.656000 0.694000 600 39 0.900000 0.069000 0.068000 1.200000 0.015000 0.018000
1496408976066410569	1400 38 1.200000 0.096000 0.122000 1400 35 1.000000 0.656000 0.694000 600 38 0.900000 0.069000 0.068000 1.200000 0.015000 0.018000
1496408976575532496	1400 38 1.200000 0.099000 0.126000 1400 35 1.000000 0.655000 0.692000 600 38 0.900000 0.069000 0.068000 1.200000 0.014000 0.017000
1496408977084738381	1400 37 1.200000 0.101000 0.128000 1400 35 1.000000 0.657000 0.695000 600 38 0.900000 0.069000 0.068000 1.200000 0.013000 0.015000
1496408977593984099	1400 37 1.200000 0.098000 0.124000 1400 35 1.000000 0.654000 0.691000 600 38 0.900000 0.069000 0.068000 1.200000 0.014000 0.017000
1496408978103182860	1400 37 1.200000 0.094000 0.119000 1400 35 1.000000 0.656000 0.694000 600 38 0.900000 0.069000 0.068000 1.200000 0.015000 0.018000
1496408978612365953	1400 37 1.200000 0.093000 0.118000 1400 35 1.000000 0.655000 0.692000 600 38 0.900000 0.069000 0.068000 1.200000 0.013000 0.015000
1496408979121621213	1400 37 1.200000 0.093000 0.118000 1400 35 1.000000 0.656000 0.694000 600 38 0.900000 0.069000 0.068000 1.200000 0.013000 0.015000
1496408979630942640	1400 37 1.200000 0.097000 0.123000 1400 35 1.000000 0.655000 0.692000 600 38 0.900000 0.069000 0.068000 1.200000 0.015000 0.018000
1496408980140161066	1400 42 1.200000 0.099000 0.126000 1400 35 1.000000 0.655000 0.692000 600 38 0.900000 0.069000 0.068000 1.200000 0.014000 0.017000
1496408980649773118	1400 41 1.200000 0.102000 0.129000 1400 36 1.000000 1.531000 1.625000 600 40 0.900000 0.069000 0.068000 1.200000 0.043000 0.052000
1496408981159023544	1400 42 1.200000 0.099000 0.126000 1400 37 1.000000 1.150000 1.220000 600 40 0.900000 0.069000 0.068000 1.200000 0.056000 0.068000
1496408981668168304	1400 45 1.200000 0.098000 0.124000 1400 37 1.000000 1.406000 1.493000 600 40 0.900000 0.069000 0.068000 1.200000 0.047000 0.057000
1496408982177264523	1400 45 1.200000 0.098000 0.124000 1400 38 1.000000 1.603000 1.702000 600 41 0.900000 0.070000 0.069000 1.200000 0.012000 0.014000
1496408982686452658	1400 46 1.200000 0.095000 0.120000 1400 38 1.000000 1.608000 1.707000 600 41 0.900000 0.070000 0.069000 1.200000 0.005000 0.006000
1496408983195561960	1400 46 1.200000 0.096000 0.122000 1400 38 1.000000 1.610000 1.709000 600 41 0.900000 0.070000 0.069000 1.200000 0.007000 0.008000
1496408983704822178	1400 46 1.200000 0.096000 0.122000 1400 38 1.000000 1.625000 1.725000 600 42 0.900000 0.070000 0.069000 1.200000 0.003000 0.003000
1496408984213924313	1400 46 1.200000 0.097000 0.123000 1400 38 1.000000 1.622000 1.722000 600 42 0.900000 0.071000 0.070000 1.200000 0.003000 0.003000
1496408984723078865	1400 46 1.200000 0.096000 0.122000 1400 38 1.000000 1.620000 1.720000 600 42 0.900000 0.071000 0.070000 1.200000 0.003000 0.003000
1496408985232428917	1400 46 1.200000 0.099000 0.125000 1400 39 1.000000 1.619000 1.719000 600 42 0.900000 0.071000 0.070000 1.200000 0.003000 0.003000
1496408985741718760	1400 47 1.200000 0.101000 0.128000 1400 39 1.000000 1.622000 1.722000 600 42 0.900000 0.071000 0.070000 1.200000 0.005000 0.006000
1496408986251009853	1400 47 1.200000 0.104000 0.132000 1400 39 1.000000 1.621000 1.721000 600 42 0.900000 0.071000 0.070000 1.200000 0.006000 0.007000
1496408986760223905	1400 47 1.200000 0.103000 0.131000 1400 39 1.000000 1.623000 1.723000 600 42 0.900000 0.071000 0.070000 1.200000 0.003000 0.003000
1496408987269388957	1400 47 1.200000 0.105000 0.133000 1400 39 1.000000 1.613000 1.713000 600 42 0.900000 0.072000 0.071000 1.200000 0.005000 0.006000
1496408987778468009	1400 47 1.200000 0.102000 0.129000 1400 39 1.000000 1.619000 1.719000 600 42 0.900000 0.071000 0.070000 1.200000 0.004000 0.004000
1496408988287591602	1400 47 1.200000 0.099000 0.125000 1400 39 1.000000 1.613000 1.713000 600 42 0.900000 0.072000 0.071000 1.200000 0.006000 0.007000
1496408988796838404	1400 47 1.200000 0.099000 0.125000 1400 39 1.000000 1.599000 1.698000 600 42 0.900000 0.072000 0.071000 1.200000 0.004000 0.004000
1496408989306073789	1400 47 1.200000 0.102000 0.129000 1400 39 1.000000 1.607000 1.706000 600 42 0.900000 0.072000 0.071000 1.200000 0.009000 0.010000
1496408989815286174	1400 46 1.200000 0.107000 0.136000 1400 39 1.000000 1.388000 1.472000 600 42 0.900000 0.071000 0.070000 1.200000 0.054000 0.065000
1496408990324515643	1400 46 1.200000 0.106000 0.134000 1400 39 1.000000 1.478000 1.569000 600 42 0.900000 0.072000 0.071000 1.200000 0.039000 0.047000
1496408990833849778	1400 46 1.200000 0.104000 0.132000 1400 39 1.000000 1.421000 1.509000 600 42 0.900000 0.072000 0.071000 1.200000 0.057000 0.069000
1496408991343916786	1400 42 1.200000 0.117000 0.148000 1400 38 1.000000 1.219000 1.294000 600 41 0.900000 0.072000 0.071000 1.200000 0.052000 0.063000
1496408991854165212	1400 42 1.200000 0.101000 0.128000 1400 38 1.000000 0.816000 0.863000 600 41 0.900000 0.071000 0.070000 1.200000 0.017000 0.020000
1496408992364189429	1400 41 1.200000 0.099000 0.126000 1400 37 1.000000 0.811000 0.858000 600 40 0.900000 0.071000 0.070000 1.200000 0.016000 0.019000
1496408992874177813	1400 41 1.200000 0.099000 0.126000 1400 37 1.000000 0.818000 0.865000 600 40 0.900000 0.070000 0.069000 1.200000 0.016000 0.019000
1496408993383889322	1400 44 1.200000 0.102000 0.129000 1400 38 1.000000 1.268000 1.345000 600 41 0.900000 0.070000 0.069000 1.200000 0.116000 0.141000
1496408993893600707	1400 45 1.200000 0.107000 0.136000 1400 39 1.000000 1.545000 1.640000 600 41 0.900000 0.070000 0.069000 1.200000 0.198000 0.241000
1496408994403004800	1400 46 1.200000 0.109000 0.138000 1400 39 1.000000 1.544000 1.639000 600 42 0.900000 0.071000 0.070000 1.200000 0.198000 0.241000
1496408994912440476	1400 46 1.200000 0.113000 0.143000 1400 39 1.000000 1.546000 1.641000 600 42 0.900000 0.071000 0.070000 1.200000 0.198000 0.241000
1496408995421818945	1400 46 1.200000 0.115000 0.146000 1400 40 1.000000 1.547000 1.642000 600 43 0.900000 0.072000 0.071000 1.200000 0.199000 0.243000
1496408995931322204	1400 47 1.200000 0.108000 0.137000 1400 40 1.000000 1.548000 1.643000 600 43 0.900000 0.072000 0.071000 1.200000 0.198000 0.241000
1496408996440650423	1400 47 1.200000 0.114000 0.145000 1400 40 1.000000 1.548000 1.643000 600 43 0.900000 0.072000 0.071000 1.200000 0.198000 0.241000
1496408996950164682	1400 47 1.200000 0.113000 0.143000 1400 40 1.000000 1.549000 1.645000 600 43 0.900000 0.072000 0.071000 1.200000 0.198000 0.241000
1496408997459487192	1400 47 1.200000 0.111000 0.141000 1400 40 1.000000 1.550000 1.646000 600 43 0.900000 0.072000 0.071000 1.200000 0.197000 0.240000
1496408997968816035	1400 47 1.200000 0.112000 0.142000 1400 40 1.000000 1.548000 1.643000 600 44 0.900000 0.073000 0.072000 1.200000 0.197000 0.240000
1496408998478142045	1400 47 1.200000 0.115000 0.146000 1400 40 1.000000 1.548000 1.643000 600 44 0.900000 0.072000 0.071000 1.200000 0.197000 0.240000
1496408998987425972	1400 47 1.200000 0.118000 0.150000 1400 41 1.000000 1.545000 1.640000 600 44 0.900000 0.072000 0.071000 1.200000 0.197000 0.240000
1496408999496825898	1400 48 1.200000 0.115000 0.146000 1400 41 1.000000 1.545000 1.640000 600 44 0.900000 0.072000 0.071000 1.200000 0.198000 0.241000
1496409000006428075	1400 48 1.200000 0.110000 0.140000 1400 41 1.000000 1.540000 1.635000 600 44 0.900000 0.073000 0.072000 1.200000 0.198000 0.241000
1496409000515788543	1400 48 1.200000 0.110000 0.140000 1400 41 1.000000 1.541000 1.636000 600 44 0.900000 0.073000 0.072000 1.200000 0.198000 0.241000
1496409001025341219	1400 48 1.200000 0.111000 0.141000 1400 41 1.000000 1.542000 1.637000 600 44 0.900000 0.073000 0.072000 1.200000 0.198000 0.241000
1496409001535027770	1400 48 1.200000 0.116000 0.147000 1400 41 1.000000 1.541000 1.636000 600 44 0.900000 0.073000 0.072000 1.200000 0.198000 0.241000
1496409002044348447	1400 48 1.200000 0.118000 0.150000 1400 41 1.000000 1.541000 1.636000 600 44 0.900000 0.073000 0.072000 1.200000 0.197000 0.240000
1496409002553715998	1400 48 1.200000 0.116000 0.147000 1400 41 1.000000 1.542000 1.639000 600 44 0.900000 0.073000 0.072000 1.200000 0.198000 0.241000
1496409003063082967	1400 48 1.200000 0.112000 0.142000 1400 41 1.000000 1.542000 1.637000 600 44 0.900000 0.073000 0.072000 1.200000 0.198000 0.241000
1496409003573210975	1400 44 1.200000 0.170000 0.214000 1400 40 1.000000 0.732000 0.780000 600 43 0.900000 0.073000 0.072000 1.200000 0.108000 0.131000
1496409004083344317	1400 43 1.200000 0.107000 0.136000 1400 39 1.000000 0.821000 0.870000 600 42 0.900000 0.072000 0.071000 1.200000 0.019000 0.023000
1496409004593398701	1400 42 1.200000 0.102000 0.129000 1400 39 1.000000 0.829000 0.877000 600 41 0.900000 0.072000 0.071000 1.200000 0.016000 0.019000
1496409005103931126	1400 43 1.200000 0.101000 0.128000 1400 38 1.000000 0.826000 0.873000 600 41 0.900000 0.072000 0.071000 1.200000 0.017000 0.020000
1496409005613862260	1400 43 1.200000 0.097000 0.123000 1400 38 1.000000 0.887000 0.940000 600 41 0.900000 0.071000 0.070000 1.200000 0.058000 0.070000
1496409006123048354	1400 46 1.200000 0.097000 0.123000 1400 39 1.000000 1.544000 1.639000 600 42 0.900000 0.071000 0.070000 1.200000 0.030000 0.036000
1496409006632230989	1400 46 1.200000 0.099000 0.126000 1400 39 1.000000 1.550000 1.646000 600 42 0.900000 0.071000 0.070000 1.200000 0.024000 0.029000
1496409007141578124	1400 46 1.200000 0.096000 0.122000 1400 39 1.000000 1.555000 1.651000 600 42 0.900000 0.072000 0.071000 1.200000 0.023000 0.027000
1496409007650712051	1400 46 1.200000 0.106000 0.134000 1400 39 1.000000 1.556000 1.652000 600 42 0.900000 0.072000 0.071000 1.200000 0.024000 0.029000
1496409008159983602	1400 46 1.200000 0.104000 0.132000 1400 39 1.000000 1.555000 1.651000 600 42 0.900000 0.072000 0.071000 1.200000 0.024000 0.029000
1496409008669226862	1400 46 1.200000 0.101000 0.128000 1400 39 1.000000 1.555000 1.651000 600 43 0.900000 0.072000 0.071000 1.200000 0.024000 0.029000
1496409009178468039	1400 46 1.200000 0.098000 0.124000 1400 39 1.000000 1.555000 1.651000 600 43 0.900000 0.072000 0.071000 1.200000 0.024000 0.029000
1496409009687914424	1400 46 1.200000 0.102000 0.129000 1400 39 1.000000 1.554000 1.650000 600 43 0.900000 0.072000 0.071000 1.200000 0.025000 0.030000
1496409010197361809	1400 47 1.200000 0.103000 0.131000 1400 40 1.000000 1.545000 1.640000 600 43 0.900000 0.072000 0.071000 1.200000 0.029000 0.035000
1496409010706762735	1400 42 1.200000 0.106000 0.134000 1400 39 1.000000 1.544000 1.639000 600 43 0.900000 0.072000 0.071000 1.200000 0.030000 0.036000
1496409011216127245	1400 46 1.200000 0.105000 0.133000 1400 39 1.000000 1.109000 1.176000 600 42 0.900000 0.072000 0.071000 1.200000 0.063000 0.076000
1496409011725355838	1400 46 1.200000 0.102000 0.129000 1400 39 1.000000 1.549000 1.645000 600 43 0.900000 0.072000 0.071000 1.200000 0.026000 0.031000
1496409012234624098	1400 46 1.200000 0.100000 0.127000 1400 40 1.000000 1.556000 1.652000 600 43 0.900000 0.072000 0.071000 1.200000 0.024000 0.029000
1496409012743866525	1400 47 1.200000 0.101000 0.128000 1400 39 1.000000 1.556000 1.652000 600 43 0.900000 0.072000 0.071000 1.200000 0.024000 0.029000
1496409013253126743	1400 47 1.200000 0.104000 0.132000 1400 40 1.000000 1.556000 1.652000 600 43 0.900000 0.072000 0.071000 1.200000 0.025000 0.030000
1496409013762522045	1400 47 1.200000 0.099000 0.126000 1400 39 1.000000 1.557000 1.653000 600 43 0.900000 0.072000 0.071000 1.200000 0.023000 0.027000
1496409014271827471	1400 47 1.200000 0.098000 0.124000 1400 39 1.000000 1.555000 1.651000 600 43 0.900000 0.072000 0.071000 1.200000 0.023000 0.027000
1496409014781123106	1400 47 1.200000 0.097000 0.123000 1400 40 1.000000 1.547000 1.642000 600 43 0.900000 0.072000 0.071000 1.200000 0.025000 0.030000
1496409015290424658	1400 47 1.200000 0.099000 0.126000 1400 40 1.000000 1.548000 1.643000 600 43 0.900000 0.072000 0.071000 1.200000 0.026000 0.031000
1496409015799710710	1400 43 1.200000 0.099000 0.126000 1400 39 1.000000 1.473000 1.564000 600 43 0.900000 0.072000 0.071000 1.200000 0.027000 0.032000
1496409016309210761	1400 46 1.200000 0.102000 0.129000 1400 39 1.000000 1.049000 1.111000 600 42 0.900000 0.072000 0.071000 1.200000 0.049000 0.059000
1496409016818486521	1400 46 1.200000 0.106000 0.134000 1400 39 1.000000 1.422000 1.508000 600 43 0.900000 0.072000 0.071000 1.200000 0.026000 0.031000
1496409017327704948	1400 46 1.200000 0.106000 0.134000 1400 39 1.000000 1.553000 1.649000 600 43 0.900000 0.072000 0.071000 1.200000 0.024000 0.029000
1496409017836902666	1400 47 1.200000 0.099000 0.126000 1400 39 1.000000 1.554000 1.650000 600 43 0.900000 0.072000 0.071000 1.200000 0.024000 0.029000
1496409018346123426	1400 47 1.200000 0.097000 0.123000 1400 39 1.000000 1.557000 1.653000 600 43 0.900000 0.072000 0.071000 1.200000 0.023000 0.027000
1496409018855312186	1400 47 1.200000 0.100000 0.127000 1400 39 1.000000 1.553000 1.649000 600 43 0.900000 0.072000 0.071000 1.200000 0.024000 0.029000
1496409019364479488	1400 47 1.200000 0.104000 0.132000 1400 39 1.000000 1.556000 1.652000 600 43 0.900000 0.072000 0.071000 1.200000 0.024000 0.029000
1496409019873756415	1400 47 1.200000 0.104000 0.132000 1400 40 1.000000 1.555000 1.651000 600 43 0.900000 0.072000 0.071000 1.200000 0.023000 0.027000
1496409020382960550	1400 47 1.200000 0.105000 0.133000 1400 40 1.000000 1.547000 1.642000 600 43 0.900000 0.072000 0.071000 1.200000 0.027000 0.032000
1496409020892283893	1400 47 1.200000 0.104000 0.132000 1400 40 1.000000 1.545000 1.640000 600 43 0.900000 0.072000 0.071000 1.200000 0.027000 0.032000
1496409021401512403	1400 45 1.200000 0.102000 0.129000 1400 39 1.000000 1.039000 1.101000 600 42 0.900000 0.072000 0.071000 1.200000 0.036000 0.043000
1496409021910739455	1400 47 1.200000 0.099000 0.125000 1400 39 1.000000 1.549000 1.645000 600 43 0.900000 0.072000 0.071000 1.200000 0.028000 0.034000
1496409022419962090	1400 47 1.200000 0.097000 0.123000 1400 39 1.000000 1.556000 1.652000 600 43 0.900000 0.072000 0.071000 1.200000 0.023000 0.027000
1496409022929215850	1400 47 1.200000 0.099000 0.126000 1400 40 1.000000 1.555000 1.651000 600 43 0.900000 0.072000 0.071000 1.200000 0.024000 0.029000
1496409023438377235	1400 47 1.200000 0.105000 0.133000 1400 39 1.000000 1.556000 1.652000 600 43 0.900000 0.072000 0.071000 1.200000 0.024000 0.029000
1496409023947656953	1400 47 1.200000 0.104000 0.132000 1400 40 1.000000 1.556000 1.652000 600 43 0.900000 0.072000 0.071000 1.200000 0.024000 0.029000
1496409024456855505	1400 47 1.200000 0.103000 0.131000 1400 40 1.000000 1.556000 1.652000 600 43 0.900000 0.072000 0.071000 1.200000 0.025000 0.030000
1496409024966249765	1400 47 1.200000 0.101000 0.128000 1400 40 1.000000 1.556000 1.652000 600 43 0.900000 0.072000 0.071000 1.200000 0.025000 0.030000
1496409025475411984	1400 47 1.200000 0.100000 0.127000 1400 40 1.000000 1.549000 1.645000 600 43 0.900000 0.072000 0.071000 1.200000 0.028000 0.034000
1496409025984623119	1400 47 1.200000 0.102000 0.129000 1400 40 1.000000 1.548000 1.643000 600 43 0.900000 0.072000 0.071000 1.200000 0.027000 0.032000
1496409026494314878	1400 42 1.200000 0.106000 0.135000 1400 39 1.000000 1.544000 1.639000 600 42 0.900000 0.072000 0.071000 1.200000 0.035000 0.042000
1496409027004434429	1400 42 1.200000 0.141000 0.179000 1400 38 1.000000 0.509000 0.542000 600 41 0.900000 0.072000 0.071000 1.200000 0.029000 0.035000
1496409027514545187	1400 42 1.200000 0.101000 0.128000 1400 38 1.000000 0.820000 0.867000 600 41 0.900000 0.071000 0.070000 1.200000 0.017000 0.020000
1496409028024765529	1400 42 1.200000 0.101000 0.128000 1400 38 1.000000 0.815000 0.862000 600 41 0.900000 0.071000 0.070000 1.200000 0.016000 0.019000
1496409028534049414	1400 40 1.200000 0.101000 0.128000 1400 37 1.000000 0.822000 0.869000 600 40 0.900000 0.070000 0.069000 1.200000 0.027000 0.032000
1496409029043832632	1400 39 1.200000 0.095000 0.121000 1400 37 1.000000 0.752000 0.795000 600 40 0.900000 0.070000 0.069000 1.200000 0.024000 0.029000
1496409029553659100	1400 40 1.200000 0.099000 0.126000 1400 37 1.000000 1.219000 1.293000 600 41 0.900000 0.070000 0.069000 1.200000 0.080000 0.097000
1496409030063059151	1400 43 1.200000 0.103000 0.131000 1400 37 1.000000 0.791000 0.836000 600 40 0.900000 0.070000 0.069000 1.200000 0.063000 0.076000
1496409030572261744	1400 45 1.200000 0.100000 0.127000 1400 38 1.000000 1.363000 1.447000 600 40 0.900000 0.071000 0.070000 1.200000 0.046000 0.055000
1496409031081627296	1400 45 1.200000 0.095000 0.120000 1400 38 1.000000 1.375000 1.458000 600 41 0.900000 0.071000 0.070000 1.200000 0.032000 0.038000
1496409031590717515	1400 45 1.200000 0.100000 0.127000 1400 38 1.000000 1.407000 1.494000 600 41 0.900000 0.070000 0.069000 1.200000 0.031000 0.037000
1496409032100032399	1400 46 1.200000 0.104000 0.132000 1400 39 1.000000 1.401000 1.487000 600 41 0.900000 0.071000 0.070000 1.200000 0.031000 0.037000
1496409032609316868	1400 45 1.200000 0.105000 0.133000 1400 38 1.000000 1.596000 1.694000 600 41 0.900000 0.071000 0.070000 1.200000 0.025000 0.030000
1496409033118466170	1400 45 1.200000 0.105000 0.133000 1400 39 1.000000 1.336000 1.417000 600 41 0.900000 0.071000 0.070000 1.200000 0.109000 0.132000
1496409033627626555	1400 46 1.200000 0.100000 0.127000 1400 39 1.000000 1.400000 1.485000 600 41 0.900000 0.071000 0.070000 1.200000 0.031000 0.037000
1496409034136847815	1400 45 1.200000 0.099000 0.126000 1400 39 1.000000 1.434000 1.522000 600 42 0.900000 0.071000 0.070000 1.200000 0.031000 0.037000
1496409034646131908	1400 46 1.200000 0.101000 0.128000 1400 39 1.000000 1.409000 1.496000 600 42 0.900000 0.071000 0.070000 1.200000 0.031000 0.037000
1496409035155428835	1400 44 1.200000 0.103000 0.131000 1400 39 1.000000 1.514000 1.607000 600 42 0.900000 0.072000 0.071000 1.200000 0.023000 0.027000
1496409035664632720	1400 45 1.200000 0.101000 0.128000 1400 39 1.000000 1.365000 1.448000 600 42 0.900000 0.072000 0.071000 1.200000 0.073000 0.088000
1496409036173753272	1400 46 1.200000 0.098000 0.124000 1400 39 1.000000 1.407000 1.492000 600 42 0.900000 0.072000 0.071000 1.200000 0.030000 0.036000
1496409036682983657	1400 46 1.200000 0.098000 0.124000 1400 39 1.000000 1.400000 1.486000 600 42 0.900000 0.071000 0.070000 1.200000 0.030000 0.036000
1496409037192162000	1400 46 1.200000 0.097000 0.123000 1400 39 1.000000 1.394000 1.480000 600 42 0.900000 0.071000 0.070000 1.200000 0.030000 0.036000
1496409037701631593	1400 45 1.200000 0.097000 0.123000 1400 39 1.000000 1.560000 1.656000 600 42 0.900000 0.072000 0.071000 1.200000 0.034000 0.041000
1496409038210974853	1400 46 1.200000 0.106000 0.134000 1400 39 1.000000 1.401000 1.486000 600 42 0.900000 0.072000 0.071000 1.200000 0.117000 0.142000
1496409038720183697	1400 46 1.200000 0.105000 0.133000 1400 39 1.000000 1.363000 1.446000 600 42 0.900000 0.072000 0.071000 1.200000 0.032000 0.038000
1496409039229355290	1400 46 1.200000 0.105000 0.133000 1400 39 1.000000 1.406000 1.493000 600 42 0.900000 0.071000 0.070000 1.200000 0.031000 0.037000
1496409039738462175	1400 46 1.200000 0.104000 0.132000 1400 39 1.000000 1.415000 1.502000 600 42 0.900000 0.072000 0.071000 1.200000 0.029000 0.035000
1496409040247756477	1400 46 1.200000 0.097000 0.123000 1400 39 1.000000 1.439000 1.528000 600 42 0.900000 0.072000 0.071000 1.200000 0.024000 0.029000
1496409040756982737	1400 46 1.200000 0.101000 0.128000 1400 39 1.000000 1.240000 1.315000 600 42 0.900000 0.072000 0.071000 1.200000 0.059000 0.071000
1496409041266384455	1400 46 1.200000 0.103000 0.131000 1400 39 1.000000 1.366000 1.449000 600 42 0.900000 0.071000 0.070000 1.200000 0.033000 0.040000
1496409041775582132	1400 46 1.200000 0.104000 0.132000 1400 39 1.000000 1.402000 1.488000 600 42 0.900000 0.072000 0.071000 1.200000 0.031000 0.037000
1496409042284749975	1400 46 1.200000 0.106000 0.135000 1400 39 1.000000 1.410000 1.497000 600 42 0.900000 0.072000 0.071000 1.200000 0.031000 0.037000
1496409042793911902	1400 47 1.200000 0.103000 0.131000 1400 39 1.000000 1.500000 1.593000 600 42 0.900000 0.072000 0.071000 1.200000 0.031000 0.037000
1496409043303865120	1400 41 1.200000 0.103000 0.131000 1400 38 1.000000 0.963000 1.020000 600 41 0.900000 0.072000 0.071000 1.200000 0.092000 0.112000
1496409043814183211	1400 42 1.200000 0.119000 0.151000 1400 38 1.000000 0.814000 0.861000 600 41 0.900000 0.071000 0.070000 1.200000 0.024000 0.029000
1496409044324340970	1400 41 1.200000 0.104000 0.132000 1400 38 1.000000 0.824000 0.871000 600 40 0.900000 0.071000 0.070000 1.200000 0.017000 0.020000
1496409044834478812	1400 41 1.200000 0.099000 0.126000 1400 37 1.000000 0.814000 0.861000 600 40 0.900000 0.070000 0.069000 1.200000 0.017000 0.020000
1496409045344716904	1400 40 1.200000 0.099000 0.126000 1400 37 1.000000 0.818000 0.865000 600 40 0.900000 0.070000 0.069000 1.200000 0.036000 0.043000
1496409045855232621	1400 39 1.200000 0.102000 0.129000 1400 37 1.000000 0.809000 0.855000 600 40 0.900000 0.070000 0.069000 1.200000 0.060000 0.073000
1496409046365276047	1400 39 1.200000 0.100000 0.127000 1400 37 1.000000 0.786000 0.831000 600 40 0.900000 0.070000 0.069000 1.200000 0.048000 0.058000
1496409046875755347	1400 39 1.200000 0.103000 0.131000 1400 36 1.000000 0.789000 0.834000 600 40 0.900000 0.070000 0.069000 1.200000 0.050000 0.060000
1496409047384969148	1400 44 1.200000 0.109000 0.138000 1400 37 1.000000 0.730000 0.772000 600 40 0.900000 0.070000 0.069000 1.200000 0.154000 0.189000
1496409047893952867	1400 46 1.200000 0.099000 0.126000 1400 38 1.000000 1.428000 1.516000 600 41 0.900000 0.070000 0.069000 1.200000 0.007000 0.008000
1496409048402916961	1400 46 1.200000 0.099000 0.126000 1400 38 1.000000 1.648000 1.750000 600 41 0.900000 0.070000 0.069000 1.200000 0.007000 0.008000
1496409048912030763	1400 46 1.200000 0.098000 0.124000 1400 39 1.000000 1.644000 1.745000 600 41 0.900000 0.071000 0.070000 1.200000 0.005000 0.006000
1496409049421117440	1400 47 1.200000 0.097000 0.123000 1400 39 1.000000 1.610000 1.709000 600 42 0.900000 0.071000 0.070000 1.200000 0.006000 0.007000
1496409049930146283	1400 47 1.200000 0.097000 0.123000 1400 39 1.000000 1.624000 1.724000 600 42 0.900000 0.071000 0.070000 1.200000 0.007000 0.008000
1496409050439110044	1400 47 1.200000 0.097000 0.123000 1400 39 1.000000 1.630000 1.731000 600 42 0.900000 0.072000 0.071000 1.200000 0.008000 0.009000
1496409050948047304	1400 47 1.200000 0.098000 0.124000 1400 39 1.000000 1.616000 1.716000 600 42 0.900000 0.071000 0.070000 1.200000 0.007000 0.008000
1496409051457221023	1400 47 1.200000 0.098000 0.124000 1400 39 1.000000 1.627000 1.727000 600 42 0.900000 0.071000 0.070000 1.200000 0.008000 0.009000
1496409051966346449	1400 47 1.200000 0.097000 0.123000 1400 39 1.000000 1.622000 1.722000 600 42 0.900000 0.072000 0.071000 1.200000 0.009000 0.010000
1496409052475297376	1400 47 1.200000 0.100000 0.127000 1400 39 1.000000 1.612000 1.711000 600 42 0.900000 0.072000 0.071000 1.200000 0.010000 0.012000
1496409052984380178	1400 47 1.200000 0.099000 0.126000 1400 39 1.000000 1.611000 1.710000 600 42 0.900000 0.072000 0.071000 1.200000 0.011000 0.013000
1496409053493285856	1400 47 1.200000 0.101000 0.128000 1400 39 1.000000 1.597000 1.696000 600 42 0.900000 0.072000 0.071000 1.200000 0.013000 0.015000
1496409054002344574	1400 47 1.200000 0.105000 0.133000 1400 39 1.000000 1.612000 1.711000 600 42 0.900000 0.072000 0.071000 1.200000 0.010000 0.012000
1496409054511412001	1400 47 1.200000 0.106000 0.134000 1400 39 1.000000 1.608000 1.707000 600 42 0.900000 0.072000 0.071000 1.200000 0.011000 0.013000
1496409055020362845	1400 47 1.200000 0.103000 0.131000 1400 40 1.000000 1.600000 1.699000 600 43 0.900000 0.072000 0.071000 1.200000 0.009000 0.010000
1496409055529404522	1400 48 1.200000 0.100000 0.127000 1400 40 1.000000 1.627000 1.727000 600 43 0.900000 0.072000 0.071000 1.200000 0.009000 0.010000
1496409056038438116	1400 47 1.200000 0.099000 0.125000 1400 40 1.000000 1.608000 1.707000 600 42 0.900000 0.072000 0.071000 1.200000 0.009000 0.010000
1496409056547488834	1400 47 1.200000 0.102000 0.129000 1400 39 1.000000 1.602000 1.701000 600 43 0.900000 0.072000 0.071000 1.200000 0.012000 0.014000
1496409057056547761	1400 47 1.200000 0.103000 0.131000 1400 40 1.000000 1.596000 1.694000 600 43 0.900000 0.072000 0.071000 1.200000 0.012000 0.014000
1496409057565535563	1400 47 1.200000 0.105000 0.133000 1400 40 1.000000 1.603000 1.702000 600 43 0.900000 0.072000 0.071000 1.200000 0.010000 0.012000
1496409058074553615	1400 47 1.200000 0.099000 0.126000 1400 40 1.000000 1.600000 1.699000 600 43 0.900000 0.072000 0.071000 1.200000 0.011000 0.013000
1496409058583511834	1400 47 1.200000 0.100000 0.127000 1400 40 1.000000 1.612000 1.711000 600 43 0.900000 0.072000 0.071000 1.200000 0.010000 0.012000
1496409059092553469	1400 47 1.200000 0.098000 0.124000 1400 40 1.000000 1.604000 1.703000 600 43 0.900000 0.072000 0.071000 1.200000 0.011000 0.013000
1496409059601579396	1400 47 1.200000 0.097000 0.123000 1400 40 1.000000 1.605000 1.704000 600 43 0.900000 0.072000 0.071000 1.200000 0.010000 0.012000
1496409060110598740	1400 48 1.200000 0.101000 0.128000 1400 40 1.000000 1.588000 1.686000 600 43 0.900000 0.072000 0.071000 1.200000 0.012000 0.014000
1496409060619820875	1400 47 1.200000 0.103000 0.131000 1400 40 1.000000 1.613000 1.713000 600 43 0.900000 0.072000 0.071000 1.200000 0.013000 0.015000
1496409061128852177	1400 48 1.200000 0.104000 0.132000 1400 40 1.000000 1.614000 1.714000 600 43 0.900000 0.072000 0.071000 1.200000 0.013000 0.015000
1496409061637851562	1400 47 1.200000 0.106000 0.134000 1400 40 1.000000 1.612000 1.711000 600 43 0.900000 0.072000 0.071000 1.200000 0.013000 0.015000
1496409062146887823	1400 47 1.200000 0.099000 0.126000 1400 40 1.000000 1.598000 1.697000 600 43 0.900000 0.072000 0.071000 1.200000 0.014000 0.016000
1496409062656170458	1400 47 1.200000 0.099000 0.126000 1400 40 1.000000 1.585000 1.683000 600 43 0.900000 0.072000 0.071000 1.200000 0.016000 0.019000
1496409063165236051	1400 47 1.200000 0.097000 0.123000 1400 40 1.000000 1.586000 1.684000 600 43 0.900000 0.072000 0.071000 1.200000 0.015000 0.018000
1496409063674324061	1400 47 1.200000 0.102000 0.129000 1400 40 1.000000 1.582000 1.680000 600 43 0.900000 0.072000 0.071000 1.200000 0.018000 0.021000
1496409064183255280	1400 47 1.200000 0.105000 0.133000 1400 40 1.000000 1.569000 1.666000 600 43 0.900000 0.072000 0.071000 1.200000 0.025000 0.030000
1496409064692359165	1400 47 1.200000 0.105000 0.133000 1400 40 1.000000 1.563000 1.659000 600 43 0.900000 0.072000 0.071000 1.200000 0.023000 0.027000
1496409065201446967	1400 46 1.200000 0.105000 0.133000 1400 40 1.000000 1.499000 1.591000 600 43 0.900000 0.072000 0.071000 1.200000 0.038000 0.046000
1496409065710622603	1400 45 1.200000 0.106000 0.134000 1400 39 1.000000 1.239000 1.314000 600 42 0.900000 0.072000 0.071000 1.200000 0.077000 0.093000
1496409066219680779	1400 41 1.200000 0.100000 0.127000 1400 38 1.000000 0.888000 0.939000 600 42 0.900000 0.072000 0.071000 1.200000 0.014000 0.017000
1496409066728624748	1400 40 1.200000 0.097000 0.123000 1400 38 1.000000 0.724000 0.765000 600 41 0.900000 0.071000 0.070000 1.200000 0.012000 0.014000
1496409067238737549	1400 40 1.200000 0.095000 0.121000 1400 37 1.000000 0.733000 0.775000 600 41 0.900000 0.071000 0.070000 1.200000 0.025000 0.030000
1496409067748955224	1400 41 1.200000 0.133000 0.168000 1400 37 1.000000 0.797000 0.843000 600 40 0.900000 0.070000 0.069000 1.200000 0.040000 0.048000
1496409068259209441	1400 41 1.200000 0.106000 0.134000 1400 37 1.000000 0.820000 0.867000 600 40 0.900000 0.070000 0.069000 1.200000 0.019000 0.023000
1496409068769465366	1400 41 1.200000 0.103000 0.131000 1400 37 1.000000 0.817000 0.864000 600 40 0.900000 0.070000 0.069000 1.200000 0.019000 0.023000
1496409069278603085	1400 43 1.200000 0.102000 0.129000 1400 37 1.000000 0.823000 0.870000 600 40 0.900000 0.070000 0.069000 1.200000 0.019000 0.023000
1496409069787744553	1400 44 1.200000 0.101000 0.128000 1400 38 1.000000 0.917000 0.972000 600 41 0.900000 0.070000 0.069000 1.200000 0.018000 0.021000
1496409070296932730	1400 45 1.200000 0.101000 0.128000 1400 38 1.000000 1.704000 1.811000 600 42 0.900000 0.070000 0.069000 1.200000 0.006000 0.007000
1496409070806280323	1400 46 1.200000 0.104000 0.132000 1400 38 1.000000 1.702000 1.807000 600 42 0.900000 0.070000 0.069000 1.200000 0.003000 0.003000
1496409071315412209	1400 46 1.200000 0.098000 0.124000 1400 39 1.000000 1.707000 1.812000 600 42 0.900000 0.070000 0.069000 1.200000 0.005000 0.006000
1496409071824678052	1400 46 1.200000 0.098000 0.124000 1400 39 1.000000 1.704000 1.809000 600 43 0.900000 0.071000 0.070000 1.200000 0.012000 0.014000
1496409072333845895	1400 46 1.200000 0.096000 0.122000 1400 39 1.000000 1.706000 1.811000 600 43 0.900000 0.071000 0.070000 1.200000 0.015000 0.018000
1496409072843056780	1400 46 1.200000 0.097000 0.123000 1400 39 1.000000 1.709000 1.816000 600 43 0.900000 0.071000 0.070000 1.200000 0.012000 0.014000
1496409073352247666	1400 46 1.200000 0.099000 0.126000 1400 39 1.000000 1.709000 1.816000 600 43 0.900000 0.072000 0.071000 1.200000 0.007000 0.008000
1496409073861566634	1400 47 1.200000 0.098000 0.124000 1400 39 1.000000 1.700000 1.807000 600 43 0.900000 0.071000 0.070000 1.200000 0.017000 0.020000
1496409074370659894	1400 47 1.200000 0.097000 0.123000 1400 39 1.000000 1.707000 1.814000 600 43 0.900000 0.072000 0.071000 1.200000 0.017000 0.020000
1496409074880190779	1400 47 1.200000 0.103000 0.131000 1400 40 1.000000 1.704000 1.811000 600 43 0.900000 0.072000 0.071000 1.200000 0.018000 0.021000
1496409075389435830	1400 47 1.200000 0.100000 0.127000 1400 39 1.000000 1.709000 1.816000 600 43 0.900000 0.072000 0.071000 1.200000 0.027000 0.032000
1496409075898732882	1400 47 1.200000 0.103000 0.131000 1400 40 1.000000 1.711000 1.818000 600 43 0.900000 0.072000 0.071000 1.200000 0.013000 0.015000
1496409076408003267	1400 47 1.200000 0.102000 0.129000 1400 40 1.000000 1.711000 1.817000 600 44 0.900000 0.072000 0.071000 1.200000 0.016000 0.019000
1496409076917180319	1400 47 1.200000 0.107000 0.136000 1400 40 1.000000 1.711000 1.818000 600 43 0.900000 0.072000 0.071000 1.200000 0.023000 0.027000
1496409077426412204	1400 47 1.200000 0.106000 0.134000 1400 40 1.000000 1.697000 1.803000 600 44 0.900000 0.072000 0.071000 1.200000 0.026000 0.031000
1496409077935669047	1400 47 1.200000 0.103000 0.131000 1400 40 1.000000 1.696000 1.801000 600 43 0.900000 0.072000 0.071000 1.200000 0.031000 0.037000
1496409078444927766	1400 47 1.200000 0.103000 0.131000 1400 40 1.000000 1.693000 1.797000 600 44 0.900000 0.072000 0.071000 1.200000 0.031000 0.037000
1496409078954103776	1400 47 1.200000 0.101000 0.128000 1400 40 1.000000 1.703000 1.808000 600 44 0.900000 0.072000 0.071000 1.200000 0.024000 0.029000
1496409079463260286	1400 47 1.200000 0.102000 0.129000 1400 40 1.000000 1.719000 1.827000 600 44 0.900000 0.072000 0.071000 1.200000 0.010000 0.012000
1496409079972499838	1400 47 1.200000 0.098000 0.124000 1400 40 1.000000 1.720000 1.826000 600 44 0.900000 0.072000 0.071000 1.200000 0.011000 0.013000
1496409080481791347	1400 47 1.200000 0.099000 0.126000 1400 40 1.000000 1.710000 1.816000 600 44 0.900000 0.072000 0.071000 1.200000 0.018000 0.021000
1496409080991140399	1400 47 1.200000 0.100000 0.127000 1400 40 1.000000 1.687000 1.791000 600 44 0.900000 0.072000 0.071000 1.200000 0.037000 0.044000
1496409081500316367	1400 47 1.200000 0.099000 0.126000 1400 40 1.000000 1.691000 1.795000 600 44 0.900000 0.072000 0.071000 1.200000 0.032000 0.038000
1496409082009620627	1400 47 1.200000 0.098000 0.124000 1400 40 1.000000 1.700000 1.807000 600 44 0.900000 0.072000 0.071000 1.200000 0.028000 0.034000
1496409082518779388	1400 47 1.200000 0.101000 0.128000 1400 40 1.000000 1.701000 1.808000 600 44 0.900000 0.072000 0.071000 1.200000 0.027000 0.032000
1496409083027997106	1400 47 1.200000 0.103000 0.131000 1400 40 1.000000 1.721000 1.829000 600 44 0.900000 0.072000 0.071000 1.200000 0.009000 0.010000
1496409083537276533	1400 47 1.200000 0.105000 0.133000 1400 40 1.000000 1.722000 1.830000 600 44 0.900000 0.072000 0.071000 1.200000 0.009000 0.010000
1496409084046617334	1400 47 1.200000 0.106000 0.134000 1400 40 1.000000 1.716000 1.824000 600 44 0.900000 0.072000 0.071000 1.200000 0.022000 0.026000
1496409084555814011	1400 47 1.200000 0.100000 0.127000 1400 40 1.000000 1.717000 1.825000 600 44 0.900000 0.072000 0.071000 1.200000 0.018000 0.021000
1496409085065110896	1400 47 1.200000 0.099000 0.126000 1400 40 1.000000 1.676000 1.781000 600 44 0.900000 0.072000 0.071000 1.200000 0.033000 0.040000
1496409085574401448	1400 47 1.200000 0.099000 0.126000 1400 40 1.000000 1.700000 1.807000 600 44 0.900000 0.072000 0.071000 1.200000 0.038000 0.046000
1496409086083609499	1400 47 1.200000 0.104000 0.132000 1400 40 1.000000 1.716000 1.824000 600 44 0.900000 0.072000 0.071000 1.200000 0.022000 0.026000
1496409086592821718	1400 48 1.200000 0.105000 0.133000 1400 40 1.000000 1.716000 1.824000 600 44 0.900000 0.073000 0.072000 1.200000 0.014000 0.016000
1496409087102079644	1400 48 1.200000 0.106000 0.134000 1400 40 1.000000 1.721000 1.829000 600 44 0.900000 0.072000 0.071000 1.200000 0.012000 0.014000
1496409087611402988	1400 47 1.200000 0.103000 0.131000 1400 40 1.000000 1.719000 1.827000 600 44 0.900000 0.072000 0.071000 1.200000 0.018000 0.021000
1496409088120607289	1400 47 1.200000 0.103000 0.131000 1400 40 1.000000 1.716000 1.824000 600 44 0.900000 0.072000 0.071000 1.200000 0.017000 0.020000
1496409088629908841	1400 48 1.200000 0.101000 0.128000 1400 40 1.000000 1.699000 1.806000 600 44 0.900000 0.072000 0.071000 1.200000 0.016000 0.019000
1496409089139164268	1400 48 1.200000 0.099000 0.126000 1400 40 1.000000 1.713000 1.820000 600 44 0.900000 0.072000 0.071000 1.200000 0.012000 0.014000
1496409089648332986	1400 47 1.200000 0.105000 0.133000 1400 40 1.000000 1.716000 1.824000 600 44 0.900000 0.072000 0.071000 1.200000 0.012000 0.014000
1496409090157684288	1400 48 1.200000 0.106000 0.134000 1400 40 1.000000 1.712000 1.819000 600 44 0.900000 0.072000 0.071000 1.200000 0.017000 0.020000
1496409090666961673	1400 47 1.200000 0.104000 0.132000 1400 40 1.000000 1.720000 1.828000 600 44 0.900000 0.072000 0.071000 1.200000 0.016000 0.019000
1496409091176334099	1400 48 1.200000 0.103000 0.131000 1400 40 1.000000 1.717000 1.825000 600 44 0.900000 0.072000 0.071000 1.200000 0.013000 0.015000
1496409091685581068	1400 47 1.200000 0.101000 0.128000 1400 40 1.000000 1.705000 1.812000 600 44 0.900000 0.072000 0.071000 1.200000 0.011000 0.013000
1496409092194770869	1400 48 1.200000 0.102000 0.129000 1400 40 1.000000 1.716000 1.824000 600 44 0.900000 0.072000 0.071000 1.200000 0.011000 0.013000
1496409092704532045	1400 43 1.200000 0.103000 0.131000 1400 40 1.000000 1.704000 1.809000 600 43 0.900000 0.072000 0.071000 1.200000 0.006000 0.007000
1496409093214570804	1400 43 1.200000 0.119000 0.151000 1400 39 1.000000 0.792000 0.839000 600 42 0.900000 0.072000 0.071000 1.200000 0.021000 0.025000
1496409093724751980	1400 43 1.200000 0.103000 0.131000 1400 39 1.000000 0.818000 0.865000 600 41 0.900000 0.072000 0.071000 1.200000 0.016000 0.019000
1496409094234769697	1400 42 1.200000 0.102000 0.129000 1400 38 1.000000 0.834000 0.884000 600 41 0.900000 0.071000 0.070000 1.200000 0.017000 0.020000
1496409094744215790	1400 40 1.200000 0.100000 0.127000 1400 38 1.000000 0.868000 0.920000 600 41 0.900000 0.071000 0.070000 1.200000 0.019000 0.023000
1496409095253242050	1400 48 1.200000 0.096000 0.122000 1400 39 1.000000 2.001000 2.131000 600 42 0.900000 0.071000 0.070000 1.200000 0.028000 0.034000
1496409095762432561	1400 49 1.200000 0.099000 0.126000 1400 40 1.000000 1.998000 2.127000 600 43 0.900000 0.072000 0.071000 1.200000 0.025000 0.030000
1496409096271627904	1400 49 1.200000 0.099000 0.126000 1400 40 1.000000 1.999000 2.128000 600 44 0.900000 0.072000 0.071000 1.200000 0.025000 0.030000
1496409096780974372	1400 50 1.200000 0.104000 0.132000 1400 40 1.000000 1.997000 2.126000 600 44 0.900000 0.072000 0.071000 1.200000 0.025000 0.030000
1496409097290110549	1400 50 1.200000 0.105000 0.133000 1400 41 1.000000 1.987000 2.116000 600 44 0.900000 0.072000 0.071000 1.200000 0.025000 0.030000
1496409097799289476	1400 50 1.200000 0.101000 0.128000 1400 41 1.000000 1.991000 2.120000 600 44 0.900000 0.072000 0.071000 1.200000 0.024000 0.029000
1496409098308291778	1400 50 1.200000 0.102000 0.129000 1400 41 1.000000 1.987000 2.116000 600 44 0.900000 0.073000 0.072000 1.200000 0.025000 0.030000
1496409098817473746	1400 43 1.200000 0.106000 0.134000 1400 40 1.000000 1.985000 2.114000 600 44 0.900000 0.073000 0.072000 1.200000 0.022000 0.026000
1496409099326698590	1400 50 1.200000 0.106000 0.134000 1400 41 1.000000 1.464000 1.554000 600 44 0.900000 0.072000 0.071000 1.200000 0.028000 0.034000
1496409099835823517	1400 51 1.200000 0.108000 0.137000 1400 41 1.000000 2.020000 2.151000 600 44 0.900000 0.073000 0.072000 1.200000 0.026000 0.031000
1496409100345014777	1400 51 1.200000 0.103000 0.131000 1400 41 1.000000 2.015000 2.145000 600 45 0.900000 0.073000 0.072000 1.200000 0.025000 0.030000
1496409100854472703	1400 51 1.200000 0.104000 0.132000 1400 41 1.000000 2.014000 2.144000 600 45 0.900000 0.073000 0.072000 1.200000 0.025000 0.030000
1496409101363571422	1400 51 1.200000 0.105000 0.133000 1400 41 1.000000 2.008000 2.138000 600 45 0.900000 0.073000 0.072000 1.200000 0.024000 0.029000
1496409101872796473	1400 51 1.200000 0.104000 0.132000 1400 42 1.000000 2.002000 2.132000 600 45 0.900000 0.074000 0.073000 1.200000 0.022000 0.026000
1496409102382004858	1400 51 1.200000 0.101000 0.128000 1400 42 1.000000 1.998000 2.127000 600 45 0.900000 0.073000 0.072000 1.200000 0.023000 0.027000
1496409102891249660	1400 44 1.200000 0.101000 0.128000 1400 41 1.000000 1.584000 1.682000 600 45 0.900000 0.074000 0.073000 1.200000 0.013000 0.015000
1496409103400412587	1400 50 1.200000 0.101000 0.128000 1400 41 1.000000 2.024000 2.155000 600 45 0.900000 0.073000 0.072000 1.200000 0.026000 0.031000
1496409103909716222	1400 51 1.200000 0.101000 0.128000 1400 41 1.000000 2.019000 2.150000 600 45 0.900000 0.073000 0.072000 1.200000 0.026000 0.031000
1496409104418925232	1400 51 1.200000 0.103000 0.131000 1400 41 1.000000 2.018000 2.149000 600 45 0.900000 0.073000 0.072000 1.200000 0.026000 0.031000
1496409104928040825	1400 51 1.200000 0.104000 0.132000 1400 42 1.000000 2.012000 2.142000 600 45 0.900000 0.074000 0.073000 1.200000 0.025000 0.030000
1496409105437151711	1400 51 1.200000 0.106000 0.134000 1400 42 1.000000 2.008000 2.138000 600 45 0.900000 0.074000 0.073000 1.200000 0.024000 0.029000
1496409105946438429	1400 51 1.200000 0.109000 0.138000 1400 42 1.000000 2.008000 2.138000 600 45 0.900000 0.074000 0.073000 1.200000 0.026000 0.031000
1496409106455553564	1400 51 1.200000 0.103000 0.131000 1400 42 1.000000 2.003000 2.133000 600 45 0.900000 0.074000 0.073000 1.200000 0.024000 0.029000
1496409106964690991	1400 45 1.200000 0.101000 0.128000 1400 41 1.000000 2.004000 2.134000 600 45 0.900000 0.074000 0.073000 1.200000 0.022000 0.026000
1496409107473855168	1400 50 1.200000 0.100000 0.127000 1400 41 1.000000 1.147000 1.216000 600 45 0.900000 0.073000 0.072000 1.200000 0.006000 0.007000
1496409107983018720	1400 51 1.200000 0.100000 0.127000 1400 41 1.000000 2.022000 2.153000 600 45 0.900000 0.074000 0.073000 1.200000 0.026000 0.031000
1496409108492210980	1400 51 1.200000 0.104000 0.132000 1400 42 1.000000 2.022000 2.153000 600 45 0.900000 0.074000 0.073000 1.200000 0.026000 0.031000
1496409109001390448	1400 51 1.200000 0.109000 0.138000 1400 42 1.000000 2.015000 2.145000 600 45 0.900000 0.074000 0.073000 1.200000 0.027000 0.032000
1496409109510499583	1400 51 1.200000 0.109000 0.138000 1400 42 1.000000 2.010000 2.140000 600 45 0.900000 0.074000 0.073000 1.200000 0.026000 0.031000
1496409110019701760	1400 51 1.200000 0.107000 0.136000 1400 42 1.000000 2.008000 2.138000 600 45 0.900000 0.074000 0.073000 1.200000 0.024000 0.029000
1496409110528991603	1400 51 1.200000 0.106000 0.134000 1400 42 1.000000 2.006000 2.136000 600 45 0.900000 0.074000 0.073000 1.200000 0.023000 0.027000
1496409111038219447	1400 46 1.200000 0.102000 0.129000 1400 42 1.000000 2.000000 2.130000 600 45 0.900000 0.074000 0.073000 1.200000 0.022000 0.026000
1496409111547508874	1400 50 1.200000 0.104000 0.132000 1400 41 1.000000 1.386000 1.471000 600 45 0.900000 0.074000 0.073000 1.200000 0.011000 0.013000
1496409112056698300	1400 51 1.200000 0.105000 0.133000 1400 42 1.000000 2.004000 2.134000 600 45 0.900000 0.073000 0.072000 1.200000 0.023000 0.027000
1496409112565823310	1400 51 1.200000 0.108000 0.137000 1400 42 1.000000 1.998000 2.127000 600 45 0.900000 0.074000 0.073000 1.200000 0.023000 0.027000
1496409113075036321	1400 51 1.200000 0.108000 0.137000 1400 42 1.000000 1.996000 2.125000 600 45 0.900000 0.074000 0.073000 1.200000 0.023000 0.027000
1496409113584189081	1400 51 1.200000 0.106000 0.134000 1400 42 1.000000 1.993000 2.122000 600 45 0.900000 0.074000 0.073000 1.200000 0.023000 0.027000
1496409114093406049	1400 51 1.200000 0.104000 0.132000 1400 42 1.000000 1.990000 2.119000 600 45 0.900000 0.074000 0.073000 1.200000 0.021000 0.025000
1496409114602567684	1400 51 1.200000 0.102000 0.129000 1400 42 1.000000 1.996000 2.125000 600 45 0.900000 0.074000 0.073000 1.200000 0.020000 0.024000
1496409115111725653	1400 49 1.200000 0.104000 0.132000 1400 42 1.000000 1.991000 2.120000 600 45 0.900000 0.074000 0.073000 1.200000 0.018000 0.021000
1496409115620724996	1400 43 1.200000 0.100000 0.127000 1400 40 1.000000 1.081000 1.146000 600 44 0.900000 0.074000 0.073000 1.200000 0.008000 0.009000
1496409116129676924	1400 41 1.200000 0.098000 0.124000 1400 39 1.000000 0.299000 0.319000 600 42 0.900000 0.073000 0.072000 1.200000 0.002000 0.002000
