#Timestamp	CPU_CYCLES	EXCEPTION_RETURN	BRANCH_MISPRED	BRANCH_PRED	DATA_MEM_ACCESS	L1I_CACHE_ACCESS	L2D_CACHE_ACCESS
1495876442091780710	321748067	30961	2076501	33615174	82484411	93351694	5873076
1495876442592624315	500878204	51464	3305911	47379130	120466663	143371081	9429419
1495876443093298045	500682940	50891	3292438	48760929	122297046	144217875	9347648
1495876443594000858	500699426	50487	3261558	50403544	124529232	145119032	9261479
1495876444094629505	500633525	49471	3272668	52570246	127114287	146482986	9185484
1495876444595283485	500642872	48076	2122547	41920498	137251504	127488525	11039937
1495876445096013924	500747021	47000	1456917	39597692	151864590	120453076	12335739
1495876445596655446	500638764	37023	1370001	39055949	136080023	121064994	10283400
1495876446097281634	500623222	51374	1380485	37752308	147550917	126409424	13009297
1495876446597906198	500629603	20580	1936517	45227838	237930675	164804984	7326984
1495876447098631636	500622871	20914	1771168	45509852	236305277	162019372	7794860
1495876447599282866	500752908	9051	2160939	49313881	262451399	177555234	5420989
1495876448099908221	500624580	9296	1935729	48787476	263599064	176036255	4988305
1495876448600527701	500621962	9338	2275348	54717022	241170329	167994098	4868427
1495876449101131682	500603456	8956	2365681	50291079	255827121	178412822	5297337
1495876449601752037	500620435	9513	1952165	54946832	239522482	161345912	4718595
1495876450102391267	500643857	11074	1560880	48063944	258466976	170483984	5543269
1495876450603006622	500612103	11292	1605848	49662609	250483568	167911356	5604217
1495876451103786144	500784745	11561	1566307	48027425	254666286	169548281	5557621
1495876451604400916	500612691	11340	1558743	51562080	246697425	165963138	5621868
1495876452105053021	500653181	10645	1427153	48105725	261271751	169740204	5515210
1495876452605693418	500641329	11103	1474379	49102725	255497960	168395785	5528279
1495876453106317398	500618421	13538	1784507	39072050	273947169	177563239	6289332
1495876453606938503	500624937	18935	2374338	43008694	252127889	174966314	7759653
1495876454107558608	500623230	25695	3119785	55192672	207328849	165941653	9492969
1495876454608168547	500612709	25354	3111164	55219337	208683574	166167773	9551431
1495876455108872235	500703034	26035	3158681	54960005	203560782	165515994	9423827
1495876455609536174	500652344	25766	3167542	55104611	204642884	165810154	9422760
1495876456110148362	500625847	25466	3103683	55333344	208717060	166124123	9527091
1495876456610773634	500625365	25281	3174714	55255824	205835714	166038168	9471669
1495876457111400031	500619903	26626	3187299	54851137	200162568	164986093	9265672
1495876457612041928	500647459	26082	3171186	55041148	203448573	165795908	9411800
1495876458112689700	500648846	25649	3040351	53867239	204445011	163618087	9756264
1495876458613311138	500621509	26689	3011603	53250225	199174914	161762322	9586383
1495876459114045451	500734076	26923	3041538	53315912	197741498	161789314	9502747
1495876459614680807	500640295	26301	3014366	53355199	201381377	162508999	9697072
1495876460115386245	500702043	26966	3051298	53412037	198894551	162279955	9511689
1495876460616044600	500659020	25278	3116146	53872199	204930834	164597763	9760950
1495876461116688330	500646842	25916	3270918	55470758	203048854	166418141	9130341
1495876461617323560	500636142	26465	3177843	54233587	200703337	164702265	9367562
1495876462117953666	500632527	25442	3154172	54342652	204772131	165452667	9655544
1495876462618626771	500672256	24617	3471496	62445715	194705748	164989015	8628964
1495876463119256001	500631100	22749	4012615	61402448	205414024	175856357	8803122
1495876463619861814	500605701	25295	3625257	62156012	195097688	168856262	8437451
1495876464120487836	500625032	23378	3770514	63236952	202130074	171533278	8633955
1495876464621123191	500637412	21895	4319903	73363695	185283893	172397826	7408219
1495876465121738755	500615096	24045	4027322	73639978	170567461	162855759	6666496
1495876465622353902	500617077	24329	4132513	75035854	173814649	166286518	6468850
1495876466122975382	500619462	21929	4299963	64934595	156857425	162472630	7904936
1495876466623621029	500645758	23259	4484500	75538068	173993031	169054491	6722448
1495876467124250342	500634680	24501	4230232	69898535	169473198	165086588	6709469
1495876467624859156	500607378	24104	4031577	73175148	166851928	161164535	6583546
1495876468125495803	500636048	23087	4174642	75848198	172917504	164196959	6656595
1495876468626114783	500616905	23408	4241630	72730115	170514745	164657085	6714645
1495876469126760055	500650654	24131	4183760	76131133	170435718	167345838	6211244
1495876469627455743	500691929	23226	4223613	76426490	171832841	167235457	6497531
1495876470128097265	500646117	23106	4279098	74747230	168805271	166011767	6546148
1495876470628880120	500786177	23141	4197968	74581635	168092010	164164517	6651226
1495876471129521350	500638675	23617	4244423	76779566	174820593	166346584	6289655
1495876471630170747	500646602	23415	4284409	73180019	168486143	166107661	6517597
1495876472130835185	500668452	23017	4230240	77206184	171787061	167287962	6242766
1495876472631479832	500646010	22946	4233731	78048793	173039262	167821597	6387682
1495876473132111354	500632532	22720	4118668	75898053	171914800	163584776	6781303
1495876473632781793	500659131	22731	4409876	72867501	170139625	167802445	6862493
1495876474133569106	500741562	22949	4114029	76581969	172123624	164218028	6506111
1495876474634291336	500770503	22406	4185586	75332863	169178174	164332412	6694676
1495876475135165816	500885371	23063	4123460	74056931	169642321	165634457	6667395
1495876475635901546	500734529	24045	4139793	75021095	168416766	164709305	6397225
1495876476136663901	500757046	23692	4080163	73272517	167672469	162342247	6710790
1495876476637415131	500762144	24120	4103082	74481889	173900340	166802588	6403308
1495876477138158986	500742555	23395	4251547	75239450	171600158	167476048	6386778
1495876477639048757	500887078	23549	4105461	71652121	163666215	163249467	7083272
1495876478139796112	500748890	23389	4197285	75158917	170253388	164380680	6393100
1495876478640551384	500755701	22050	4684675	71562504	170289903	169207719	7163767
1495876479141321781	500774629	22554	4290750	77274589	174196543	167398907	6590729
1495876479641947427	500624742	23010	4429366	68994172	166829958	165875181	7032899
1495876480142591408	500641044	23263	4138845	72710688	169601087	162889881	6706385
1495876480643261429	500675024	24821	4308935	72734000	173025935	165744535	6422260
1495876481144042409	500783997	23888	4066271	72962710	168566232	161964767	6580142
1495876481644665265	500620557	23881	4146507	74280563	169981984	163861678	6569130
1495876482145318245	500652354	24511	4144178	74026435	167567361	165831176	6501207
1495876482645952642	500633853	24640	4200527	74739167	171760094	166347460	6189915
1495876483146575163	500624090	24426	4309508	73480510	170518626	167192983	6389882
1495876483647228269	500655955	22619	4205426	69576796	161397536	163127580	6979388
1495876484147858249	500632810	23718	4314221	74745579	172106999	167062405	6637159
1495876484648598520	500616239	23543	4248628	74699122	171192329	167018164	6475671
1495876485149209126	500733319	23535	4155526	70535976	164380706	163397976	6905210
1495876485649825647	500618832	23344	4281529	75454309	173650192	165955168	6802278
1495876486150463419	500636843	18825	4053957	63141700	160014494	161544735	7086854
1495876486651110941	500648254	24451	4296488	72819565	172589540	166526522	6719764
1495876487151722588	500613005	23412	3997537	74968626	171216304	161901914	6448863
1495876487652333985	500613717	22627	4227009	70591848	164199978	162511186	7165202
1495876488152961548	500621566	22763	4178478	67682440	159499081	160560157	7252118
1495876488653664737	500708627	23787	4220744	74970555	171722771	166164309	6636136
1495876489154297175	500629521	23818	4115552	76881279	169573738	166051388	6217593
1495876489654918489	500626432	23098	4281770	72802510	168974121	165703227	6834495
1495876490155569136	500651645	24145	4022061	75443183	169291909	163098252	6358286
1495876490656211241	500641188	23062	4178949	77819803	170168953	166880729	6295597
1495876491156827346	500619132	23734	4208171	73549559	168302481	165924939	6724765
1495876491657450076	500621052	23205	4197284	76690539	169914972	166851880	6394492
1495876492158083890	500637909	23698	4237671	76329148	171610251	167657964	6294673
1495876492658854911	500770290	23665	4131453	72792318	165384764	164688032	6565675
1495876493159471516	500615407	24197	4223850	72001705	170056408	163650261	7039747
1495876493660085580	500615127	22775	4410064	75468868	172116139	168339596	6609642
1495876494160711935	500617980	23475	4107418	75214746	168161435	165140885	6489895
1495876494661359040	500650893	24353	4263789	72327061	174366792	165695896	6829403
1495876495161998604	500647115	23287	4151965	73526087	169950601	163730766	6789308
1495876495662624584	500621602	24010	4155493	74322059	168279262	165269281	6465566
1495876496163266273	500647226	22814	4196358	77145038	169847026	166223097	6415443
1495876496664048794	500784632	22875	4170543	79401198	171753385	167403009	6085774
1495876497164666774	500613826	22966	4195720	76626444	171032637	167409983	6449647
1495876497665295588	500631342	23375	4207216	70629373	163845190	164367731	6992417
1495876498165988151	500697046	22312	4392264	76872289	174125119	167722130	6457040
1495876498666605423	500615813	23896	4273914	74743217	170741359	167542898	6316450
1495876499167217778	500615208	23743	4042139	74501617	169205442	162146911	6818643
1495876499667861092	500638305	24074	4322330	70787782	168524174	165497759	6823695
1495876500168535239	500628595	23116	4218412	76942064	171803085	166541489	6451541
1495876500669136052	500651040	23696	4014911	71051312	161163375	161138758	6917342
1495876501169744574	500609405	23945	4110152	75854382	169114273	164384013	6281640
1495876501670365554	500615934	24395	4216429	73434986	168591220	166003021	6465705
1495876502170989826	500631390	22241	3942719	74328062	167288386	163852712	6045405
1495876502671603056	500608959	17452	3360569	66396328	161072743	152441683	6888422
1495876503172309120	339341963	19856	1576918	33709168	77647857	83516977	5321966
1495876503672952642	500676014	51609	3314165	46763843	119641126	142999300	9450592
1495876504173643038	500695198	51020	3285055	48469404	121936542	144124475	9356198
1495876504674266643	500620702	50362	3272189	49883023	123723606	144916506	9293098
1495876505174942499	500672132	50151	3248596	51304409	125702841	145678768	9211305
1495876505675661187	500719808	36995	2271439	75763595	183002252	156017579	7582209
1495876506176367875	500708802	9020	776995	69363826	179629176	130855586	4784195
1495876506677066230	500699877	18931	905257	75025375	203130344	153627075	6185877
1495876507177764794	500696979	22359	2015890	50761226	120039607	107303681	7509160
1495876507678565607	500723781	4478	7815820	81497342	96739819	167046079	3354801
1495876508179190962	500705625	4885	3199139	64367739	105338080	117484046	4361523
1495876508679813651	500622558	439	4543735	72866973	120676730	145308777	3864847
1495876509180437923	500623734	3029	7539432	82494501	96273869	163466117	2989888
1495876509681062570	500626752	4498	2975928	56622490	99012941	104890526	4486341
1495876510181680425	500619135	10593	2786500	62586842	123722538	120241481	5104862
1495876510682313280	500634501	6919	1725091	52096478	109234377	91406186	3394925
1495876511182940760	500627601	7282	1784721	51487742	106553473	91404011	3114569
1495876511683598615	500656860	9781	1696019	53320637	109377707	94694467	3637000
1495876512184228595	500630733	7973	1737694	52104040	107094923	91914335	3263710
1495876512684855242	500627472	9203	2379644	57718754	103107506	103440648	4508245
1495876513185474847	500622246	224	11733462	119869523	126282108	245070531	2171928
1495876513686096203	500619996	224	6390317	76834241	420044911	237359218	36658059
1495876514186713599	500621338	224	110709	25919089	790527258	236245428	82269024
1495876514687340996	500625923	236	11120990	115326749	158905420	244053324	6054880
1495876515187967018	500621592	19961	8430735	92881713	140657328	208659460	4538367
1495876515688613998	500650437	31112	1057091	32750011	217968898	141235494	8000595
1495876516189236562	500624754	226	672570	25640184	263518661	149614893	6316515
1495876516689852792	500617803	226	673784	25391000	260401076	148295142	6344242
1495876517190551314	500700534	224	670658	25127134	256918582	146775016	6461336
1495876517691175127	500623188	226	651009	24489132	249222920	143443030	6776633
1495876518191797024	500623491	224	669983	24648327	251206122	144635859	6723984
1495876518692417046	500619021	320	548845	28279092	254937093	140157217	6472520
1495876519193046776	500628879	226	703134	26843876	238502890	140891778	8222664
1495876519693666423	500623404	250	701114	26470551	234894672	139337297	8200998
1495876520194284653	500616417	224	688927	26384788	234316108	138920195	8213714
1495876520694899300	500616438	226	676813	26063047	231367857	137510512	8299071
1495876521195515364	500615871	224	653192	25647115	227425239	135671558	8510410
1495876521696132177	500617629	226	664079	25818214	229203903	136591125	8428424
1495876522196747241	500617074	248	362444	27196686	197099629	118822985	7410055
1495876522697360596	500613843	1206	83543	17145357	149265434	85081120	9869812
1495876523197979243	500619963	226	22330	5265029	134210011	69336610	12383469
1495876523698608181	500629371	221	21996	5261750	133884630	69179697	12341305
1495876524199236370	500630708	225	22018	5417478	138706226	71664726	12954124
1495876524699863767	500626339	226	22830	5294187	134918989	69714429	12471549
1495876525200486372	500625033	224	22554	5307696	135408899	69962137	12530436
1495876525701102435	500616963	226	23227	5286738	134469875	69504889	12393974
1495876526201716499	500615058	224	22009	5286056	134566453	69531030	12417768
1495876526702396312	500679315	226	22685	5500312	139691767	72067592	13312302
1495876527203013334	500617347	226	22846	5327660	135695655	70128777	12575047
1495876527703641148	500626248	226	23713	5291830	134433607	69488084	12413740
1495876528204244211	500607369	224	21824	5293202	134965000	69719244	12478539
1495876528704850358	500605014	226	23021	5307777	134988894	69765232	12481889
1495876529205457463	500609265	224	22979	5298143	134871191	69699376	12467470
1495876529706069110	500612307	226	23179	5364073	136736634	70671253	12695938
1495876530206676049	500605443	224	21423	5350661	136294918	70419892	12731440
1495876530707291737	500618538	226	21800	5396773	137022867	70651673	12845144
1495876531207902551	500611791	226	21643	5330290	136176179	70357684	12695763
1495876531708566489	500606385	226	21966	5312884	135337268	69938787	12518430
1495876532209202178	500697410	226	21916	5335862	136309975	70410586	12632567
1495876532709819533	500615554	226	22332	5265840	134199247	69332362	12372406
1495876533210440221	500619360	224	22481	5336746	136001761	70278909	12610862
1495876533711062785	500624256	226	23234	5259354	133721566	69108613	12327797
1495876534211677890	500616222	224	22857	5301963	135016696	69773884	12482324
1495876534712306120	500626257	226	22639	5318488	135545643	70045438	12549230
1495876535212930434	500625669	226	23358	5275595	133816086	69169686	12405634
1495876535713680956	500751012	228	23105	5292001	134370961	69448093	12479479
1495876536214376977	500696826	224	22414	5270556	133834628	69176675	12343715
1495876536715000332	500623794	237	281674	14653804	183217969	98738092	10822059
1495876537215619271	500618877	224	627907	27197548	238689832	135822219	7802498
1495876537716240668	500623704	226	606967	26679267	234389234	133672843	7797127
1495876538216858731	500617605	224	604412	26686553	234203960	133490894	7893501
1495876538717481087	500622348	226	602933	26212580	229854019	131746249	8086527
1495876539218107400	500626509	226	568194	25910549	227092929	130132910	8215168
1495876539718803422	500699016	234	598010	25970923	227778185	130987653	8194114
1495876540219421902	500619936	243	339770	31063857	220801951	123403369	5359172
1495876540720122340	500701237	1082	613749	72873206	212046731	137546785	5557758
1495876541220852070	500727116	1450	858081	78033434	177137483	123872463	6540992
1495876541721590592	342164130	7968	856705	40957051	76833585	71207529	6772814
1495876542222387739	500800882	51774	3325333	46118975	118450323	141961748	9488199
1495876542723096969	500702966	51167	3286462	48175798	121436426	143542328	9390764
1495876543223984365	500880934	50730	3279939	49274183	122869178	144411924	9328861
1495876543724711887	500719350	50184	3268315	50959556	125052585	145385182	9228847
1495876544225408575	500723293	44876	2875457	48308364	117462637	132440599	8277388
1495876544726098181	500689648	1493	411413	28601173	55811457	34467026	735492
1495876545226786827	500689336	1440	389909	28565069	55673926	34033767	746454
1495876545727546932	500760225	1542	414354	28586800	55884437	34555771	794711
1495876546228171746	500625081	1438	389742	28581685	55721254	34032998	788842
1495876546728837518	500668104	1433	391410	28568941	55688218	34046153	787812
1495876547229462873	500626993	1435	399142	28577597	55719118	34190416	786875
1495876547730083478	500619456	1435	393131	28576693	55704529	34091611	790732
1495876548230703083	500619022	1434	384023	28573231	55696180	33941822	784600
1495876548731324980	500623656	1439	398861	28589367	55722499	34215882	791457
1495876549231943669	500619866	1440	405126	28593459	55725565	34313375	787890
1495876549732557524	500614046	1437	389048	28581012	55697478	34041439	790067
1495876550233176671	500619397	1439	430194	28611312	55763957	34744298	785215
1495876550733864776	500687883	1444	395146	28594200	55741589	34162163	791581
1495876551234478631	500616934	1430	400025	28585398	55696947	34219738	788960
1495876551735090819	500612488	1439	407557	28594991	55735332	34349375	789662
1495876552235704425	500613840	1436	384031	28574916	55697942	33942410	787831
1495876552736320697	500616419	1434	382977	28571604	55701161	33914054	791154
1495876553236938343	500620155	1441	392419	28587543	55733905	34088837	787719
1495876553737553199	500614498	1441	394818	28591226	55747711	34131608	790554
1495876554238170887	500618275	1442	400745	28592481	55745466	34219868	785942
1495876554738839492	500666972	1921	666764	30629341	58769692	40273693	953704
1495876555239476222	500638589	2473	2142487	26421315	121142785	152354538	5162574
1495876555740171702	500696844	1815	2123014	25881253	120730331	152420481	5116982
1495876556240814308	500641881	1822	2133331	25944983	120934394	152634514	5121815
1495876556741450163	500637822	11240	2134111	46906804	95888233	85162941	22135179
1495876557242086101	500632626	16205	1389577	86703480	133977228	61928488	18291338
1495876557742759581	500677423	19500	1631775	37870770	115134083	84273850	18735955
1495876558243380228	500621630	284	4403829	81564984	237577927	152778329	4499212
1495876558744048083	500669262	238	5674389	85094545	287915169	205294191	1909638
1495876559244672689	500624595	232	5667190	85099350	301691101	215019693	1204115
1495876559745294585	500619986	224	5484976	85963261	311224871	218697502	846185
1495876560245906816	500617364	224	5644998	85184766	310129095	219514402	895681
1495876560746561837	500651575	224	5568578	85058636	311915553	218551008	890334
1495876561247298984	500746975	238	6093370	83491674	288106176	211689697	1785617
1495876561747922131	500619277	234	6205464	83160056	294316604	217389014	1390035
1495876562248675528	500754434	226	5432431	86033430	312323299	218407320	709026
1495876562749312549	500637451	224	5350803	85738361	313623299	217418336	944130
1495876563249949905	500637202	224	5641965	84944494	310318029	219289690	944761
1495876563750591843	500643923	224	5454970	85624857	313363491	218183870	912002
1495876564251233740	500643176	228	5659847	84435317	301728665	212811839	1424218
1495876564751878512	500643960	224	5635274	84888754	309740700	218815992	830230
1495876565252606867	500730658	224	5314283	85730875	314677853	216945318	699202
1495876565753222305	500615255	224	5374981	85514827	313775568	217266308	802938
1495876566253963160	500740334	220	5488060	85148000	312225500	217929467	849382
1495876566754577932	500615263	224	5684840	84646658	309979394	218928584	884479
1495876567255194662	500618107	224	5797738	84830011	308125878	220132701	823635
1495876567755814143	500618885	230	5921810	84463873	301313541	217636621	1209627
1495876568256432498	500621030	224	5469713	85925906	310225124	218361402	904070
1495876568757052561	500620944	224	5455965	85992095	311283245	218289347	806986
1495876569257668583	500616473	224	5613406	85298915	310000421	219081357	844179
1495876569758288813	500622451	224	5707142	85070491	309145498	219545588	841576
1495876570258983335	500693487	226	5643195	85325298	310000564	219309948	824852
1495876570759599024	500617444	224	5858524	84604616	306658588	220566484	935300
1495876571260213587	500613773	224	6088879	84056366	303829968	221914877	946347
1495876571760831151	500618071	228	5659009	84274787	305542366	215175477	1153617
1495876572261438673	500607827	224	5486884	84349090	313200741	217068059	978099
1495876572762056028	500620020	224	5552945	84373238	312398076	217755543	912800
1495876573262680175	500623691	224	5985146	83517697	306672859	220558483	895891
1495876573763296113	500615045	224	5603334	84151891	305923765	214325384	1148321
1495876574264010135	500714275	230	5911472	83385048	306629328	219654879	1005067
1495876574764722615	500716398	226	5294554	85546230	315851038	216748214	812067
1495876575265356678	500633657	224	5564568	84394460	312684849	217916066	892071
1495876575766079659	500723801	224	5621628	83811465	312944582	218164591	852022
1495876576266787889	500708253	224	6010428	83091506	306552645	220705911	967214
1495876576767499577	500711140	228	5900260	83436912	295562964	212564050	1499533
1495876577268210224	500713720	226	5453367	84571842	313749195	217127863	912831
1495876577769059370	500849546	226	5918946	83325894	308117112	220024486	929273
1495876578269767725	500708535	226	5707578	83600471	306902005	216303672	1088084
1495876578770501789	500733606	224	6018232	82777985	306910837	220370434	973011
1495876579271209935	500709720	224	5974902	83016264	300693799	216394663	1237934
1495876579771919749	500710647	232	5542692	83868267	296421717	206819737	1622623
1495876580272621771	500701629	232	5247076	84145217	291313128	198691708	2043391
1495876580773332542	500712558	263	2531259	87099770	183407372	97363687	7596287
1495876581274169231	500837178	290	4197953	81408596	217358266	150211151	5357577
1495876581774882002	500713641	308	5124146	81197402	255975924	183733304	3261573
1495876582275592566	500711136	1614	5598062	75031779	208300055	169732207	5711425
1495876582776301462	500709654	971	7001406	71151067	164844742	179911179	6175664
1495876583277009817	500709423	984	6808545	73267281	173467459	183619252	6995584
1495876583777729214	500719554	996	6724160	74567767	175947535	186378533	7262608
1495876584278590361	500753241	984	7072493	74148462	174983736	192446014	7451282
1495876584779207549	500729553	1130	7470770	72925121	172878121	198130614	7552121
1495876585279838529	341088449	19907	3101980	40439859	98843475	111289241	5379033
1495876585780506551	500669651	51465	3317668	46681142	119291953	142535826	9467095
1495876586281165573	500670503	50878	3278604	48379986	121781783	143819856	9364373
1495876586781795553	500621757	50228	3264705	49811600	123601595	144692916	9284864
1495876587282469200	500683165	49876	3246741	51210415	125444735	145390041	9212825
1495876587783095305	500624035	37862	2319586	55770001	172529273	146177322	9177890
1495876588283804577	500709012	292	759197	20601012	190859624	125469171	22223223
1495876588784422182	500622074	226	850159	22300493	195042005	130015967	22653221
1495876589285047454	500625183	224	830983	22259703	195129027	129623513	22663399
1495876589785667101	500618431	226	845995	22251534	195048462	129916623	22655576
1495876590286330873	500656348	224	831202	22235429	195113061	129609870	22668963
1495876590787018436	500701238	226	841824	22257522	195261497	129944725	22674068
1495876591287633166	500610383	226	850988	22287842	195321956	130190866	22675593
1495876591788257980	500625491	226	830862	22229241	195166123	129615250	22681993
1495876592288964960	500708784	226	845463	22337918	195173397	129995340	22660083
1495876592789593940	500629146	226	842173	22235453	195013033	129791739	22659774
1495876593290224420	500630178	224	833412	22217427	194959905	129567258	22650338
1495876593790925942	500702779	226	846816	22263356	195043396	129948374	22649438
1495876594291557047	500633523	224	826626	22201389	194942904	129387121	22662331
1495876594792206777	500648271	220	844074	22250061	195093829	129885729	22658554
1495876595292841466	500635396	228	798300	22137627	194560828	128457981	22669153
1495876595793534987	500628901	226	780094	21990426	194217417	127754083	22646788
1495876596294161384	500693721	226	762334	22045549	194300535	127411800	22670415
1495876596794787490	500628098	226	751452	21997665	194341719	127200833	22674184
1495876597295414678	500626553	224	741198	21960230	194180616	126873207	22661607
1495876597796043075	500630554	226	748336	21999624	194061056	126965440	22646338
1495876598296671513	500627382	224	720660	21893886	193889092	126207846	22681042
1495876598797304869	500630990	226	717634	21872076	193778201	126066886	22666406
1495876599297936807	500633736	226	716830	21878149	193815730	126079059	22661811
1495876599798656870	500721157	232	718958	21965958	193809744	126094966	22686239
1495876600299290559	500635307	224	700685	21827980	193559987	125551763	22690119
1495876600799918372	500627536	226	692325	21800719	193529271	125308735	22706442
1495876601300542978	500625601	224	706656	21852333	193692422	125762587	22698708
1495876601801169458	500629744	226	689824	21793643	193522288	125238110	22706393
1495876602301788563	500619445	224	697383	21915972	193033697	125163442	22701690
1495876602802419002	500631576	226	686605	21774749	192820598	124776827	22717826
1495876603303132023	500709724	226	678415	21709377	192815594	124574575	22733671
1495876603803903003	500774106	228	680149	21701058	192661163	124531246	22699354
1495876604304525983	500623840	224	681377	21727083	192979928	124737005	22749530
1495876604805150839	500624903	226	679574	21725775	193000424	124698759	22746335
1495876605305762860	500613767	224	679910	21702901	192784730	124582749	22723151
1495876605806392882	500631783	226	679939	21718164	192827215	124626920	22724099
1495876606307023987	500631188	224	680165	21716621	192915294	124669423	22739642
1495876606807642134	500616606	226	682675	21803013	192750886	124607793	22743320
1495876607308269031	500626696	222	676244	21778419	192629515	124364247	22785994
1495876607808940095	500673798	228	673953	21665975	192468448	124241187	22779524
1495876608309560741	500620036	224	670749	21661401	192486060	124193597	22768555
1495876608810187472	500627269	226	672744	21653386	192436164	124203791	22771591
1495876609310802994	500618309	224	672937	21664374	192460824	124237125	22770167
1495876609811419807	500617769	226	671244	21656741	192498781	124205447	22768931
1495876610312037204	500615316	224	671123	21656773	192394367	124156837	22759770
1495876610812739601	500703324	228	674158	21665145	192497944	124267552	22774915
1495876611313448664	340222376	6362	828562	22338854	125364749	90022809	12579038
1495876611814208352	500761964	51130	3317803	47171738	120199445	142857965	9432382
1495876612314902416	500694974	51158	3290502	47972096	121272573	143583638	9377637
1495876612815654229	500746498	50670	3277982	49231561	122998740	144521400	9292752
1495876613316289251	500634540	50175	3265223	50928307	125125934	145463657	9183046
1495876613816913940	500630315	48569	3122828	50029314	124098032	143319584	9029063
1495876614317538170	500624606	15938	1479148	43842861	124821973	122252285	10078060
1495876614818154733	500615253	4650	2360827	37272283	85712217	87423766	11155496
1495876615318821880	500671134	226	1142679	29278566	166989591	118997606	8093132
1495876615819425027	500603181	226	1147621	29774557	173035894	122088942	7948128
1495876616320032174	500610004	224	1071527	29771390	173503567	121559619	8684126
1495876616820635071	500602382	226	1066927	29777123	173440614	121383020	8742556
1495876617321231634	500597515	224	1062171	29824213	173753310	121592015	8613974
1495876617821834989	500603234	226	1076477	29790922	173563413	121735565	8550267
1495876618322439303	500604630	224	1049664	29751580	173510256	121221149	8761099
1495876618823044450	500606554	228	1053629	29835514	173771352	121394043	8459970
1495876619323738972	500679935	226	1059506	29827343	173691879	121373491	8486426
1495876619824446868	500730544	226	1055822	29792771	173576170	121172100	8671017
1495876620325053765	500598963	224	1095259	29775359	173180109	121402554	8216794
1495876620825676120	500624186	228	1147349	29817535	173294456	122232146	7716210
1495876621326298976	500622105	222	1166141	29803933	173344136	122432163	7479577
1495876621826922831	500627691	2988	1348137	30717159	168221094	122658179	7469489
1495876622327619061	500698713	224	1134227	29823782	173330981	122054357	7667696
1495876622828246291	500625324	228	1089320	29892895	174039081	122088927	8125404
1495876623328978563	500732196	226	1069682	29894957	174173459	121890678	8250463
1495876623829594126	500617176	226	1097087	29956793	174385318	122497438	8001532
1495876624330208356	500614698	224	1080741	29916198	174212135	122167369	8157809
1495876624830832170	500623909	226	1055571	29870056	173911224	121688461	8372437
1495876625331452483	500621961	224	1068198	29847076	173808281	121842661	8202516
1495876625832072505	500622023	226	1074545	29897484	174013487	122001740	8227931
1495876626332692569	500620601	224	1056852	29826646	173735199	121403518	8342126
1495876626833311591	500619577	228	1057927	29872890	173653248	121430603	8198884
1495876627333983863	500670486	226	1163182	29812416	173339234	122575504	7208127
1495876627834607384	500622741	226	1127499	29776074	173301697	122008379	7435103
1495876628335230615	500625534	224	1142523	29759631	173295301	122213580	7510544
1495876628835855803	500626211	226	1037587	28537147	163024686	115124701	7921856
1495876629336481325	500626072	4830	1265904	47670267	103497015	85340061	7806502
1495876629837101222	500619904	226	1110840	29852409	174002313	122394635	7029463
1495876630337720660	500619851	224	1123856	29850281	173892118	122480863	7386757
1495876630838348182	500629092	228	1082411	29854637	174126672	122250390	7973139
1495876631339022454	500676174	226	1067845	29822707	173828885	121721055	8495257
1495876631839721892	500700119	226	1061677	29825424	173937767	121756298	8352820
1495876632340343373	500622425	224	1072484	29853187	174132705	122133200	8047700
1495876632840959769	500617034	226	1050132	29786764	173769299	121513345	8330613
1495876633341576041	500615382	224	1053285	29848097	174034794	121764231	7993526
1495876633842190730	500616018	226	1052630	29817841	173929932	121577858	8199842
1495876634342806627	500617334	224	1051176	29817904	173904792	121433591	8216932
1495876634843426690	500621065	228	1096883	29879722	173944439	122103403	7642383
1495876635344104337	500676050	226	1153021	29953405	174358311	123060441	7168399
1495876635844717317	500613979	226	1164474	29891200	174156835	123139746	7146340
1495876636345334297	500618751	224	1149659	29900559	173917455	122762254	7241902
1495876636845949986	500618052	222	1090582	29848555	173966514	122191700	8008378
1495876637346566799	500616819	224	1076755	29893075	174262841	122342589	8321626
1495876637847185863	500616840	226	1056878	29829505	174090000	122001386	8724387
1495876638347808468	500624076	224	1095021	29924107	174459465	122803976	8120257
1495876638848421115	500613120	228	1076984	29906160	174319059	122530847	8567937
1495876639349072678	500654136	226	1041231	29847134	173985464	121740773	8723924
1495876639849684159	500610913	226	1063306	29880350	174129745	122179210	8587377
1495876640350300181	500617211	224	1057974	29878306	174106726	121920546	8419677
1495876640850923869	500625178	226	1040749	29827099	173773661	121391650	8637402
1495876641351625807	500702694	224	1056675	29865830	173924437	121593255	8289225
1495876641852244954	500619830	226	1167687	29898462	174084033	123136647	7052939
1495876642352861976	500617827	224	1140812	29907510	174242975	122856831	6930759
1495876642853524081	500619891	228	1156024	29887780	174226718	122945825	6965558
1495876643354139186	500657406	1008	1011278	31489053	150017870	107864446	7533081
1495876643854757792	500619849	4052	1298553	44964039	117819562	93630273	7697133
1495876644355373147	500615731	224	1149504	29966128	174491445	122968822	6737476
1495876644855973502	500601607	226	1082014	29897703	174260059	121892219	7714985
1495876645356581649	500609060	224	1102486	29968238	174624342	122504260	7715724
1495876645857264671	500684612	226	1065029	29872074	174218390	121757093	8232936
1495876646357935734	500671183	224	1075381	29928917	174294015	122038129	8104145
1495876646858630048	500695374	230	1081403	29931208	174561952	122180463	7737008
1495876647359302653	500673462	224	1052927	29897171	174291931	121708985	8251284
1495876647859983674	500679905	226	1065487	29933283	174344332	121812711	8123456
1495876648360655238	500671724	224	1051893	29886456	174130563	121552137	8260713
1495876648861367301	500708169	226	1055344	29901448	174139356	121572783	8069440
1495876649362158990	500805536	224	1126091	30027093	174596266	122716488	7047333
1495876649862829761	500665212	226	1154917	30022140	174682644	123082208	6955743
1495876650363569491	500698182	224	1194924	30000679	174478840	123535526	6671632
1495876650864350388	500821754	228	1168249	29943812	174024908	122718396	6994407
1495876651364994618	500645242	224	1073034	29894002	174250325	121919207	8040536
1495876651865636015	500641631	222	1084006	29931378	174374929	122410710	8064761
1495876652366273537	500639241	224	1064716	29914628	174366931	122112794	8365215
1495876652866915225	500642475	226	1109280	30002624	174766781	123008926	7790504
1495876653367554956	500640015	224	1061570	29907820	174203353	122060149	8388825
1495876653868195352	500640321	226	1052335	29833461	173939907	121665455	8494618
1495876654368945332	500752204	226	1064044	29905705	174149564	122135712	8566071
1495876654869585521	500639453	228	1051344	29893843	174041865	121571226	8448932
1495876655370230251	500646106	224	1046214	29861796	173890010	121315683	8395654
1495876655870880981	500651237	226	1117521	29942391	174063421	122337001	7617193
1495876656371521170	500641233	224	1146916	29952714	174457800	122996876	6829899
1495876656872160442	500639733	226	1135116	29984506	174657016	122841552	7004513
1495876657372805422	500639628	224	1156044	29964802	174563323	123052874	6753795
1495876657873452152	500649372	2599	1060505	38632661	133848374	99544176	6649478
1495876658374142340	500694147	2477	1262257	37637001	132800745	101074781	8340926
1495876658874775737	500636014	228	1143021	29954600	174390029	122896111	6800814
1495876659375412592	500637278	224	1058513	29848498	174070936	121853824	8183477
1495876659876049531	500637322	226	1097167	29927132	174421142	122633056	7975669
1495876660376767469	500717774	224	1053264	29883825	174201928	122031941	8498817
1495876660877380741	500616156	226	1084198	29886364	174149828	122119348	7988424
1495876661378004513	500623740	224	1061252	29879713	174362495	121972442	8113872
1495876661878636785	500630201	228	1047852	29863388	174083492	121673344	8397577
1495876662379252598	500618431	224	1069879	29929085	174356641	122076750	7992287
1495876662879868203	500616023	228	1043207	29831202	174021025	121491616	8284563
1495876663380483642	500616641	224	1057501	29894558	173997454	121545739	8020604
1495876663881098497	500614370	226	1162080	30013156	174397612	123037634	6696778
1495876664381717311	500618817	224	1162443	29980568	174447071	123174569	6804633
1495876664882337624	500622042	226	1171862	29937875	174250672	123145682	6677171
1495876665382951771	500615943	224	1120865	29960549	174263102	122468919	7169983
1495876665883612668	500660196	230	1058940	29905284	174216626	121951868	8128774
1495876666384232440	500622558	222	1076166	29918579	174301162	122128385	7928541
1495876666884851753	500619993	224	1072506	29910606	174343592	122105055	8085585
1495876667385466150	500614195	224	1092927	29933091	174483226	122629419	7974762
1495876667886080089	500615008	226	1058120	29925786	174335903	121977835	8198181
1495876668386692527	500611374	224	1076741	29927603	174274236	121997703	8092314
1495876668887310507	500619562	226	1069607	29901692	174298876	122029935	8260266
1495876669387921279	500612220	224	1041438	29859915	173974256	121269275	8341583
1495876669888617301	500696341	228	1039822	29895634	174112016	121400891	8297815
1495876670389243031	500624930	224	1166744	29964611	174062543	122860060	6926288
1495876670889862345	500620380	228	1139486	29957785	174437793	122730504	6766226
1495876671390482700	500620943	224	1112117	29954604	174642838	122738079	7181119
1495876671891099847	500618797	226	1161106	29948629	174423772	123010757	6686280
1495876672391726785	339642697	8237	954344	27292954	91761407	77333823	5279938
1495876672892443432	500716932	51773	3308486	46325047	118672039	142053298	9448465
1495876673393149454	500705798	51341	3271419	48159871	121409897	143483528	9327296
1495876673893881809	500736436	50797	3259027	49334112	123014256	144313034	9236925
1495876674394569664	500688017	50343	3241310	51113195	125360427	145353360	9149673
1495876674895252561	500683788	46207	2931309	48349679	119915319	136812188	8623668
1495876675395862749	500610767	4830	506854	31637632	76873815	66393369	2774381
1495876675896473354	500610846	39083	1034175	34408211	106443430	99711756	7745039
1495876676397108210	500636547	14764	4744306	45279103	89058243	150537282	13536547
1495876676897717023	500609955	239	590353	20372476	100861745	97863652	5540820
1495876677398326462	500610060	224	283713	17813609	92964108	107937395	2842801
1495876677898970317	500644848	228	277239	18598772	96261501	111831622	2882909
1495876678399612505	500634327	224	273812	18980373	97885997	113806912	2904123
1495876678900274277	500671041	228	273339	19091146	98367915	114319364	2879393
1495876679400981549	500706669	224	277449	18540236	96068382	111671002	2849144
1495876679901593737	500613306	226	275537	17708018	92517811	107286791	2896807
1495876680402224217	500631429	224	267794	18909779	97585145	113315036	2922374
1495876680902923364	500697357	226	267421	19398703	99628892	115772386	2920870
1495876681403687511	500767302	222	270829	18521608	95973931	111435063	2876849
1495876681904377991	500691666	226	270903	18502150	95910843	111266878	2891891
1495876682405067554	500690598	224	230937	28195204	138037198	162501846	2954623
1495876682905760701	500692515	228	218694	29670261	144398423	170143326	2938359
1495876683406458015	500697243	233	647038	31155808	76182995	87466044	8193843
1495876683907156870	500700036	232	2746447	36900795	100110532	123888334	6785139
1495876684407852641	500699217	225	325769	18140539	97276593	109104909	3155656
1495876684908597788	500689668	228	271952	18225917	94721725	109896025	2835300
1495876685409301310	500757939	224	264835	18853548	97402694	113057792	2840060
1495876685910018123	500718825	226	267021	19763278	101241865	117566987	2890464
1495876686410716145	500697666	224	274706	18973699	97894046	113840000	2872305
1495876686911411125	500695311	228	279134	17805468	92914079	107908713	2863755
1495876687412103813	500693934	224	270891	18621250	96427702	111934281	2882447
1495876687912800127	500695842	226	271127	18669206	96580587	112265540	2873367
1495876688413548024	500695095	224	268081	19669539	100860744	117082549	2940252
1495876688914238879	500745402	228	277031	18540365	96050055	111649892	2866221
1495876689414954234	500715866	224	250743	24483369	121924956	143038121	2915445
1495876689915578839	500625430	226	216809	29639378	144265280	169965953	2968171
1495876690416208652	500629707	227	246089	36050404	109827534	125775736	4216244
1495876690916837591	500628936	241	3037889	35182740	73545981	105712657	9848427
1495876691417458738	500625417	225	406958	18522167	106101584	108683163	3998128
1495876691918078176	500619333	226	275296	18128206	94300907	109368024	2830416
1495876692418761240	500682330	226	269843	18628982	96418439	112017575	2858326
1495876692919376845	500618364	226	269174	19072440	98345831	114063861	2865213
1495876693419999158	500622360	224	274724	18599151	96312744	111941662	2836680
1495876693920620055	500621151	226	276438	18047669	94010431	109145058	2828267
1495876694421248452	500626399	224	280189	17817805	93009101	108009039	2854167
1495876694921870766	500626667	228	272049	19044531	98144280	114066944	2910452
1495876695422488621	500619816	224	264389	18798384	97245426	112554589	2889537
1495876695923104726	500614188	222	268564	18678837	96611991	112222856	2864553
1495876696423799790	500695773	226	265331	20895275	106345547	124130956	2849127
1495876696924414603	500614287	226	221491	29619746	144180035	169959369	2978926
1495876697425030250	500616225	226	239387	33225426	126320957	146509065	3706016
1495876697925649063	500618811	235	2745145	38763196	74500316	108979697	8987833
1495876698426270794	500625240	229	692109	21655295	105402318	104859729	5520977
1495876698926964690	500694876	228	283064	17548466	91880047	106655094	2793403
1495876699427581754	500617092	224	273301	18715790	96792674	112368311	2848240
1495876699928208234	500625288	226	275769	18830717	97288655	113019721	2864108
1495876700428914006	500706876	226	272308	19111915	98453233	114432001	2891535
1495876700929537861	500624382	226	276720	18256214	94885499	110174465	2863153
1495876701430154175	500616156	224	281059	17967576	93627625	108695782	2877820
1495876701930828238	500676420	226	273637	18657783	96555901	112157647	2871064
1495876702431444593	500617035	224	274088	19365931	99553017	115706713	2936033
1495876702932059407	500614902	228	278084	18645504	96475851	112128906	2867875
1495876703432673720	500615613	224	272221	18581077	96253769	111722866	2880694
1495876703933293242	500620062	226	231412	29011747	141577531	166881727	2963284
1495876704433968056	500666467	228	244000	30037658	143871941	168626817	3213246
1495876704934586661	500628236	233	941555	31455306	72936415	86500539	8481466
1495876705435193558	500609487	231	2428853	35641326	104919290	123408329	6498976
1495876705935807454	500614164	226	289606	17679234	92390018	107397366	2868399
1495876706436426476	500619636	224	274432	18370719	95359303	110674881	2836468
1495876706937048040	500621976	228	275123	18587229	96249877	111790207	2835968
1495876707437661270	500614005	224	270529	19284940	99235039	115154026	2894718
1495876707938304750	500632017	226	274864	18356216	95306866	110738915	2830410
1495876708439138188	500849454	226	280248	18227550	94735429	109994663	2893451
1495876708939745794	500605923	226	277707	18517831	95986142	111488060	2895093
1495876709440370149	500624464	224	275831	18366198	95291682	110779267	2848538
1495876709940992421	500623040	228	277281	18993666	97937768	113758507	2895832
1495876710441619068	500624343	220	275244	18575448	96217803	111772346	2869528
1495876710942250589	500635707	228	256144	25534120	126480496	148689409	2926142
1495876711442883028	500630652	224	217517	29647621	144328555	170056226	2938520
1495876711943566716	500628270	229	249718	33445005	97365173	110093473	4967261
1495876712444191738	341123273	19498	1454460	31490976	77172502	81822788	5947504
1495876712944894343	500707112	51591	3310350	46709056	119514490	142681581	9405600
1495876713445596698	500703663	50947	3282490	48412517	121865801	143835237	9289614
1495876713946274012	500640251	50690	3259679	49595090	123424647	144483774	9229506
1495876714446916825	500659085	50052	3242305	51485581	125935509	145620968	9101559
1495876714947590055	500675483	54431	2642086	47461978	128334145	137700032	8914308
1495876715448250244	500656947	57447	1374200	44370178	136581213	126955176	10939860
1495876715949079390	500831272	66134	1502974	44156128	143278165	128406503	8672127
1495876716449821537	500742945	66240	1531550	44257386	143497269	129229692	8614256
1495876716950557767	500729379	66278	1516956	46329969	144640179	131404891	8873199
1495876717451286080	500733248	25153	469318	17142639	67784406	40032270	24034565
1495876717951993977	500715072	16678	1913772	57032031	166172001	160633848	5078978
1495876718452572207	500579406	224	4599799	99077116	190803056	252094601	1371871
1495876718953146688	500575345	228	4544416	99047161	190775968	251141286	1420059
1495876719453792335	500646376	226	3775440	95251514	195666491	239648165	1179078
1495876719954365690	500575136	226	3405801	90709427	196047352	229793089	1301094
1495876720454942212	500576502	224	3406678	91895405	195923749	230244852	1242622
1495876720955517234	500567719	226	4220781	90263297	192421030	231596087	1582406
1495876721456124922	500615176	224	4484397	91886768	188767780	237430271	1816554
1495876721956702569	500578837	226	4086184	93143177	191736197	238509532	1287760
1495876722457279591	500577211	224	4880217	98239737	187512409	250103233	1907669
1495876722957851655	500574137	228	4871195	94339708	185686189	244881595	1644863
1495876723458427260	500576005	224	4902468	94522485	186572873	245721750	1886650
1495876723959057365	500631578	228	4842795	94379777	187126310	244872524	1463761
1495876724459633804	500576289	224	4168659	90390451	192427155	235016651	1137472
1495876724960205576	500573021	226	3168484	88836829	197430606	223558275	1218488
1495876725460781472	500574214	220	4077651	91509295	192483626	236084318	1251700
1495876725961351244	500571755	226	4484435	89507330	190347886	235708774	1456202
1495876726461923766	500572895	224	4042910	89631287	192904164	231593833	1439235
1495876726962495538	500572827	228	4054371	87799116	196588354	229434953	1343500
1495876727463141727	500646422	224	3718202	83764633	196230361	219209708	1245659
1495876727963768707	500627289	228	4129031	85745899	192802287	225995740	1379138
1495876728464341770	500574224	224	3459066	85837987	194940658	221922728	1127041
1495876728964919167	500578606	226	2854330	81447486	199667112	210896367	1063014
1495876729465491731	500573744	224	3220658	84162597	196257742	217500746	1146685
1495876729966059878	500568283	226	3520360	86143649	193795117	221923081	1144289
1495876730466633400	500573918	224	3400848	86222415	195489748	219218123	1117011
1495876730967211588	500579861	228	3477821	87014604	194830804	222774495	973476
1495876731467787360	500573566	224	4305133	80821630	189637538	219624740	1196236
1495876731968359549	500574416	226	3768307	83272688	195033016	218747260	1494553
1495876732469010529	500651405	226	4293327	80789069	190773884	220536478	1260311
1495876732969579634	500570298	226	4149958	82375152	192633684	221676950	1309779
1495876733470155615	500578497	224	3036650	86378359	200588870	215659750	1162872
1495876733970724136	500568348	226	4055808	90944179	194355048	233008660	1337345
1495876734471292658	500568720	224	3998067	85236644	193691046	223282229	1609631
1495876734971853805	500562597	228	3357644	87487299	197622751	219731866	958616
1495876735472417119	500561968	224	3501097	91525517	196747649	225420373	919846
1495876735972988474	500574723	226	4720075	98810422	186814467	247644120	1211853
1495876736473614746	500624258	226	4647616	97763179	186177029	244054674	1736941
1495876736974254518	500640162	226	4521436	95891023	185702987	240491066	1485045
1495876737474821206	500555268	224	4835613	86381118	186343471	231618331	1149711
1495876737975440228	500637885	226	4621192	89824634	185618071	233297870	832992
1495876738476003875	500558190	224	4314871	87367230	186195464	228743653	854289
1495876738976572981	500570302	228	3326879	89327960	192255798	222708340	823508
1495876739477141002	500569271	224	3143347	89222971	198167384	220728088	833166
1495876739977705941	500566488	226	3750423	83939261	193632264	218791759	1133046
1495876740478272755	500566167	220	3741327	83700064	191528738	215660117	1062438
1495876740978913651	500642455	226	3619133	77132425	189869410	205887998	2172422
1495876741479483215	500570493	224	3265518	77614767	192032366	202955000	1331896
1495876741980047445	500564645	226	4021189	85688105	191861069	221856772	1311972
1495876742480625092	500577770	224	4205830	88098989	191965872	228779764	1259325
1495876742981197448	500573694	228	4206986	85292501	190267083	224772678	1255777
1495876743481776053	500579497	224	4330594	84011356	189787465	224255065	1233354
1495876743982358783	500583206	226	4264152	88738902	187059904	230008426	1632511
1495876744482926972	500569597	224	3933188	92321905	192713217	229561395	1704634
1495876744983598077	500575634	226	3388711	86190877	198490213	215813204	1507860
1495876745484177224	500673838	224	3653176	85097539	194867950	216710648	1614480
1495876745984760204	500585275	226	3606369	83551565	196173022	214660212	1418628
1495876746485418101	500658787	224	4470957	85910328	192185125	227065682	1612788
1495876746985990373	500572125	228	3346436	74467276	206853103	209872183	950981
1495876747486565270	500577240	224	3050775	75352302	206273706	206128562	930590
1495876747987141583	500575356	226	3355559	81471524	204087163	214560184	1197904
1495876748487716980	500576800	224	4388545	83407196	194510167	226082061	1303371
1495876748988288002	500571653	226	3825430	84111310	199340215	221659159	1273842
1495876749488936274	500649760	226	4002771	84278680	200440980	224443220	1162114
1495876749989501879	500565333	226	4166243	81558798	196723463	221399766	1156949
1495876750490083276	500580978	224	4241407	80182781	197521282	222166139	1190865
1495876750990760089	500677893	228	3658532	85853756	198258696	220577703	1148511
1495876751491407361	500647431	224	2983407	76886502	204396759	201028868	1074293
1495876751992060091	500654461	226	3782259	83643647	197346978	220512196	1202689
1495876752492713196	500654426	224	3569565	85203904	199496484	219734639	1285010
1495876752993364427	500651601	226	4095096	85123642	196431944	223943425	1805615
1495876753494093198	500729949	226	3810063	82864746	198104474	218142795	1370834
1495876753994743428	500650789	226	4307549	87510575	192969933	228682999	1543701
1495876754495391492	500649256	224	3688187	80020740	195786300	214803526	1171480
1495876754996036305	500644644	228	4216685	85512525	190066350	224711118	1183381
1495876755496681619	500647237	224	4041565	87307876	193396438	226085934	1382180
1495876755997390932	500710154	222	3443102	84408369	196741817	215031862	1139106
1495876756497964121	500571980	224	4006285	84871435	193303716	221756641	1309277
1495876756998593184	500569169	228	3888605	82009399	195657873	217737272	1434220
1495876757499170290	500636381	224	3333883	84528140	198735799	213922167	1405118
1495876757999747437	500578585	226	3909622	89511773	190023937	224624054	1583822
1495876758500318250	500571903	224	3283706	82811965	191479016	210734890	1223296
1495876759000893647	500577020	228	3662937	81837586	190565475	212140950	1986387
1495876759501471627	500578692	224	3224892	80844532	190820183	205704486	1751657
1495876760002035733	500564076	226	3381123	79426584	195092139	207392611	1506336
1495876760502621630	500588268	224	4090272	78542581	193498210	216693125	1659361
1495876761003195110	500573425	226	4143488	80903081	194082130	219635378	1624058
1495876761503866923	500673615	226	3584080	80048498	195610492	211421234	1827488
1495876762004429695	500563700	226	3687171	78884209	192554667	210887438	1851687
1495876762504995842	500565024	224	3649628	78846421	193024877	209891253	1887032
1495876763005563864	500565810	228	3540158	81090547	188444337	209362612	2178836
1495876763506132761	500571219	224	3584927	77933262	184656179	203830315	2870171
1495876764006698241	500567313	226	3752752	75989161	187965768	205377483	2692802
1495876764507268763	500569704	224	3367681	74933257	182773996	196549717	3531435
1495876765007839910	500571765	226	3214249	69758536	175070497	184092401	4772819
1495876765508541723	500643663	224	2673628	58250208	156042683	152425419	7860576
1495876766009116454	500634699	228	1332796	38023229	127054292	93916215	12274636
1495876766509680184	500567286	257	1202853	85578304	126204025	60900686	10320885
1495876767010236956	500558955	228	1487790	153935863	153364663	43597361	9398780
1495876767510820644	500575026	224	1415399	150067559	149621674	41208558	10817460
1495876768011411375	500594055	364	1072381	87836522	145368127	108285592	3779861
1495876768512038938	342005671	32710	2166011	35219593	86911920	98508880	6199050
1495876769012664418	500625996	51430	3295715	47339744	120380031	143167046	9411411
1495876769513321232	500657759	50918	3270773	48686237	122179172	144104300	9326213
1495876770014047587	500726852	50336	3259462	50394380	124466042	145115204	9245266
1495876770514688442	500651747	49602	3251495	52543972	127150823	146357551	9139442
1495876771015266089	500575134	23591	2708366	70271649	145423888	157220384	11384202
1495876771515844319	500580376	224	294824	51847099	149877324	118128541	46897241
1495876772016410675	500566005	266	254612	51329313	149225893	117519003	47279342
1495876772516980946	500570958	224	308038	49736978	149179449	118250716	47665664
1495876773017556677	500575681	226	286614	50673562	148951202	118093725	47784614
1495876773518128615	500573807	224	249502	51449115	149250213	118116311	47877190
1495876774018754179	500625554	228	222454	50865776	149349050	117626147	47992055
1495876774519322534	500568944	224	234453	50488784	150887862	118098386	46343932
1495876775019991223	500670144	228	226064	50504026	150553861	117832671	47244076
1495876775520635703	500644064	226	199005	49895575	149171382	116928545	48277256
1495876776021272725	500639568	226	226758	49547650	149061742	117345246	47836342
1495876776521912746	500639148	224	292411	48048725	148486410	117657276	47991030
1495876777022551352	500638983	226	293514	48326348	148732724	117592899	48236780
1495876777523188623	500637303	224	292531	48737075	148715124	118132453	48333686
1495876778023907728	500721009	228	296952	48313708	149086977	118392447	48261718
1495876778524549459	500642145	224	227505	49560179	147980772	117141781	48289359
1495876779025189022	500640537	228	188902	49122923	148025934	116601926	48313779
1495876779525827461	500638584	224	210636	49205140	148360814	116757516	48296071
1495876780026473982	500646159	226	222876	49273722	148565978	116949735	48048494
1495876780527120421	500645646	224	253781	49386646	149039573	117734839	47836245
1495876781027760193	500643477	226	199478	49484233	149801042	117639211	47776629
1495876781528410839	500650554	224	179738	50152965	149996246	117269662	47993867
1495876782029134153	500723403	228	235408	50377609	149373436	117452732	47794780
1495876782529779633	500646543	224	250933	49503668	148487411	117085894	47658905
1495876783030429572	500650557	228	235424	48705913	145775491	114792979	47465875
1495876783531069593	500641290	224	285634	48783493	148890493	117764200	48226529
1495876784031705157	500635080	226	243827	48614978	147578706	116281140	48467875
1495876784532426262	500723016	224	214867	48823289	146708349	115295111	48148375
1495876785033058784	500633487	226	275380	48841652	148190887	117622203	48647713
1495876785533756180	500697204	226	279629	50819967	149143608	118466102	48808912
1495876786034491536	500736735	222	275966	49735040	148254661	117514251	48663267
1495876786535201349	500710008	224	251026	49373417	148958505	117967574	48567881
1495876787035914621	500712135	228	232363	49878201	148734233	117565188	48156047
1495876787536626017	500712885	224	236138	49459533	148912340	117164470	48555855
1495876788037335206	500712180	226	237911	48841833	148144495	116863263	48969793
1495876788538049061	500712948	224	227031	48721235	148164384	116860951	48799784
1495876789038821416	500774367	228	237896	48587354	148049015	116854423	49008256
1495876789539529146	500708655	224	254389	49392940	149360560	118100027	48687563
1495876790040232668	500703255	226	277301	48969139	149614522	118195507	47947773
1495876790540938439	500706228	224	214032	50432695	150106147	117859437	47284435
1495876791041653794	500716662	228	231685	48946197	148854927	117109602	48633392
1495876791542363024	500710761	224	237292	49030086	149039782	117532334	48989922
1495876792043065630	500702733	226	249434	48762681	148346550	117016548	48733949
1495876792543849943	500785254	240	215843	48315701	145453899	114322891	47882990
1495876793044552215	500704387	226	207864	47641124	145096778	113747225	47853300
1495876793545264403	500710238	224	197019	47490220	146382748	114666005	48476216
1495876794046036883	500773758	226	229420	47914060	146340773	115362727	48270183
1495876794546649947	500615466	224	188091	47925949	146025792	114108206	48020823
1495876795047262093	500610924	228	202259	47694130	145915401	113958310	48008234
1495876795547873615	500613582	224	214260	47476689	146620194	114547047	48339637
1495876796048538095	500613594	226	238296	48098311	148255542	116386816	48722890
1495876796549145951	500659698	224	292130	48912312	149784731	118522549	49036949
1495876797049797556	500637396	226	301425	48805693	150153699	119001179	48906254
1495876797550508036	500726763	224	284719	48690202	149775566	118464996	48788985
1495876798051122766	500613183	226	278636	48620964	149345721	118183339	48926554
1495876798551742746	500621607	224	303415	48456687	150152602	118862050	49269494
1495876799052354268	500611446	228	248461	47824377	149920794	117431342	49217021
1495876799552996165	500642457	224	261057	48238144	149111413	117619308	48898891
1495876800053621937	500626290	228	269185	48388174	149159220	117902250	48928222
1495876800554241042	500620011	224	270312	48301218	148812373	117652264	48551258
1495876801054861064	500620320	222	275008	48466069	148556504	117625540	47988297
1495876801555479669	500620852	222	246606	48840693	148019155	117272076	48069737
1495876802056089316	500609555	226	175638	49578429	148073543	116610234	48475221
1495876802556708963	500620848	224	199178	49038410	147921205	116493492	48372478
1495876803057326235	500616762	228	168971	48289154	147319321	115751252	48058319
1495876803557944756	500619543	224	232223	47860382	146012621	115250646	48165001
1495876804058648070	500704264	228	236689	47981782	145908986	115383949	47914068
1495876804559292717	500645531	224	192932	47354322	145250771	114444083	47946333
1495876805059937072	500642343	226	232020	47817049	147343872	115584700	48548513
1495876805560581177	500647707	224	231993	47765675	147551023	115808200	48539583
1495876806061226157	500645898	226	235503	47392349	147125072	115636809	48217032
1495876806561868096	500641446	224	283823	48509712	149719454	118209314	48800404
1495876807062508576	500642337	228	300144	48308925	149982642	118590497	48984786
1495876807563148931	500639955	224	321834	48318828	150598150	119288018	49031199
1495876808063841661	500692311	228	309848	48589233	151093245	119273003	49677052
1495876808564476100	500637414	224	313665	48156262	151454906	119498579	49684992
1495876809065113955	500639115	226	267240	47899309	149640119	117752576	49244980
1495876809565752602	500638269	224	270759	47666102	149103674	117495673	48853408
1495876810066393082	500639457	226	288095	47861643	149883180	118234091	49367568
1495876810567036479	500645034	224	270388	47573435	147686475	116801469	48225150
1495876811067679084	500644264	228	264724	47447167	148766449	117382784	48594594
1495876811568319730	500639696	224	281982	47780502	148860322	117887566	48479417
1495876812069018336	500701476	228	235307	49362167	148514385	117534436	48141833
1495876812569659024	500641354	224	163626	50122205	147233279	115936173	48077932
1495876813070300129	500641688	226	136108	49246488	146612744	115243158	47579122
1495876813571019276	500718888	224	208815	48177190	146774636	115599701	47950355
1495876814071657798	500640519	226	268843	48876727	148918764	117670602	48202100
1495876814572291070	500630859	224	240779	47878136	147410844	116289387	48086484
1495876815072920675	500632287	228	222886	47663435	147291057	115423092	48601421
1495876815573620822	500701557	226	190550	48908731	148867246	116172449	49631592
1495876816074273718	500654892	226	234713	48550227	148365941	116829162	49035395
1495876816574918199	500641668	222	261626	48275612	148842244	117474054	48951357
1495876817075556554	500640201	226	319103	48379312	150755714	119119725	49443962
1495876817576200784	500646267	224	288644	48260211	149860718	118207675	49137511
1495876818076826264	500625279	226	289907	48518841	150209465	118689830	49447151
1495876818577462078	500632542	224	283942	48307445	150449033	118506508	49521239
1495876819078104349	500646126	228	291831	48337611	149715301	118276114	49021432
1495876819578787371	500683662	226	294239	48103267	149834988	118273814	49230847
1495876820079417393	500631702	226	254196	48202281	149684932	117628978	49184630
1495876820580059831	500640012	224	247536	47862201	149390755	117659386	48887370
1495876821080705353	500648829	226	272922	47496570	148226431	117315641	48285727
1495876821581333292	500627283	224	241629	48199724	148584498	117557968	47427652
1495876822081964939	500633961	226	200515	48807744	148573998	117202769	47304176
1495876822582598377	500633997	224	209112	48661833	148701765	117195333	47257628
1495876823083294232	500696352	228	292735	48814449	149588746	118304409	47841487
1495876823583965421	500671971	226	254553	48811008	149421210	117711423	48572884
1495876824084586984	500623200	226	265498	48371469	149329711	117875622	48623342
1495876824585207714	500622369	224	239826	48496050	149464327	117469081	49021871
1495876825085827903	500620320	226	213264	48226314	148523733	116769769	48687003
1495876825586451216	500623077	224	213340	48300323	148610162	117103539	48594460
1495876826087150821	500701095	226	253009	48208159	149176899	117691001	48865049
1495876826587847635	500678943	224	265477	48083564	148742296	117489986	48694131
1495876827088584490	500756802	229	275602	48329672	149736779	118274098	48888357
1495876827589271637	500686395	225	286960	48146036	149518027	118206589	48664812
1495876828089960117	500686116	226	311995	48156505	150343361	119145571	48652474
1495876828590646347	500688531	224	285488	48085827	149981042	118560822	48653772
1495876829091331035	500685862	226	193376	48500773	148805503	117144448	47234253
1495876829592019765	500690762	224	199502	48776052	149121816	117377492	46687491
1495876830092707496	500686860	226	241469	49174466	149853220	117969889	47000301
1495876830593405684	500697679	224	241328	48814150	149637460	117877276	47900718
1495876831094168581	500766830	230	220561	48861514	149389946	117851471	46823828
1495876831594861852	500691231	224	251253	48814502	150033278	118230156	47880020
1495876832095555666	500696565	222	301252	48600981	150183007	118711562	46688637
1495876832596253104	500697342	224	338097	48640677	150902252	119843956	48259011
1495876833096875168	500620575	226	252439	48983435	149780668	118171770	46270330
1495876833597588981	406748397	3073	383583	40072724	120484675	97305589	33685232
1495876834098254586	434567879	42592	2825545	44106444	109539013	125982531	8048258
1495876834598950733	500700119	50920	3299918	48035166	121302922	143875862	9441925
1495876835099590546	500635276	50692	3284244	48892729	122491952	144502088	9364834
1495876835600319110	500727162	50152	3261959	50625281	124703344	145436634	9301228
1495876836101047673	500736326	48733	3213855	52316002	126806379	145793440	9153239
1495876836601840028	500792496	14946	2036137	90407031	190823145	194946568	7040216
1495876837102530925	500693569	226	843847	108279210	346492049	293174407	8711804
1495876837603226155	500694267	224	796405	108697105	347792408	293617109	8745914
1495876838104019010	500796149	228	820902	108550590	347589191	293974385	8740113
1495876838604722865	500704126	224	826653	108482477	347228481	293738817	8728301
1495876839105412428	500691911	228	797884	108699213	347926672	293936713	8753342
1495876839606097909	500684233	224	800493	108652412	347836366	293861455	8749223
1495876840106788514	500689776	226	794964	108722207	347864723	293662961	8753447
1495876840607479494	500691763	224	826787	108447019	347335523	293818351	8734135
1495876841108169724	500691939	226	861526	108303037	346422227	293370378	8714855
1495876841609010079	500841397	228	858243	108207939	346599476	293441326	8713994
1495876842109704267	500694499	224	934465	107769819	343447274	291541493	8598542
1495876842610318747	500614038	226	959791	108635083	338864944	288360636	8419191
1495876843110943061	500623416	226	1058447	109031523	333525618	285591404	8208765
1495876843611562166	500622654	226	1033757	110106650	330531250	282558432	8072657
1495876844112176521	500614178	224	958342	111723858	328181905	280482382	7957214
1495876844612794085	500617223	226	976635	112665255	323561677	277523996	7785996
1495876845113407607	500615052	224	918599	114317184	321454919	275606191	7676165
1495876845614093003	500686861	228	930501	115235519	318296451	273176803	7541159
1495876846114699275	500606905	224	995589	116030601	314558301	271027827	7381080
1495876846615317047	500616309	226	968477	116577826	313300146	269298476	7302890
1495876847115938444	500622668	236	1125157	109317701	296315635	255679987	7862758
1495876847616562216	500624586	226	1396948	104048843	337862072	292338259	8541248
1495876848117186863	500625952	220	1397934	104352078	337624381	292615827	8540688
1495876848617796260	500612392	226	1363348	104433276	338569998	292806796	8574044
1495876849118409198	500613185	228	1372021	104539428	338061509	292631322	8558019
1495876849619148720	500739891	228	1378680	104447572	338305475	292836639	8570432
1495876850119752367	500604423	224	1394349	104441394	337838143	292670852	8551407
1495876850620365139	500613145	226	1379614	104512679	338083359	292744199	8559571
1495876851120974327	500609933	226	1387550	104386403	338002492	292645273	8558730
1495876851621679807	500704586	226	1401597	104481032	337644342	292660060	8546514
1495876852122320079	500639726	224	1363726	104493841	338413883	292703554	8567485
1495876852622956226	500639283	226	1347489	104687154	338460698	292514517	8561438
1495876853123601664	500643756	225	1291712	105719389	336044143	289886796	8444582
1495876853624217603	500617368	227	1325674	106807633	331678334	287148862	8265120
1495876854124847833	500632361	224	1323923	108057057	327759399	284326259	8092732
1495876854625457897	500610311	226	1347550	109048018	324204303	281868264	7934827
1495876855126068627	500610223	226	1343539	109754197	321327897	279516612	7809986
1495876855626681774	500616908	226	1334898	110295273	318526235	277133257	7694065
1495876856127332587	500640631	224	1374107	110361809	315539832	274937915	7574218
1495876856627974401	500656439	226	1218245	112695495	314338677	273183037	7503707
1495876857128608006	500629627	226	1196437	114218022	311357565	271061335	7366837
1495876857629223319	500615385	226	1274278	114920364	307758507	269232113	7213716
1495876858129845216	500622056	228	1751214	103616804	294633957	262665813	8304095
1495876858630460655	500617255	226	1391135	104337824	337713150	292469006	8546086
1495876859131073010	500612966	226	1388965	104301766	337961193	292344893	8557664
1495876859631687073	500615030	226	1376962	104455413	338188337	292630469	8566655
1495876860132313012	500626847	224	1373750	104316149	338194058	292399115	8569343
1495876860632929034	500614184	226	1391298	104341908	337932688	292468329	8562137
1495876861133629514	500703369	226	1377639	104312869	338086853	292509967	8569735
1495876861634248411	500618796	226	1388239	104214019	338045721	292455141	8568946
1495876862134866141	500617581	224	1386879	104295607	338047722	292486255	8566499
1495876862635480621	500617543	226	1381414	104196750	338331215	292477182	8577805
1495876863136105018	500625796	226	1370093	104320476	338363793	292585649	8576055
1495876863636724831	500616254	224	1315778	104414554	338963146	292129655	8581722
1495876864137343937	500623209	222	1328337	105735303	334529173	289331138	8398036
1495876864637960917	500617229	226	1349596	106857921	330234803	286609243	8221695
1495876865138619189	500659363	226	1312717	108105288	327340125	283939539	8082740
1495876865639238836	500619883	226	1312051	109379852	323822628	281404012	7929459
1495876866139871316	500631253	224	1307420	110573607	320402344	278792128	7774894
1495876866640486713	500617389	226	1316915	111449831	317070202	276376434	7635720
1495876867141117818	500630476	226	1335050	111824584	314446281	274305855	7525926
1495876867641734298	500619030	226	1359772	111909238	312042824	272382319	7427550
1495876868142372528	500639478	224	1297016	112678766	310412231	270471894	7345468
1495876868642993217	500622309	226	1129394	115405299	308875663	268488095	7254551
1495876869143617363	500621393	234	1776630	100473394	303739800	270064868	8728580
1495876869644240219	500626195	226	1401415	104449439	337375918	292386223	8538279
1495876870144854032	500614104	224	1370393	104646112	338155875	292576260	8567158
1495876870645541429	500687382	226	1371378	104552374	338086526	292426905	8567063
1495876871146245659	500705142	226	1379614	104632220	337764955	292460528	8557400
1495876871646942722	500699185	226	1374316	104541884	338035166	292460486	8569588
1495876872147636578	500693285	224	1383322	104552772	337843689	292482198	8555829
1495876872648317391	500684166	226	1368427	104553990	338193670	292591274	8575103
1495876873149134038	500814753	226	1388468	104451433	338007468	292548514	8568407
1495876873649818393	500683539	226	1375603	104500253	338012071	292482933	8570287
1495876874150504789	500687711	224	1354588	104482356	338516055	292436576	8584213
1495876874651192186	500688585	226	1307520	105040048	337902215	291279186	8532271
1495876875151874791	500685119	226	1332115	105898303	333502478	288180300	8356344
1495876875652578563	500701736	228	1358914	106744975	329596162	285612812	8192530
1495876876153291918	500714125	224	1372045	107431632	326181700	282943930	8036770
1495876876654059856	500770076	228	1327435	109009450	323261137	280826556	7914460
1495876877154745753	500688982	224	1261406	110726900	320326066	278390662	7778863
1495876877655431358	500683931	226	1247217	111794865	317469321	275963323	7655616
1495876878156126005	500694085	224	1287815	112860924	313833033	273779009	7494454
1495876878656815402	500691401	226	1333401	113403769	310796737	271906005	7365922
1495876879157504424	500690887	226	1366357	113222063	308440496	270000249	7264174
1495876879658190945	500688281	222	1374827	113045505	306578421	268168999	7186680
1495876880159041967	500848478	230	1687515	101583437	307381626	283184162	8556597
1495876880659657155	500612700	226	1618013	103992038	315103197	289576811	8406153
1495876881160383219	500729240	224	1608994	104117566	315533252	289853878	8419163
1495876881661068949	500687615	226	1604198	104237700	315220369	289478208	8414146
1495876882161754721	500686128	224	1600795	104219773	315482614	289739874	8418892
1495876882662447034	500692833	226	1605440	104189297	315353733	289586222	8417498
1495876883163120973	500675559	226	1610690	104143146	315223604	289581087	8408532
1495876883663896577	500777595	228	1609730	104258938	315039185	289483831	8406184
1495876884164576474	500681160	224	1591784	104315194	315466750	289548735	8420604
1495876884665264829	500687383	226	1593033	104212984	315362629	289423180	8418390
1495876885165948184	500684169	224	1578102	104331730	315417170	289182296	8409252
1495876885666632040	500683792	226	1501312	105498842	314822993	287610962	8344127
1495876886167288436	500666578	224	1521318	106702414	311581727	285187232	8174119
1495876886667960916	500663226	226	1522222	107961338	308888431	282958915	8042271
1495876887168662063	500700021	228	1515626	108908450	306542802	280747292	7919676
1495876887669354793	500695444	226	1503661	109867822	304607456	278764756	7815965
1495876888170042065	500686598	224	1489198	110570692	302775829	276739094	7714184
1495876888670729712	500688207	226	1413830	112446315	300816754	275095390	7612918
1495876889171427192	500697473	224	1356913	114205302	298957032	273306081	7503122
1495876889672134422	500707791	226	1388980	115308131	296314656	271452392	7366774
1495876890172750611	500619154	224	1439533	116261102	293800209	269994267	7233946
1495876890562145035	382631335	3030	1348063	81360845	209573501	195180612	5525168
