#Timestamp	Benchmark	CPU(4) Frequency(MHz)	CPU(4) Temperature(C)	A15 Voltage(V)	A15 Current(A)	A15 Power(W)	CPU_CYCLES	L1I_CACHE_REFILL	L1I_TLB_REFILL	L1D_CACHE_ACCESS	L1D_TLB_REFILL	INST_RETIRED	EXCEPTION_TAKEN
1495812013935140181	parsec.dedup	1400	35	1.000000	0.322000	0.347000	451777634	4785380	1401030	107882735	1671359	213895289	24226
1495812014444913898	parsec.dedup	1400	35	1.000000	0.789000	0.836000	701255676	7691100	2236621	161852631	2632138	314154994	38991
1495812014954784116	parsec.dedup	1400	35	1.000000	0.791000	0.838000	700885163	7541333	2196164	164512090	2588626	323984777	38350
1495812015464851625	parsec.dedup	1400	35	1.000000	0.794000	0.841000	700875183	4007663	2518678	184648679	3130371	274977617	30967
1495812015974768176	parsec.dedup	1400	35	1.000000	0.794000	0.841000	700929760	3392993	2227506	181933901	2943001	273205187	26324
1495812016484639893	parsec.dedup	1400	35	1.000000	0.807000	0.853000	701053676	3203227	1685749	191824635	2689185	337895505	29553
1495812016994500861	parsec.dedup	1400	35	1.000000	0.798000	0.845000	700879852	2030477	1056167	319499949	1483010	810889427	14627
1495812017504170828	parsec.dedup	1400	36	1.000000	0.945000	1.001000	700845960	1558380	801030	335962221	1112997	887792741	10814
1495812018013476588	parsec.dedup	1400	36	1.000000	0.949000	1.005000	700852482	1260178	593824	359638360	840974	1047493874	6733
1495812018522657223	parsec.dedup	1400	36	1.000000	0.956000	1.013000	700856858	1634777	719684	341238632	911349	937880282	8481
1495812019031888817	parsec.dedup	1400	36	1.000000	0.951000	1.008000	700870642	1306881	587355	329116109	749309	1029190410	6878
1495812019541407410	parsec.dedup	1400	36	1.000000	0.917000	0.972000	700847992	1722608	786480	344153370	1380974	947033688	9157
1495812020050706128	parsec.dedup	1400	36	1.000000	0.945000	1.001000	700848690	1735429	779935	348951229	1529354	946663911	9426
1495812020560238138	parsec.dedup	1400	36	1.000000	0.943000	0.999000	701042728	1679909	749385	333732032	1646654	951017973	8864
1495812021069603939	parsec.dedup	1400	36	1.000000	0.975000	1.033000	700864684	1791499	793833	345584889	1729528	926984996	9591
1495812021579003824	parsec.dedup	1400	36	1.000000	0.919000	0.974000	700849944	1912187	862959	368071112	1950758	955181087	10289
1495812022088660792	parsec.dedup	1400	36	1.000000	0.970000	1.028000	700844928	2396322	1120322	362285303	2669434	865859971	13247
1495812022598098218	parsec.dedup	1400	36	1.000000	0.981000	1.039000	700947764	3320693	1611542	282937272	3334460	537409839	19091
1495812023107549228	parsec.dedup	1400	36	1.000000	0.882000	0.934000	700856013	3406816	1649751	276338010	3315397	527100398	19709
1495812023616951488	parsec.dedup	1400	36	1.000000	0.876000	0.928000	700892759	3396789	1637880	278153341	3306655	531108980	19473
1495812024126400789	parsec.dedup	1400	36	1.000000	0.879000	0.931000	700914832	3315046	1603950	283072766	3327203	539245806	18887
1495812024635804091	parsec.dedup	1400	36	1.000000	0.874000	0.926000	700870406	3417416	1665814	274030990	3299631	524300484	19805
1495812025145306517	parsec.dedup	1400	36	1.000000	0.878000	0.930000	700862754	3410082	1652179	274587165	3293283	524564403	19758
1495812025654677194	parsec.dedup	1400	36	1.000000	0.880000	0.932000	700868964	3399248	1644079	274114252	3641196	516265235	19549
1495812026164248870	parsec.dedup	1400	36	1.000000	0.872000	0.924000	700865906	3465466	1692002	267655781	3599870	507230895	20354
1495812026673637755	parsec.dedup	1400	35	1.000000	0.868000	0.920000	700852580	3417219	1663431	271225576	3647315	511709357	20010
1495812027183231223	parsec.dedup	1400	35	1.000000	0.865000	0.916000	700895834	3381059	1643740	274405907	3600172	517145286	19606
1495812027692788232	parsec.dedup	1400	35	1.000000	0.894000	0.947000	700848876	3331592	1620413	275343932	3405300	525430561	19563
1495812028202315367	parsec.dedup	1400	35	1.000000	0.875000	0.927000	700912673	3395651	1664835	269899760	3440739	514136963	19975
1495812028711920001	parsec.dedup	1400	35	1.000000	0.874000	0.926000	700878875	3306622	1610823	276992346	3474898	525044817	19146
1495812029221443344	parsec.dedup	1400	35	1.000000	0.874000	0.926000	700902348	2975900	1446420	270689714	2541459	560055934	17134
1495812029730798813	parsec.dedup	1400	35	1.000000	0.885000	0.938000	700872004	3214123	1556452	266475703	2745867	549398639	18746
1495812030240347031	parsec.dedup	1400	35	1.000000	0.869000	0.921000	700853776	2988893	1451564	266892413	2474457	553936286	17143
1495812030749805082	parsec.dedup	1400	35	1.000000	0.879000	0.931000	700868848	3339390	1651393	233071131	2015575	541101595	19496
1495812031259207217	parsec.dedup	1400	36	1.000000	0.852000	0.903000	700856216	3486736	1722118	228919152	2123022	531408976	20007
1495812031768660185	parsec.dedup	1400	35	1.000000	0.860000	0.911000	700892960	3494050	1738180	228032548	2171066	510316033	19100
1495812032277979653	parsec.dedup	1400	35	1.000000	0.865000	0.916000	700963242	3500816	1738790	230730206	2131872	521872500	20251
1495812032787536163	parsec.dedup	1400	35	1.000000	0.846000	0.896000	700876802	3483631	1743535	228771783	2104171	530039853	19696
1495812033296795089	parsec.dedup	1400	35	1.000000	0.851000	0.902000	700863676	3301253	1637751	234254162	2007171	538912206	19134
1495812033806338474	parsec.dedup	1400	35	1.000000	0.860000	0.911000	700871926	3160569	1554828	232907033	1893562	547458076	18875
1495812034315589776	parsec.dedup	1400	35	1.000000	0.864000	0.915000	700866410	3103804	1535250	233807394	1893748	547823739	18516
1495812034825002744	parsec.dedup	1400	35	1.000000	0.857000	0.908000	700841764	3464978	1742321	227521586	2074559	528035447	19613
1495812035334336254	parsec.dedup	1400	35	1.000000	0.854000	0.905000	700842316	3146565	1557466	235386897	1921864	545455979	18797
1495812035843803472	parsec.dedup	1400	35	1.000000	0.854000	0.905000	700856256	3192455	1596893	231565457	1955164	542931846	18731
1495812036353069857	parsec.dedup	1400	35	1.000000	0.854000	0.905000	700841685	2972135	1480499	236114444	1849261	558793934	18038
1495812036862632700	parsec.dedup	1400	35	1.000000	0.860000	0.911000	700915443	3177054	1601096	234209577	1976055	547247959	18730
1495812037372166418	parsec.dedup	1400	35	1.000000	0.855000	0.906000	700874536	3347641	1697293	231484647	2068848	533637101	18884
1495812037881725469	parsec.dedup	1400	35	1.000000	0.858000	0.909000	700863492	3152117	1563252	235101476	1970872	547504290	18359
1495812038391190312	parsec.dedup	1400	35	1.000000	0.860000	0.911000	700843792	3273339	1648604	229478689	1996082	538584395	19388
1495812038900651572	parsec.dedup	1400	35	1.000000	0.855000	0.906000	700881798	3426465	1732310	229484784	2081270	531007255	19763
1495812039410041373	parsec.dedup	1400	35	1.000000	0.861000	0.912000	700842974	3204931	1580321	235447555	1970981	544428011	19203
1495812039919400591	parsec.dedup	1400	35	1.000000	0.851000	0.902000	700838484	3167697	1572794	233655997	1939983	545980024	18717
1495812040428665976	parsec.dedup	1400	35	1.000000	0.849000	0.899000	700864260	3767851	1920031	221742611	2250130	508339702	20509
1495812040938066570	parsec.dedup	1400	35	1.000000	0.845000	0.895000	700913292	3085346	1538876	235563235	1910507	539504411	17869
1495812041447505621	parsec.dedup	1400	35	1.000000	0.858000	0.909000	700853392	3399165	1704169	229855446	2071336	524499319	19084
1495812041956898422	parsec.dedup	1400	35	1.000000	0.860000	0.911000	700938920	3395577	1706360	232305618	2057497	533111523	19566
1495812042466424390	parsec.dedup	1400	35	1.000000	0.851000	0.902000	700829386	3389300	1701656	231855963	2062754	528444541	19884
1495812042976031858	parsec.dedup	1400	35	1.000000	0.851000	0.902000	700822034	3404856	1695091	231146726	2054943	532764391	19694
1495812043485776243	parsec.dedup	1400	35	1.000000	0.857000	0.908000	700852000	3328095	1659130	228553881	2035413	531385590	19694
1495812043995311211	parsec.dedup	1400	35	1.000000	0.849000	0.899000	700825116	3189322	1600448	232841192	1955186	538947121	19256
1495812044504908595	parsec.dedup	1400	35	1.000000	0.857000	0.908000	701063128	3104196	1539108	234872091	1898480	543008842	18504
1495812045015021271	parsec.dedup	1400	35	1.000000	0.850000	0.901000	700968796	3524528	1780820	227466174	2118393	524262587	19763
1495812045524802113	parsec.dedup	1400	35	1.000000	0.853000	0.904000	700996974	3215366	1592378	233472393	1952329	536945758	18913
1495812046034358456	parsec.dedup	1400	35	1.000000	0.856000	0.907000	700992746	3336313	1670718	221363766	2084699	492648511	17883
1495812046543687049	parsec.dedup	1400	35	1.000000	0.842000	0.892000	700950580	3423180	1705791	231960167	2115418	532500623	19522
1495812047053029476	parsec.dedup	1400	35	1.000000	0.841000	0.891000	700950588	3521615	1759424	227137505	2239262	520781438	19631
1495812047562323819	parsec.dedup	1400	35	1.000000	0.849000	0.899000	700979193	3840339	1895106	222628474	2372225	505932466	20498
1495812048071637454	parsec.dedup	1400	35	1.000000	0.849000	0.899000	701143027	3310029	1631074	230277967	2104984	538169481	19294
1495812048581007339	parsec.dedup	1400	35	1.000000	0.852000	0.903000	700988280	3316181	1639690	231678919	2140803	536032775	19142
1495812049090361682	parsec.dedup	1400	35	1.000000	0.851000	0.902000	700971344	3345710	1664067	228628931	2128776	536596779	19405
1495812049599910817	parsec.dedup	1400	35	1.000000	0.857000	0.908000	701029472	3292902	1630420	229775917	2109338	536707422	18951
1495812050109322535	parsec.dedup	1400	35	1.000000	0.854000	0.905000	700944336	3195131	1578420	230782918	2063408	544134464	18881
1495812050618622712	parsec.dedup	1400	35	1.000000	0.858000	0.909000	700970156	3265987	1599350	230738497	2090141	538365891	19093
1495812051128023013	parsec.dedup	1400	35	1.000000	0.851000	0.902000	700975584	3548160	1741905	228774473	2242602	520325978	19934
1495812051637538940	parsec.dedup	1400	35	1.000000	0.854000	0.905000	700957885	3084712	1514591	234953217	2022892	547539319	18171
1495812052146982908	parsec.dedup	1400	35	1.000000	0.854000	0.905000	700863519	3394376	1668201	230045223	2184368	530398679	19443
1495812052656463334	parsec.dedup	1400	35	1.000000	0.856000	0.907000	700844192	3377176	1668041	233686894	2171029	535490785	19571
1495812053165987969	parsec.dedup	1400	35	1.000000	0.853000	0.904000	700839280	3351939	1655918	229293527	2130009	535996453	19317
1495812053675352187	parsec.dedup	1400	35	1.000000	0.851000	0.902000	700846924	3146311	1546790	232122802	2029893	552964964	18406
1495812054184699280	parsec.dedup	1400	35	1.000000	0.860000	0.911000	700869724	3195932	1587202	233217022	2055977	546061265	18678
1495812054694129540	parsec.dedup	1400	35	1.000000	0.865000	0.916000	700879756	3469917	1712128	228214996	2178152	527492028	19080
1495812055203484091	parsec.dedup	1400	35	1.000000	0.851000	0.902000	700868816	3224578	1581126	233277981	2066867	541242486	18896
1495812055712915226	parsec.dedup	1400	35	1.000000	0.855000	0.906000	700952706	3388280	1656778	230867470	2148654	534133041	19572
1495812056222368861	parsec.dedup	1400	35	1.000000	0.854000	0.905000	700857367	3403182	1693727	229568010	2175793	527622269	19399
1495812056731859037	parsec.dedup	1400	35	1.000000	0.856000	0.907000	700843109	3633667	1796094	223519422	2260140	520386291	20051
1495812057241325380	parsec.dedup	1400	35	1.000000	0.845000	0.895000	700838786	3241089	1602281	230497624	2092013	541453554	19184
1495812057750665932	parsec.dedup	1400	35	1.000000	0.860000	0.911000	700853084	3467775	1718857	228905571	2193521	526551051	19902
1495812058260289150	parsec.dedup	1400	35	1.000000	0.857000	0.908000	700874060	2352582	1202059	212372839	1755036	489494205	13261
1495812058769879409	parsec.facesim	1400	35	1.000000	0.845000	0.895000	474262345	4126436	1215403	102962622	1705182	208763308	20778
1495812059279821043	parsec.facesim	1400	35	1.000000	0.740000	0.784000	700877779	7702024	2225031	161063799	2624456	311207565	38883
1495812059789754052	parsec.facesim	1400	35	1.000000	0.789000	0.836000	700969500	7579541	2197507	164257662	2598361	322590405	38375
1495812060299385354	parsec.facesim	1400	35	1.000000	0.792000	0.839000	700856880	7429332	2159202	168266420	2563525	337272015	37658
1495812060808744363	parsec.facesim	1400	35	1.000000	0.797000	0.844000	701030498	2553252	962204	248574490	1269311	576124170	14635
1495812061318055373	parsec.facesim	1400	35	1.000000	0.886000	0.939000	700870356	1306004	858068	276975715	1237060	718671550	12784
1495812061827421258	parsec.facesim	1400	35	1.000000	0.944000	1.000000	700853628	1294242	729877	148168733	1392371	380749421	11726
1495812062336778726	parsec.facesim	1400	35	1.000000	0.812000	0.860000	700856888	583423	275301	119927293	1289239	354190889	3921
1495812062846124320	parsec.facesim	1400	35	1.000000	0.740000	0.782000	700857912	95235	59097	160655929	877596	439151648	264
1495812063355274163	parsec.facesim	1400	35	1.000000	0.761000	0.805000	700856176	596193	194592	124614712	958379	401714675	1850
1495812063864550715	parsec.facesim	1400	35	1.000000	0.780000	0.825000	700916556	706484	230204	127563297	1408680	307697992	2658
1495812064373747225	parsec.facesim	1400	35	1.000000	0.807000	0.853000	700850800	822989	493874	154601945	1539949	361816375	6885
1495812064883016818	parsec.facesim	1400	35	1.000000	0.749000	0.792000	700887608	595481	341495	135797618	1256030	327245555	4814
1495812065392209203	parsec.facesim	1400	35	1.000000	0.740000	0.782000	700853232	628390	367452	136258783	1227773	328472942	5175
1495812065901575297	parsec.facesim	1400	35	1.000000	0.744000	0.787000	700851700	569606	335433	134571768	1210469	324885789	4518
1495812066410751140	parsec.facesim	1400	35	1.000000	0.742000	0.785000	700887012	426767	248236	155065289	764964	519802421	3854
1495812066920068692	parsec.facesim	1400	35	1.000000	0.828000	0.877000	700852992	78281	27121	575854518	747602	931727080	112
1495812067429253993	parsec.facesim	1400	35	1.000000	1.274000	1.352000	700855812	69509	25710	762179697	1002264	1080887662	120
1495812067938431754	parsec.facesim	1400	35	1.000000	0.830000	0.879000	700926384	644372	409856	178420257	813381	574698887	6835
1495812068447691972	parsec.facesim	1400	35	1.000000	0.792000	0.839000	700895046	4635357	1091778	295654161	4361859	511964545	18720
1495812068956863149	parsec.facesim	1400	35	1.000000	0.928000	0.983000	700861822	6266642	27577	352980704	5465077	662336864	114
1495812069466079075	parsec.facesim	1400	35	1.000000	0.921000	0.976000	700843252	6277571	28388	347480577	5401087	654790038	112
1495812069975268461	parsec.facesim	1400	35	1.000000	0.910000	0.964000	700841632	6038809	28428	338641660	5360220	644015994	113
1495812070484378762	parsec.facesim	1400	36	1.000000	0.913000	0.967000	700938988	4850146	33996	346946961	4415353	678094757	190
1495812070993472606	parsec.facesim	1400	36	1.000000	0.930000	0.985000	700842640	9324587	29079	318739504	4965555	626074565	114
1495812071502628033	parsec.facesim	1400	35	1.000000	0.903000	0.957000	700829616	9125419	28749	314350815	4969303	619899162	123
1495812072011859543	parsec.facesim	1400	35	1.000000	0.899000	0.952000	700928546	8940156	27896	310980396	4949017	615678257	114
1495812072521052761	parsec.facesim	1400	36	1.000000	0.893000	0.946000	700832270	8638503	27800	304892592	4932368	607606353	112
1495812073030257313	parsec.facesim	1400	36	1.000000	0.894000	0.947000	700825104	8650643	27559	305683674	4917585	609396693	113
1495812073539714323	parsec.facesim	1400	36	1.000000	0.895000	0.948000	700830256	51669	22215	154838669	222220	324099708	113
1495812074049006541	parsec.facesim	1400	35	1.000000	0.791000	0.838000	700903624	49070	21464	151808050	218381	317669344	112
1495812074558275051	parsec.facesim	1400	35	1.000000	0.753000	0.798000	701025512	52974	22721	151699579	218654	317438943	114
1495812075067560353	parsec.facesim	1400	35	1.000000	0.761000	0.805000	700851116	49576	22247	155298565	223938	325106131	112
1495812075576849988	parsec.facesim	1400	35	1.000000	0.758000	0.801000	700921708	52188	22430	151784046	219081	317610311	114
1495812076086212456	parsec.facesim	1400	35	1.000000	0.753000	0.796000	700856972	50916	22410	152836334	219926	319860427	112
1495812076595396174	parsec.facesim	1400	35	1.000000	0.755000	0.798000	700863160	51007	22480	153469402	221149	321200564	113
1495812077104650143	parsec.facesim	1400	35	1.000000	0.766000	0.810000	700863256	51170	21959	151721778	218183	317511585	111
1495812077613834819	parsec.facesim	1400	35	1.000000	0.754000	0.797000	700858684	51820	22336	152861414	220074	319896833	112
1495812078123036413	parsec.facesim	1400	35	1.000000	0.754000	0.797000	700866772	50223	21623	152383952	219081	318896142	112
1495812078632324756	parsec.facesim	1400	35	1.000000	0.759000	0.803000	700868804	52741	22976	156294228	225247	327242454	114
1495812079141709683	parsec.facesim	1400	35	1.000000	0.753000	0.796000	700867892	51593	22806	154031544	220878	322410349	112
1495812079651228942	parsec.facesim	1400	35	1.000000	0.754000	0.797000	701193156	53198	22913	151832395	219275	317747231	114
1495812080160603327	parsec.facesim	1400	35	1.000000	0.755000	0.798000	700858348	51400	21804	151682223	218235	317469252	112
1495812080669995879	parsec.facesim	1400	35	1.000000	0.760000	0.804000	700859456	53670	22887	154775688	221935	324029147	113
1495812081179191639	parsec.facesim	1400	35	1.000000	0.761000	0.805000	700862900	51506	22548	152194594	219355	318521392	112
1495812081688544690	parsec.facesim	1400	35	1.000000	0.753000	0.796000	700855616	51805	23028	153930186	220431	322185441	113
1495812082197951617	parsec.facesim	1400	35	1.000000	0.766000	0.810000	700868264	50815	22363	151544995	218598	317085315	112
1495812082707364085	parsec.facesim	1400	35	1.000000	0.755000	0.798000	700852456	53425	23692	151688296	219057	317387769	114
1495812083216708428	parsec.facesim	1400	35	1.000000	0.753000	0.796000	700870000	50600	21610	153453497	219888	321185497	112
1495812083726070230	parsec.facesim	1400	35	1.000000	0.763000	0.808000	700959724	53227	22764	154048114	224011	322355088	113
1495812084235292531	parsec.facesim	1400	35	1.000000	0.756000	0.801000	700862344	50936	21574	151500789	216383	317118351	112
1495812084744653916	parsec.facesim	1400	35	1.000000	0.755000	0.800000	700872088	51574	22346	157283736	225786	328599176	113
1495812085253865260	parsec.facesim	1400	35	1.000000	0.753000	0.796000	700867952	49400	21133	151140046	218879	316349287	112
1495812085763205645	parsec.facesim	1400	35	1.000000	0.758000	0.801000	700877788	2302871	24978	194617992	1386118	396669029	127
1495812086272443655	parsec.facesim	1400	36	1.000000	0.850000	0.901000	700859820	9530314	26435	316616045	5077648	638336523	112
1495812086781758206	parsec.facesim	1400	36	1.000000	0.905000	0.959000	700855744	9279341	28597	310587707	5131335	629144046	114
1495812087291023716	parsec.facesim	1400	36	1.000000	0.902000	0.956000	700863308	9114164	27912	307441535	5098140	624819740	113
1495812087800254185	parsec.facesim	1400	36	1.000000	0.900000	0.954000	700946548	8892647	28467	302150131	5116332	617321614	113
1495812088309525403	parsec.facesim	1400	36	1.000000	0.897000	0.950000	700947260	7641384	29558	312587614	4586680	645909480	126
1495812088818733246	parsec.facesim	1400	36	1.000000	0.912000	0.966000	700864320	4038808	386470	271770690	3649387	624261619	850
1495812089328170131	parsec.facesim	1400	36	1.000000	0.910000	0.964000	700906332	1631330	648984	218192083	1366585	490279373	1420
1495812089837911765	parsec.freqmine	1400	35	1.000000	0.725000	0.768000	477407488	3091376	915938	104562377	1248603	232523421	15567
1495812090347694858	parsec.freqmine	1400	35	1.000000	0.507000	0.540000	701020781	7692683	2227615	160327221	2642942	308704092	38977
1495812090857859534	parsec.freqmine	1400	35	1.000000	0.792000	0.839000	700946304	7573929	2196716	163778701	2610378	320634328	38399
1495812091367558751	parsec.freqmine	1400	35	1.000000	0.794000	0.841000	701102261	7450793	2170928	168120689	2593274	335798710	37970
1495812091876775095	parsec.freqmine	1400	35	1.000000	0.799000	0.846000	700866362	2998746	917181	106359355	1145386	226633735	15888
1495812092386007355	parsec.freqmine	1400	35	1.000000	0.664000	0.703000	700851464	183992	96003	68243948	173069	164205520	1087
1495812092895418656	parsec.freqmine	1400	35	1.000000	0.662000	0.700000	700856603	196462	100947	68372002	179206	164288451	1137
1495812093404622041	parsec.freqmine	1400	35	1.000000	0.664000	0.702000	700853501	182619	94534	68156465	169392	163997590	1084
1495812093913751635	parsec.freqmine	1400	34	1.000000	0.664000	0.702000	700854000	185731	96040	68079242	167630	163841218	1081
1495812094422908103	parsec.freqmine	1400	34	1.000000	0.663000	0.701000	700858226	183713	95070	68083820	168977	163886282	1082
1495812094932432196	parsec.freqmine	1400	34	1.000000	0.664000	0.702000	700874106	185547	97219	68074121	168637	163875415	1083
1495812095441707790	parsec.freqmine	1400	34	1.000000	0.664000	0.702000	700929726	182861	95402	68149377	166878	164005466	1086
1495812095951087174	parsec.freqmine	1400	34	1.000000	0.663000	0.701000	700939023	185463	95606	68189101	168585	164032662	1087
1495812096460253643	parsec.freqmine	1400	34	1.000000	0.663000	0.701000	700832764	185294	96024	68136974	167117	164014532	1087
1495812096969448361	parsec.freqmine	1400	34	1.000000	0.663000	0.701000	700833060	182762	94939	68173069	168208	164037715	1086
1495812097478626205	parsec.freqmine	1400	34	1.000000	0.664000	0.702000	700832327	182861	93910	68127687	167986	163958191	1083
1495812097987924715	parsec.freqmine	1400	34	1.000000	0.663000	0.701000	700835485	184628	94977	68153315	169107	164033394	1086
1495812098497192850	parsec.freqmine	1400	34	1.000000	0.663000	0.701000	700854324	186763	95289	68075949	168764	163864053	1082
1495812099006522526	parsec.freqmine	1400	34	1.000000	0.663000	0.701000	700847133	185583	94985	68110600	168410	163921359	1085
1495812099515720536	parsec.freqmine	1400	34	1.000000	0.663000	0.701000	701157267	186585	94803	68191531	167089	164021422	1088
1495812100025021005	parsec.freqmine	1400	34	1.000000	0.663000	0.701000	700847529	187209	95651	68121392	167798	163982910	1085
1495812100534259931	parsec.freqmine	1400	34	1.000000	0.663000	0.701000	700842058	261148	140764	109286287	338495	478747802	1725
1495812101043528816	parsec.freqmine	1400	35	1.000000	0.923000	0.978000	700835348	242090	131407	172876307	528479	1027023668	1277
1495812101553086534	parsec.freqmine	1400	35	1.000000	0.926000	0.981000	700832156	513699	271184	172468380	1563377	916037862	3732
1495812102062536252	parsec.freqmine	1400	35	1.000000	0.728000	0.770000	700834644	848664	448422	139545969	8092892	348504254	6953
1495812102571842637	parsec.freqmine	1400	35	1.000000	0.752000	0.795000	700847484	1504112	823910	165051222	5095485	344250254	13651
1495812103081128772	parsec.freqmine	1400	35	1.000000	0.763000	0.807000	700892512	114330	27271	414703000	638520	787768071	123
1495812103590456616	parsec.freqmine	1400	35	1.000000	0.918000	0.973000	700902744	81097	26668	435973643	516592	813981904	112
1495812104099656209	parsec.freqmine	1400	35	1.000000	0.931000	0.986000	700815137	109269	26253	435354527	541719	810795869	112
1495812104608771886	parsec.freqmine	1400	35	1.000000	0.943000	0.999000	700861063	112800	26823	410131637	703341	779957838	118
1495812105117930271	parsec.freqmine	1400	35	1.000000	0.937000	0.993000	700864429	114055	27179	415197870	679344	781690622	117
1495812105627180739	parsec.freqmine	1400	35	1.000000	0.933000	0.988000	700861041	109508	26198	440089882	484237	820345626	112
1495812106136389166	parsec.freqmine	1400	35	1.000000	0.945000	1.001000	700851878	106704	25164	436866167	533772	813380477	112
1495812106645500760	parsec.freqmine	1400	35	1.000000	0.941000	0.997000	700853661	109781	26349	436983382	554907	811622369	112
1495812107154624812	parsec.freqmine	1400	35	1.000000	0.939000	0.995000	700942181	111436	26077	426161864	609470	801773107	115
1495812107663796155	parsec.freqmine	1400	35	1.000000	0.937000	0.993000	700934922	109314	26172	441855785	513209	821925732	112
1495812108172910624	parsec.freqmine	1400	35	1.000000	0.938000	0.994000	700852397	109820	26236	439301498	527600	816768427	112
1495812108682064759	parsec.freqmine	1400	35	1.000000	0.940000	0.996000	700852562	110756	26431	432315022	575052	802671719	112
1495812109191486768	parsec.freqmine	1400	35	1.000000	0.940000	0.996000	700954883	109598	26074	429797446	581035	801399146	112
1495812109700713570	parsec.freqmine	1400	35	1.000000	0.942000	0.998000	700865028	92987	26660	428909140	556589	805417640	115
1495812110209954580	parsec.freqmine	1400	35	1.000000	0.934000	0.990000	700852592	109505	25860	436193833	539227	812354210	112
1495812110719032715	parsec.freqmine	1400	35	1.000000	0.938000	0.994000	700855669	109609	26666	431303054	562170	804133583	110
1495812111228163976	parsec.freqmine	1400	35	1.000000	0.940000	0.996000	700953134	109320	26414	434278646	568528	807902081	113
1495812111737393652	parsec.freqmine	1400	35	1.000000	0.943000	0.999000	700857872	109523	26475	426860508	637575	794687918	112
1495812112246599204	parsec.freqmine	1400	35	1.000000	0.938000	0.994000	700852428	110740	25942	426655612	642550	796804561	114
1495812112755702339	parsec.freqmine	1400	35	1.000000	0.934000	0.990000	700907075	109249	25774	440024127	573386	813263936	112
1495812113264850600	parsec.freqmine	1400	35	1.000000	0.943000	0.999000	700854098	111011	26147	430341146	642664	798007578	112
1495812113773968985	parsec.freqmine	1400	35	1.000000	0.941000	0.997000	700854338	110170	25607	429332009	632275	800987756	112
1495812114283062162	parsec.freqmine	1400	35	1.000000	0.940000	0.996000	700867845	111075	25991	433337014	623626	804234983	115
1495812114792542838	parsec.freqmine	1400	35	1.000000	0.937000	0.993000	700986522	109821	26018	439611492	567900	813816235	112
1495812115301737973	parsec.freqmine	1400	35	1.000000	0.941000	0.997000	701049036	109034	25270	434181631	619492	801709908	113
1495812115810927525	parsec.freqmine	1400	35	1.000000	0.945000	1.001000	700954430	111539	26197	420509986	714632	786812306	113
1495812116320033285	parsec.freqmine	1400	35	1.000000	0.937000	0.993000	700955867	110513	25080	432584172	608042	804913050	114
1495812116829508170	parsec.freqmine	1400	35	1.000000	0.942000	0.998000	700954691	110446	26098	427702135	686625	793836082	113
1495812117338817471	parsec.freqmine	1400	35	1.000000	0.941000	0.997000	700949529	107048	25376	432198721	677110	797990358	112
1495812117847984315	parsec.freqmine	1400	35	1.000000	0.941000	0.997000	700953113	110525	26044	425232944	686888	792216681	112
1495812118357183825	parsec.freqmine	1400	35	1.000000	0.937000	0.993000	700954987	114220	26164	399527037	737829	777786400	119
1495812118866471335	parsec.freqmine	1400	35	1.000000	0.922000	0.977000	701091596	104006	30006	257281236	985013	657385176	138
1495812119375610178	parsec.freqmine	1400	35	1.000000	0.820000	0.869000	700854832	128379	31862	289947727	879333	660784361	174
1495812119884896772	parsec.freqmine	1400	35	1.000000	0.874000	0.926000	700849884	154641	43180	331062824	900955	681926904	278
1495812120394211323	parsec.freqmine	1400	35	1.000000	0.891000	0.944000	700853024	192024	83407	232847320	1616847	558212020	1098
1495812120903493917	parsec.freqmine	1400	35	1.000000	0.855000	0.906000	700848848	144860	60111	236946677	2066651	580727187	618
1495812121412698635	parsec.freqmine	1400	35	1.000000	0.869000	0.921000	700857052	143549	61998	240304959	2306649	579764052	643
1495812121921903687	parsec.freqmine	1400	35	1.000000	0.884000	0.937000	700864428	169716	70448	235519411	2356824	537341602	688
1495812122431909987	parsec.streamcluster	1400	35	1.000000	0.857000	0.908000	477890943	4848605	1419240	113080313	1756133	225003853	24261
1495812122941719663	parsec.streamcluster	1400	35	1.000000	0.783000	0.829000	701081900	7722707	2261991	160947764	2657171	312706844	39027
1495812123451944755	parsec.streamcluster	1400	35	1.000000	0.791000	0.838000	700983606	7596364	2206002	164332768	2600455	323825092	38441
1495812123961751556	parsec.streamcluster	1400	35	1.000000	0.793000	0.840000	700885687	7350829	2154400	168532963	2556672	339465405	37196
1495812124471197399	parsec.streamcluster	1400	35	1.000000	0.799000	0.845000	700936080	1452726	527053	255912801	1259591	564345274	9063
1495812124980589534	parsec.streamcluster	1400	35	1.000000	0.949000	1.005000	700993336	58933	22804	248856072	946925	570652051	113
1495812125490095586	parsec.streamcluster	1400	36	1.000000	0.969000	1.027000	700966882	56986	21639	248688923	946571	570549503	112
1495812125999461137	parsec.streamcluster	1400	36	1.000000	0.968000	1.026000	700974102	57694	22521	249153830	948652	571660940	113
1495812126508703439	parsec.streamcluster	1400	36	1.000000	0.969000	1.027000	701043656	57453	22630	249219755	947705	571377436	113
1495812127018035157	parsec.streamcluster	1400	36	1.000000	0.970000	1.028000	700959194	58904	23025	248336518	944539	569625232	114
1495812127527358709	parsec.streamcluster	1400	36	1.000000	0.967000	1.025000	700964414	57542	21582	248411733	945558	570069429	110
1495812128036647885	parsec.streamcluster	1400	36	1.000000	0.968000	1.026000	700950472	58833	22055	248655501	945540	570435238	113
1495812128545997354	parsec.streamcluster	1400	36	1.000000	0.971000	1.029000	701052704	57266	21409	249084211	947342	571194996	112
1495812129055276530	parsec.streamcluster	1400	36	1.000000	0.970000	1.028000	700839370	60459	22630	249121045	947534	571480805	113
1495812129564595248	parsec.streamcluster	1400	36	1.000000	0.968000	1.026000	700834840	57733	21711	248343850	944306	569590237	112
1495812130073811508	parsec.streamcluster	1400	36	1.000000	0.968000	1.026000	700838816	60791	22894	248143741	947197	570096607	114
1495812130583056310	parsec.streamcluster	1400	36	1.000000	0.967000	1.025000	700890090	60192	21885	247971329	951254	570943826	114
1495812131092422320	parsec.streamcluster	1400	36	1.000000	0.968000	1.026000	700835562	58886	22346	247701772	952231	570635973	113
1495812131601944496	parsec.streamcluster	1400	37	1.000000	0.967000	1.025000	700835178	57619	21562	247395102	948305	570543520	113
1495812132111341090	parsec.streamcluster	1400	36	1.000000	0.968000	1.026000	700912608	58359	22579	247133253	951443	570672513	113
1495812132620613808	parsec.streamcluster	1400	37	1.000000	0.965000	1.022000	700871634	56845	22351	247741008	954189	572235133	112
1495812133130012776	parsec.streamcluster	1400	37	1.000000	0.966000	1.023000	701009318	56431	22720	247490671	954768	571744988	113
1495812133639157995	parsec.streamcluster	1400	36	1.000000	0.967000	1.025000	700839364	59209	22008	247615016	971475	572411892	114
1495812134148397963	parsec.streamcluster	1400	37	1.000000	0.967000	1.025000	700956466	61389	22685	246160828	967551	569415178	113
1495812134657708806	parsec.streamcluster	1400	37	1.000000	0.966000	1.023000	700870872	56440	22023	245935481	965095	568740838	113
1495812135166953358	parsec.streamcluster	1400	37	1.000000	0.963000	1.020000	700864554	58155	22231	246373414	997027	569843009	113
1495812135676312701	parsec.streamcluster	1400	37	1.000000	0.966000	1.023000	700868172	59128	22224	245820953	1066414	568946105	112
1495812136185722753	parsec.streamcluster	1400	37	1.000000	0.964000	1.021000	700863848	58267	22254	244681007	1052543	566480647	113
1495812136695124846	parsec.streamcluster	1400	37	1.000000	0.961000	1.018000	700874616	56526	21143	244928720	1047578	567003463	112
1495812137204447731	parsec.streamcluster	1400	37	1.000000	0.962000	1.019000	700871604	58212	21901	244829262	1058408	566792585	113
1495812137713781282	parsec.streamcluster	1400	37	1.000000	0.962000	1.019000	700861652	57322	21529	245885478	1059325	569211896	113
1495812138223033792	parsec.streamcluster	1400	37	1.000000	0.965000	1.022000	701050728	60129	22317	245653765	1058189	568696404	113
1495812138732701843	parsec.streamcluster	1400	37	1.000000	0.965000	1.022000	700869456	58522	22535	245842266	1054948	569221721	113
1495812139242097353	parsec.streamcluster	1400	37	1.000000	0.966000	1.023000	700863054	58763	22264	244408666	1073176	565986514	113
1495812139751467321	parsec.streamcluster	1400	37	1.000000	0.962000	1.019000	700864822	57989	22003	245082757	1079535	567606398	112
1495812140260717956	parsec.streamcluster	1400	37	1.000000	0.964000	1.021000	700869598	57707	21493	244769133	1075588	566953373	113
1495812140770099466	parsec.streamcluster	1400	37	1.000000	0.963000	1.020000	700861186	58048	21913	244685349	1079909	566684112	112
1495812141279398893	parsec.streamcluster	1400	37	1.000000	0.963000	1.020000	700865164	58187	21891	244549650	1073458	566456571	113
1495812141788700986	parsec.streamcluster	1400	37	1.000000	0.965000	1.022000	700929612	57015	21158	245020628	1081533	567436095	111
1495812142297972079	parsec.streamcluster	1400	37	1.000000	0.964000	1.021000	690826297	377569	126640	239120029	1142943	549494267	1768
1495812142808138713	splash2x.barnes	1400	36	1.000000	0.965000	1.022000	487940365	5198007	1510418	116030056	1807452	229387110	26123
1495812143318034972	splash2x.barnes	1400	36	1.000000	0.709000	0.752000	700971442	7643105	2219897	161623349	2625618	313772444	38718
1495812143827911648	splash2x.barnes	1400	36	1.000000	0.793000	0.840000	700958897	7535679	2195096	164798741	2595934	325071039	38297
1495812144337808032	splash2x.barnes	1400	36	1.000000	0.795000	0.842000	700950150	7313823	2150435	167165435	2565202	334755715	37357
1495812144847604958	splash2x.barnes	1400	36	1.000000	0.801000	0.849000	700880295	1823681	829067	156785253	1745681	395814415	13214
1495812145356963676	splash2x.barnes	1400	36	1.000000	0.821000	0.870000	700862564	407433	164611	134834231	3012437	303663646	1969
1495812145866181978	splash2x.barnes	1400	36	1.000000	0.889000	0.942000	700977868	54686	24331	240887629	4101274	502816873	113
1495812146375348572	splash2x.barnes	1400	36	1.000000	0.928000	0.983000	700849852	55551	34014	241368663	3798491	503812112	113
1495812146884665790	splash2x.barnes	1400	36	1.000000	0.934000	0.990000	700850861	54276	31162	241689296	3573943	505112892	113
1495812147393911675	splash2x.barnes	1400	36	1.000000	0.934000	0.990000	700853203	55089	29270	241594904	3742653	503984880	113
1495812147903215852	splash2x.barnes	1400	36	1.000000	0.932000	0.987000	700972440	54710	27869	241521070	3791125	504326067	112
1495812148412389695	splash2x.barnes	1400	36	1.000000	0.934000	0.990000	700862600	55783	28301	241672250	3866001	505152147	113
1495812148921579872	splash2x.barnes	1400	36	1.000000	0.934000	0.990000	700856108	55136	34201	241389408	3785390	505764637	112
1495812149430691965	splash2x.barnes	1400	35	1.000000	0.933000	0.988000	700858976	56354	35597	240843275	4205104	504149009	114
1495812149939862225	splash2x.barnes	1400	36	1.000000	0.928000	0.983000	700933860	55693	32772	240696853	3993965	502284721	113
1495812150449004527	splash2x.barnes	1400	36	1.000000	0.927000	0.982000	700864752	56242	31541	240963057	3873579	503441482	113
1495812150958179079	splash2x.barnes	1400	36	1.000000	0.927000	0.982000	700851785	54939	28992	241933431	3359131	504273221	113
1495812151467480339	splash2x.barnes	1400	36	1.000000	0.933000	0.988000	700848911	55641	27043	242235644	3070356	504961473	113
1495812151976740099	splash2x.barnes	1400	36	1.000000	0.932000	0.987000	700939165	53798	24609	242267365	3234555	503386522	112
1495812152485808484	splash2x.barnes	1400	35	1.000000	0.932000	0.987000	700841768	55890	23876	242255417	3174555	505286871	113
1495812152995071828	splash2x.barnes	1400	36	1.000000	0.932000	0.987000	700853576	54744	23151	241958688	3220601	504454990	112
1495812153504745379	splash2x.barnes	1400	36	1.000000	0.933000	0.988000	700848736	56162	24888	241857557	3243083	505032727	113
1495812154013918556	splash2x.barnes	1400	36	1.000000	0.933000	0.988000	700922609	53645	23641	241815720	3408107	505719837	113
1495812154523105149	splash2x.barnes	1400	36	1.000000	0.931000	0.986000	700854754	55506	34496	240935374	3866847	502433904	113
1495812155032345909	splash2x.barnes	1400	36	1.000000	0.928000	0.983000	700977500	55257	32797	240952038	4103052	502504104	113
1495812155541774127	splash2x.barnes	1400	35	1.000000	0.926000	0.981000	700946848	182567	86325	199989171	3173535	433485560	830
1495812156050976179	splash2x.barnes	1400	35	1.000000	0.795000	0.841000	700970806	332873	144188	175683370	2113496	400200837	1698
1495812156560113606	splash2x.barnes	1400	35	1.000000	0.928000	0.983000	700953086	56287	24702	242031668	2365426	504079153	113
1495812157069232449	splash2x.barnes	1400	36	1.000000	0.931000	0.986000	700943868	54304	22699	242431262	2376176	505057219	112
1495812157578291376	splash2x.barnes	1400	35	1.000000	0.932000	0.987000	700951008	55629	24240	242194116	2679258	505083769	114
1495812158087528886	splash2x.barnes	1400	35	1.000000	0.931000	0.986000	700984018	54425	23226	242380549	2546217	504713564	112
1495812158596726813	splash2x.barnes	1400	35	1.000000	0.932000	0.987000	700854554	55142	26014	242065289	2551599	505052245	113
1495812159106034656	splash2x.barnes	1400	36	1.000000	0.931000	0.986000	700830025	54574	28095	242334229	2480211	505435100	111
1495812159615127667	splash2x.barnes	1400	36	1.000000	0.929000	0.984000	700824463	54574	33976	242073152	2387542	505868762	113
1495812160124333635	splash2x.barnes	1400	35	1.000000	0.925000	0.980000	700833669	54967	32709	242163537	2233733	505069022	112
1495812160633481812	splash2x.barnes	1400	35	1.000000	0.928000	0.983000	700829399	55294	29602	242000492	2417416	503498917	113
1495812161142738947	splash2x.barnes	1400	35	1.000000	0.925000	0.980000	700856756	54718	29676	241730090	2203055	504436944	112
1495812161651919207	splash2x.barnes	1400	35	1.000000	0.928000	0.983000	700846792	54891	30856	242468011	2681139	504343561	112
1495812162161146300	splash2x.barnes	1400	35	1.000000	0.932000	0.987000	700876860	52548	29412	242832800	2605693	503754312	113
1495812162670312727	splash2x.barnes	1400	35	1.000000	0.932000	0.987000	700975366	53683	33038	242357239	2482699	505009116	113
1495812163179434529	splash2x.barnes	1400	35	1.000000	0.933000	0.988000	700842086	56379	34147	242475570	2594563	504428806	113
1495812163688620622	splash2x.barnes	1400	35	1.000000	0.932000	0.987000	700886460	55822	32339	242146886	2437429	505258895	112
1495812164197818507	splash2x.barnes	1400	35	1.000000	0.933000	0.988000	700859760	56673	33545	241908380	2344722	504824273	113
1495812164707105142	splash2x.barnes	1400	35	1.000000	0.933000	0.988000	700866320	54524	33173	242099232	2406931	504090416	112
1495812165216384736	splash2x.barnes	1400	36	1.000000	0.928000	0.983000	700874638	55706	28157	242031787	2465923	503841101	114
1495812165725601746	splash2x.barnes	1400	35	1.000000	0.928000	0.983000	700857414	328408	144790	179985897	1997103	408158630	1670
1495812166234946881	splash2x.barnes	1400	35	1.000000	0.833000	0.882000	700876028	201398	84119	197061511	2342024	428241343	862
1495812166744127683	splash2x.barnes	1400	35	1.000000	0.914000	0.968000	700863126	56157	36586	242578357	2326667	506815915	113
1495812167253191859	splash2x.barnes	1400	35	1.000000	0.931000	0.986000	700975682	54271	34523	243038467	2405447	507418583	113
1495812167762304786	splash2x.barnes	1400	35	1.000000	0.931000	0.986000	700857741	54011	26206	242781432	2643627	507282119	112
1495812168271469671	splash2x.barnes	1400	35	1.000000	0.932000	0.987000	700866081	56273	28357	243010857	2505538	507050313	113
1495812168780712973	splash2x.barnes	1400	35	1.000000	0.931000	0.986000	700858430	56046	28042	242880938	2470225	507871047	112
1495812169289957942	splash2x.barnes	1400	35	1.000000	0.931000	0.986000	700860210	56451	23631	242798736	2501762	508189413	114
1495812169799145160	splash2x.barnes	1400	35	1.000000	0.931000	0.986000	700856252	53829	33874	242529926	2243948	507900785	112
1495812170308221754	splash2x.barnes	1400	35	1.000000	0.929000	0.984000	700860008	56527	33866	242856053	2260643	507521064	113
1495812170817483514	splash2x.barnes	1400	35	1.000000	0.926000	0.981000	700836039	55363	33907	242175282	2346949	505202024	113
1495812171326694107	splash2x.barnes	1400	35	1.000000	0.925000	0.980000	700937581	56043	30901	242262197	2240350	506150146	113
1495812171836000242	splash2x.barnes	1400	35	1.000000	0.927000	0.982000	700858932	54402	31782	242616185	2443422	505974346	112
1495812172345079586	splash2x.barnes	1400	35	1.000000	0.931000	0.986000	700856310	55196	31213	242792359	2635192	505777680	113
1495812172854263471	splash2x.barnes	1400	35	1.000000	0.931000	0.986000	700867649	54101	30086	242632740	2521144	505171375	112
1495812173363398439	splash2x.barnes	1400	35	1.000000	0.933000	0.988000	700871331	54811	30881	242208731	2427201	505316054	114
1495812173872591699	splash2x.barnes	1400	35	1.000000	0.931000	0.986000	700839509	54421	31902	242324368	2525124	505374191	112
1495812174381783543	splash2x.barnes	1400	35	1.000000	0.931000	0.986000	700860729	56125	27412	242163528	2472885	506527310	113
1495812174891201136	splash2x.barnes	1400	35	1.000000	0.932000	0.987000	700849600	56023	24011	242194282	2278186	505792824	113
1495812175400516521	splash2x.barnes	1400	35	1.000000	0.929000	0.984000	700853010	56478	24011	242805769	2399336	506135979	113
1495812175909772614	splash2x.barnes	1400	35	1.000000	0.926000	0.981000	700837788	56080	26777	242757511	2433994	505915603	112
1495812176418984916	splash2x.barnes	1400	35	1.000000	0.925000	0.980000	700860540	472887	200242	144781150	1844151	349115077	2425
1495812176928112759	splash2x.barnes	1400	35	1.000000	0.814000	0.862000	700848390	54017	30234	232246246	2447765	488188997	114
1495812177437299478	splash2x.barnes	1400	35	1.000000	0.926000	0.981000	700976216	53174	31777	242474209	2342676	506855709	113
1495812177946434946	splash2x.barnes	1400	35	1.000000	0.932000	0.987000	701077715	54990	28046	242592307	2513764	506366883	112
1495812178455526040	splash2x.barnes	1400	35	1.000000	0.932000	0.987000	700863196	55520	29323	242572140	2647385	506105594	113
1495812178964856758	splash2x.barnes	1400	35	1.000000	0.931000	0.986000	700865635	54626	28657	242454596	2565090	506329710	113
1495812179473983852	splash2x.barnes	1400	35	1.000000	0.932000	0.987000	700891422	55744	26146	242704106	2401768	507325172	113
1495812179983228737	splash2x.barnes	1400	35	1.000000	0.930000	0.985000	700869648	54135	33607	242497663	2503700	507540127	112
1495812180492403372	splash2x.barnes	1400	35	1.000000	0.931000	0.986000	700870887	55740	38723	242443306	2199604	507385453	113
1495812181001691423	splash2x.barnes	1400	35	1.000000	0.926000	0.981000	700859432	55429	27159	242742267	2348461	506843097	112
1495812181511027058	splash2x.barnes	1400	35	1.000000	0.925000	0.980000	700852580	56584	26641	242534045	2329235	506270803	114
1495812182020111610	splash2x.barnes	1400	35	1.000000	0.926000	0.981000	700852537	56848	25529	242773269	2345941	506677404	112
1495812182529381329	splash2x.barnes	1400	35	1.000000	0.929000	0.984000	700849190	55576	26023	242849451	2556640	506275951	113
1495812183038421297	splash2x.barnes	1400	35	1.000000	0.931000	0.986000	700850320	54771	25257	243112484	2628538	505752497	113
1495812183547667641	splash2x.barnes	1400	35	1.000000	0.931000	0.986000	700855688	56083	24845	243020650	2576084	506023320	113
1495812184056865192	splash2x.barnes	1400	35	1.000000	0.931000	0.986000	700853460	54675	26045	242830232	2506555	506443097	112
1495812184566026411	splash2x.barnes	1400	35	1.000000	0.932000	0.987000	700865917	56110	25146	242767749	2562151	506453760	113
1495812185075279838	splash2x.barnes	1400	35	1.000000	0.932000	0.987000	700969067	55504	25103	242900861	2411565	507640336	112
1495812185584447098	splash2x.barnes	1400	35	1.000000	0.930000	0.985000	701023368	58639	27143	242666244	2361898	506273746	114
1495812186093666524	splash2x.barnes	1400	35	1.000000	0.925000	0.980000	700951216	54399	25037	242936868	2422555	506808015	112
1495812186602814076	splash2x.barnes	1400	35	1.000000	0.925000	0.980000	700949800	56535	24326	225466532	2398341	471574343	114
1495812187112462336	splash2x.fmm	1400	35	1.000000	0.524000	0.558000	479768186	4360185	1275910	110858788	1679929	224177415	21814
1495812187622381803	splash2x.fmm	1400	35	1.000000	0.787000	0.834000	701017404	7679225	2221795	160962329	2634510	311360501	38794
1495812188132311104	splash2x.fmm	1400	35	1.000000	0.792000	0.839000	700921214	7562494	2195479	163976331	2606873	322369071	38303
1495812188642268655	splash2x.fmm	1400	35	1.000000	0.796000	0.842000	700884865	7403857	2156614	167248157	2569861	335126651	37550
1495812189151701248	splash2x.fmm	1400	35	1.000000	0.760000	0.804000	700919284	2368047	765366	115249807	1225553	279420688	12962
1495812189661596882	splash2x.fmm	1400	35	1.000000	0.783000	0.828000	700955856	2350046	1457936	133359327	2163641	259577924	23836
1495812190170952267	splash2x.fmm	1400	35	1.000000	0.803000	0.849000	700941172	359329	219916	102183942	4554178	270692235	3449
1495812190680125819	splash2x.fmm	1400	35	1.000000	0.840000	0.890000	700880792	69917	24137	139372052	3391264	555506625	117
1495812191189287912	splash2x.fmm	1400	35	1.000000	0.832000	0.881000	700876322	68778	25715	137493399	3669191	606211542	113
1495812191698452380	splash2x.fmm	1400	35	1.000000	0.860000	0.911000	700904780	63677	24983	134373920	4067312	593321292	112
1495812192207709099	splash2x.fmm	1400	35	1.000000	0.858000	0.909000	700985180	66197	24895	128195695	4684549	564956337	113
1495812192717035400	splash2x.fmm	1400	35	1.000000	0.844000	0.892000	700968592	66754	24640	135826892	3946125	599494088	113
1495812193226190036	splash2x.fmm	1400	35	1.000000	0.854000	0.905000	700886304	67929	25116	135728086	3845310	598385435	110
1495812193735398129	splash2x.fmm	1400	35	1.000000	0.861000	0.912000	700883572	66169	24342	149534227	3115793	663113943	112
1495812194244534264	splash2x.fmm	1400	35	1.000000	0.851000	0.902000	700887485	64520	23600	201222014	128568	904715105	113
1495812194753780941	splash2x.fmm	1400	35	1.000000	0.954000	1.011000	700895323	62425	24724	106838846	1871242	411848508	122
1495812195263018284	splash2x.fmm	1400	35	1.000000	0.809000	0.855000	700892314	62748	24378	133918836	3305981	473431185	120
1495812195772177461	splash2x.fmm	1400	35	1.000000	0.806000	0.854000	700889590	66814	24778	128682814	4590164	567048481	112
1495812196281356679	splash2x.fmm	1400	35	1.000000	0.834000	0.884000	700893888	69828	24770	135393522	3909079	596948925	113
1495812196790544148	splash2x.fmm	1400	35	1.000000	0.852000	0.903000	701061322	68912	24874	138353514	3614194	610969953	113
1495812197299913408	splash2x.fmm	1400	35	1.000000	0.868000	0.920000	700860018	68802	23358	131800699	4297771	580997182	113
1495812197809168251	splash2x.fmm	1400	35	1.000000	0.854000	0.905000	700954482	66176	23818	133090813	4156277	586928917	113
1495812198318225636	splash2x.fmm	1400	35	1.000000	0.840000	0.890000	700847202	69928	25042	138296372	3571646	609877674	113
1495812198827411772	splash2x.fmm	1400	35	1.000000	0.867000	0.917000	700860756	66544	24410	134030623	4072217	591581562	113
1495812199336665532	splash2x.fmm	1400	35	1.000000	0.856000	0.905000	700840744	66472	23539	185965436	1023515	833402677	113
1495812199845999791	splash2x.fmm	1400	35	1.000000	0.959000	1.016000	700855996	63832	22015	166098982	375317	734683734	114
1495812200355329843	splash2x.fmm	1400	35	1.000000	0.870000	0.922000	700867196	59363	24846	98093535	3551657	307797802	127
1495812200864630270	splash2x.fmm	1400	35	1.000000	0.730000	0.772000	700948500	68870	24931	136391560	3832495	556977080	114
1495812201373767363	splash2x.fmm	1400	35	1.000000	0.839000	0.889000	700858968	69484	25386	133228356	4170384	587497535	113
1495812201882945873	splash2x.fmm	1400	35	1.000000	0.848000	0.898000	700857068	67983	24766	136340199	3743977	600742781	112
1495812202392102717	splash2x.fmm	1400	35	1.000000	0.857000	0.908000	700859400	66643	25292	131794659	4409189	581448400	113
1495812202901430310	splash2x.fmm	1400	35	1.000000	0.845000	0.895000	700857948	70021	25057	129484647	4497403	570529738	113
1495812203410611820	splash2x.fmm	1400	35	1.000000	0.843000	0.891000	700888629	68719	24645	134810230	3933466	594225855	113
1495812203919868705	splash2x.fmm	1400	35	1.000000	0.841000	0.891000	700859575	65707	24935	134838155	3946784	594639703	112
1495812204429234090	splash2x.fmm	1400	35	1.000000	0.863000	0.914000	700851468	66407	24954	155789724	2766907	692449166	113
1495812204938414975	splash2x.fmm	1400	35	1.000000	0.844000	0.894000	700940464	61604	22456	201195032	148901	904691909	113
1495812205447639402	splash2x.fmm	1400	35	1.000000	0.951000	1.008000	700875644	68160	24765	96038339	2507429	355007191	124
1495812205956830120	splash2x.fmm	1400	35	1.000000	0.749000	0.792000	700864048	72264	24023	135189089	3287216	487836685	117
1495812206466202172	splash2x.fmm	1400	35	1.000000	0.843000	0.893000	700962728	69636	25340	129454579	4432277	569848038	113
1495812206975451432	splash2x.fmm	1400	35	1.000000	0.844000	0.894000	700886772	69628	25044	136959696	3723482	604029524	113
1495812207484594817	splash2x.fmm	1400	35	1.000000	0.861000	0.912000	700888656	68570	25353	135573979	3913567	598037793	113
1495812207993776619	splash2x.fmm	1400	35	1.000000	0.857000	0.908000	700895424	67165	24522	130357529	4391113	574104137	112
1495812208502978421	splash2x.fmm	1400	35	1.000000	0.833000	0.882000	700888556	70272	24842	132861166	4228093	586138425	114
1495812209012123139	splash2x.fmm	1400	35	1.000000	0.859000	0.910000	700976624	68044	24226	138399534	3534870	610311714	112
1495812209521331191	splash2x.fmm	1400	35	1.000000	0.846000	0.896000	700883920	69960	24782	132658104	4228034	585011449	113
1495812210030519159	splash2x.fmm	1400	35	1.000000	0.923000	0.978000	700888080	64573	23426	194411905	458688	872646391	110
1495812210539822336	splash2x.fmm	1400	35	1.000000	0.949000	1.005000	700965616	67718	23640	151636843	497452	665494835	116
1495812211049119387	splash2x.fmm	1400	35	1.000000	0.784000	0.831000	700884552	64277	24425	106913202	3546784	327978807	125
1495812211558266439	splash2x.fmm	1400	35	1.000000	0.818000	0.867000	700890892	70626	25106	133927242	4240893	567833161	114
1495812212067507616	splash2x.fmm	1400	35	1.000000	0.839000	0.889000	700884440	68249	24955	133961324	4067647	590785114	112
1495812212576787043	splash2x.fmm	1400	35	1.000000	0.850000	0.901000	700987216	71236	25647	136164735	3787159	599705344	114
1495812213085951386	splash2x.fmm	1400	35	1.000000	0.874000	0.926000	700886012	69937	24532	131318361	4459586	579344159	112
1495812213595091146	splash2x.fmm	1400	35	1.000000	0.839000	0.889000	700885716	70233	25084	132090978	4177386	582045873	113
1495812214104233531	splash2x.fmm	1400	35	1.000000	0.846000	0.896000	700885472	65902	25146	134785322	4077775	594645218	112
1495812214613324708	splash2x.fmm	1400	35	1.000000	0.850000	0.901000	700894944	69155	25978	135351102	3901895	596578656	113
1495812215122666260	splash2x.fmm	1400	35	1.000000	0.840000	0.890000	700895762	66808	24202	162267477	2478528	723074365	113
1495812215631883062	splash2x.fmm	1400	35	1.000000	0.959000	1.016000	701006566	62638	23059	194605328	189593	869635971	115
1495812216141709821	splash2x.radiosity	1400	35	1.000000	0.851000	0.902000	521785703	387389	130199	75372869	1114652	264444598	1739
1495812216651727872	splash2x.radiosity	1400	35	1.000000	0.615000	0.653000	655790194	7007250	2019541	155347147	2427484	304923153	35391
1495812217161628172	splash2x.radiosity	1400	35	1.000000	0.791000	0.838000	700861877	7628205	2205132	162537858	2618856	315867257	38688
1495812217671368348	splash2x.radiosity	1400	35	1.000000	0.794000	0.840000	700962686	7503565	2178927	166250038	2594646	329281181	38135
1495812218181308649	splash2x.radiosity	1400	35	1.000000	0.794000	0.841000	700877041	6749862	2177695	166988047	2676895	322860489	38137
1495812218691334116	splash2x.radiosity	1400	35	1.000000	0.816000	0.864000	700867820	3025079	1954685	171470783	2872476	327717575	36765
1495812219201517875	splash2x.radiosity	1400	35	1.000000	0.798000	0.845000	700880652	3493492	2266672	182251610	3201742	304987266	42032
1495812219711513384	splash2x.radiosity	1400	35	1.000000	0.799000	0.846000	700876176	3572717	2217913	182720285	3181222	305767377	42119
1495812220222345642	splash2x.radiosity	1400	35	1.000000	0.799000	0.846000	700984416	1586487	991375	97770464	1495365	173885711	18415
1495812220731848110	splash2x.radiosity	1400	35	1.000000	0.790000	0.837000	700851902	86064	64357	262125573	684024	825930292	112
1495812221241085912	splash2x.radiosity	1400	35	1.000000	0.925000	0.980000	700830903	76662	64320	267881609	637430	831193957	113
1495812221750337838	splash2x.radiosity	1400	35	1.000000	0.991000	1.050000	700817085	88053	32613	269980115	634671	792657677	112
1495812222259494640	splash2x.radiosity	1400	35	1.000000	0.975000	1.033000	700846955	89226	37295	269555669	607423	800290710	113
1495812222768670775	splash2x.radiosity	1400	35	1.000000	0.971000	1.029000	700850767	95105	53839	261364597	645204	774294993	113
1495812223277780577	splash2x.radiosity	1400	35	1.000000	0.969000	1.027000	700848225	91429	40266	261200095	725165	794327921	113
1495812223787021587	splash2x.radiosity	1400	36	1.000000	0.979000	1.037000	700860402	92162	46652	254858963	775069	789577699	113
1495812224296260889	splash2x.radiosity	1400	35	1.000000	0.989000	1.048000	700853435	91481	54119	254189243	750581	779139716	113
1495812224805547274	splash2x.radiosity	1400	35	1.000000	0.986000	1.045000	700849155	90291	50269	257198174	711337	781332963	112
1495812225314703326	splash2x.radiosity	1400	35	1.000000	0.981000	1.039000	700852402	92413	43118	270330667	643365	792478430	113
1495812225823844378	splash2x.radiosity	1400	36	1.000000	0.966000	1.023000	700957063	90318	41915	265966290	706486	791724922	112
1495812226332966638	splash2x.radiosity	1400	35	1.000000	0.973000	1.031000	700848495	92029	58039	264488825	621224	782942533	113
1495812226842101273	splash2x.radiosity	1400	35	1.000000	0.976000	1.034000	700854708	91007	49695	270600471	541992	782417184	112
1495812227351367075	splash2x.radiosity	1400	35	1.000000	0.971000	1.029000	700854375	93688	43856	270510296	594817	769056557	112
1495812227860597210	splash2x.radiosity	1400	35	1.000000	0.956000	1.013000	701028212	94877	52379	266737270	584523	773378508	113
1495812228369722220	splash2x.radiosity	1400	36	1.000000	0.962000	1.019000	700841333	92176	37922	276293066	558763	767766286	113
1495812228878893855	splash2x.radiosity	1400	35	1.000000	0.953000	1.010000	700855180	91472	37000	270466628	629650	774456879	112
1495812229388042948	splash2x.radiosity	1400	35	1.000000	0.957000	1.014000	700857128	94585	36182	267940071	675477	774578632	113
1495812229897205542	splash2x.radiosity	1400	35	1.000000	0.962000	1.019000	700859753	93778	36097	268101995	646288	772816219	112
1495812230406429219	splash2x.radiosity	1400	35	1.000000	0.957000	1.014000	700861198	95825	42998	266483428	684645	747615528	113
1495812230915691854	splash2x.radiosity	1400	36	1.000000	0.963000	1.020000	700855883	95405	42677	264055954	630981	731281223	113
1495812231424959155	splash2x.radiosity	1400	35	1.000000	0.956000	1.013000	700848722	93071	48305	267788961	660154	764013259	113
1495812231934191374	splash2x.radiosity	1400	35	1.000000	0.960000	1.017000	701015364	91713	45194	272777089	587794	802177795	113
1495812232443283801	splash2x.radiosity	1400	35	1.000000	0.970000	1.028000	700857827	93088	45130	266443044	631273	764950534	113
1495812232952458811	splash2x.radiosity	1400	36	1.000000	0.967000	1.025000	700859939	93677	34550	277467558	483171	813187293	112
1495812233461683987	splash2x.radiosity	1400	36	1.000000	0.956000	1.013000	700849723	93273	34505	260724979	663160	826363930	113
1495812233971166247	splash2x.radiosity	1400	36	1.000000	0.973000	1.031000	700842800	91423	39167	258360403	723045	821236856	112
1495812234480322632	splash2x.radiosity	1400	35	1.000000	0.979000	1.037000	700843128	93491	35033	257104036	624901	781660782	113
1495812234989456184	splash2x.radiosity	1400	36	1.000000	0.962000	1.019000	700849291	90906	31325	255880747	431693	765043925	113
1495812235498660403	splash2x.radiosity	1400	36	1.000000	0.963000	1.020000	700861956	93253	31135	260933651	400380	778727978	113
1495812236007945371	splash2x.radiosity	1400	35	1.000000	0.952000	1.009000	700966773	91778	29662	272604438	361771	817406648	113
1495812236517131631	splash2x.radiosity	1400	35	1.000000	0.952000	1.009000	700845507	94763	31633	264098637	431940	764396992	113
1495812237026315766	splash2x.radiosity	1400	35	1.000000	0.968000	1.026000	700844376	94803	31640	262986749	330688	740670336	112
1495812237535446526	splash2x.radiosity	1400	35	1.000000	0.953000	1.010000	700852780	95075	32913	262094584	409478	731111348	113
1495812238044692078	splash2x.radiosity	1400	35	1.000000	0.957000	1.014000	700846268	92835	31109	264161758	470589	767469768	112
1495812238553811755	splash2x.radiosity	1400	36	1.000000	0.975000	1.033000	700846435	98740	31671	264646244	388517	762448456	113
1495812239062973890	splash2x.radiosity	1400	36	1.000000	0.966000	1.023000	700844197	100270	32730	261132197	459443	748645687	113
1495812239572117567	splash2x.radiosity	1400	35	1.000000	0.959000	1.016000	700848348	95532	34675	257699379	481680	784805038	113
1495812240081372327	splash2x.radiosity	1400	35	1.000000	0.969000	1.027000	700849800	97601	32294	275113118	497434	794007245	112
1495812240590534087	splash2x.radiosity	1400	35	1.000000	0.962000	1.019000	701002944	101081	33226	273005148	478549	778605810	113
1495812241099933764	splash2x.radiosity	1400	35	1.000000	0.956000	1.013000	700851520	96234	32168	269545968	457179	766409764	112
1495812241609091857	splash2x.radiosity	1400	36	1.000000	0.955000	1.012000	700842260	93067	33116	281134704	541723	725906534	113
1495812242118245117	splash2x.radiosity	1400	35	1.000000	0.957000	1.014000	700851367	92579	32311	287314115	506437	725833132	112
1495812242627439252	splash2x.radiosity	1400	35	1.000000	0.944000	1.000000	700858535	96082	39003	272252332	494595	751208294	113
1495812243136676637	splash2x.radiosity	1400	36	1.000000	0.958000	1.015000	700846544	91343	40670	276178681	524722	756923826	113
1495812243645989606	splash2x.radiosity	1400	35	1.000000	0.957000	1.014000	700846955	94046	35846	276014230	641341	753417584	113
1495812244155146699	splash2x.radiosity	1400	36	1.000000	0.953000	1.010000	700858268	95234	38423	271419811	743662	729424548	112
1495812244664338626	splash2x.radiosity	1400	36	1.000000	0.955000	1.012000	701040340	94858	37617	276132351	690704	766077883	114
1495812245173523844	splash2x.radiosity	1400	35	1.000000	0.950000	1.007000	700858099	91620	35609	278636044	725943	756465561	111
1495812245682780604	splash2x.radiosity	1400	36	1.000000	0.951000	1.008000	700955443	92026	44181	274295546	602153	778299871	112
1495812246191918239	splash2x.radiosity	1400	35	1.000000	0.967000	1.025000	700888889	95137	42667	273205626	641206	769549334	112
1495812246701254833	splash2x.radiosity	1400	36	1.000000	0.960000	1.017000	700880380	94301	46677	269541368	616399	769987786	113
1495812247210431676	splash2x.radiosity	1400	35	1.000000	0.951000	1.008000	700863384	94712	40571	268323453	684521	743951344	113
1495812247719613103	splash2x.radiosity	1400	35	1.000000	0.959000	1.016000	700864792	95686	41201	263559037	689365	772260242	113
1495812248228889155	splash2x.radiosity	1400	35	1.000000	0.962000	1.019000	700894804	93307	37417	272201815	589535	773622866	113
1495812248738089081	splash2x.radiosity	1400	35	1.000000	0.957000	1.014000	700863819	98131	38016	270253948	678211	763753308	113
1495812249247274466	splash2x.radiosity	1400	35	1.000000	0.957000	1.014000	700876493	98607	39196	270263089	651779	751079353	112
1495812249756494810	splash2x.radiosity	1400	35	1.000000	0.964000	1.021000	700876023	96165	37364	264523399	561695	787968864	113
1495812250265750445	splash2x.radiosity	1400	35	1.000000	0.948000	1.004000	700958904	100977	37022	261127717	421636	742099027	113
1495812250775095288	splash2x.radiosity	1400	35	1.000000	0.954000	1.011000	701003452	87312	40607	269277687	530360	730668181	113
1495812251284383548	splash2x.radiosity	1400	36	1.000000	0.946000	1.002000	701124900	96285	39696	266290453	708053	716988718	113
1495812251793491100	splash2x.radiosity	1400	36	1.000000	0.948000	1.004000	701159008	97002	40250	269555097	741876	740306281	113
1495812252302713777	splash2x.radiosity	1400	35	1.000000	0.949000	1.005000	700984364	97938	40509	265774121	754110	733748152	113
1495812252811893245	splash2x.radiosity	1400	35	1.000000	0.948000	1.004000	700982804	98720	38619	258433977	734186	726582284	112
1495812253321174463	splash2x.radiosity	1400	36	1.000000	0.946000	1.002000	700979100	104260	41224	254175759	628976	701930275	113
1495812253830412140	splash2x.radiosity	1400	35	1.000000	0.937000	0.993000	700978204	96920	42318	253721286	911497	691200534	112
1495812254339592442	splash2x.radiosity	1400	35	1.000000	0.938000	0.994000	700998104	102545	42771	236343607	984939	645631771	113
1495812254848909660	splash2x.radiosity	1400	35	1.000000	0.915000	0.969000	700981568	98790	39102	198403392	1466000	518646720	113
1495812255358133629	splash2x.radiosity	1400	35	1.000000	0.863000	0.914000	701122488	87220	31062	148853540	2087715	353128076	114
1495812255867310097	splash2x.radiosity	1400	35	1.000000	0.814000	0.862000	700849708	63590	24648	195232020	479062	580920658	131
1495812256376601149	splash2x.radiosity	1400	35	1.000000	0.756000	0.801000	700845492	60956	22689	208098876	451734	629455344	113
1495812256885982200	splash2x.radiosity	1400	35	1.000000	0.726000	0.769000	485266939	477241	144230	131644182	488942	327098303	1734
1495812257396207167	splash2x.raytrace	1400	35	1.000000	0.792000	0.839000	692047318	7428259	2181341	162934447	2605321	320292823	37591
1495812257906005301	splash2x.raytrace	1400	35	1.000000	0.788000	0.835000	700894312	7657149	2241787	162312269	2647396	316407211	38833
1495812258415662686	splash2x.raytrace	1400	35	1.000000	0.789000	0.836000	700873284	7504057	2200558	166169435	2614246	329775583	38237
1495812258925506653	splash2x.raytrace	1400	35	1.000000	0.791000	0.838000	700964904	6926573	1782988	177828356	2198424	427140810	30483
1495812259434738164	splash2x.raytrace	1400	35	1.000000	0.815000	0.863000	700852952	780019	81051	211288968	1180236	539750694	698
1495812259943796507	splash2x.raytrace	1400	35	1.000000	1.023000	1.084000	700842098	100488	27661	208462295	1226384	500789816	132
1495812260452833226	splash2x.raytrace	1400	35	1.000000	1.024000	1.085000	700843144	115746	27342	208480413	1213604	494075116	113
1495812260962008653	splash2x.raytrace	1400	35	1.000000	1.024000	1.086000	700849824	89872	26541	208726511	1221849	500825524	112
1495812261471154329	splash2x.raytrace	1400	35	1.000000	1.028000	1.089000	700842027	84397	26269	209657891	1231668	502633039	113
1495812261980289923	splash2x.raytrace	1400	35	1.000000	1.024000	1.085000	700840844	84750	25979	210382720	1230728	503408802	112
1495812262489388808	splash2x.raytrace	1400	35	1.000000	1.025000	1.086000	700846509	95608	27504	208231765	1188325	497136441	111
1495812262998833610	splash2x.raytrace	1400	35	1.000000	1.026000	1.087000	700841832	114660	27524	207090316	1181721	487378383	113
1495812263508024995	splash2x.raytrace	1400	35	1.000000	1.022000	1.083000	700908002	136166	28917	207477210	1199396	483991215	114
1495812264017165672	splash2x.raytrace	1400	35	1.000000	1.023000	1.085000	700842724	122559	27550	207710906	1180292	487397596	112
1495812264526323098	splash2x.raytrace	1400	35	1.000000	1.024000	1.085000	700848001	103024	27802	205854662	1157812	488614724	113
1495812265035492442	splash2x.raytrace	1400	35	1.000000	1.022000	1.084000	700953696	97513	28560	205979132	1164672	490789139	112
1495812265544608744	splash2x.raytrace	1400	35	1.000000	1.023000	1.085000	700845000	112775	28281	206444575	1168965	489488466	113
1495812266053696504	splash2x.raytrace	1400	35	1.000000	1.024000	1.085000	700846365	117793	28508	207754543	1179149	493505912	112
1495812266562838097	splash2x.raytrace	1400	35	1.000000	1.025000	1.087000	700844864	89717	28169	209520106	1184998	500405225	113
1495812267071990899	splash2x.raytrace	1400	36	1.000000	1.026000	1.088000	700850376	93810	27984	207694225	1191651	497794178	113
1495812267581216993	splash2x.raytrace	1400	36	1.000000	1.023000	1.084000	701014985	109961	29067	205134316	1163760	487334341	114
1495812268090395794	splash2x.raytrace	1400	36	1.000000	1.015000	1.076000	700850521	118242	28109	203698414	1147730	480416640	112
1495812268599527388	splash2x.raytrace	1400	36	1.000000	1.025000	1.087000	700840197	110340	28547	203855092	1122730	480779637	113
1495812269108695565	splash2x.raytrace	1400	36	1.000000	1.014000	1.075000	700844922	111595	28196	203979916	1139599	481210910	112
1495812269617807367	splash2x.raytrace	1400	36	1.000000	1.026000	1.088000	700847255	125769	28537	207623495	1170221	494147078	113
1495812270126975960	splash2x.raytrace	1400	36	1.000000	1.023000	1.085000	700850016	127242	28310	206530187	1160831	489108599	112
1495812270636250178	splash2x.raytrace	1400	36	1.000000	1.028000	1.090000	700836252	107854	28742	207366495	1158169	492698769	113
1495812271145353522	splash2x.raytrace	1400	36	1.000000	1.026000	1.088000	700843962	124119	28638	207349556	1165640	490328431	113
1495812271654483407	splash2x.raytrace	1400	35	1.000000	1.024000	1.086000	701024693	117479	29592	205925665	1148363	486656308	114
1495812272163608167	splash2x.raytrace	1400	36	1.000000	1.025000	1.087000	700850592	110821	27374	206019297	1141366	485049416	112
1495812272672784594	splash2x.raytrace	1400	36	1.000000	1.023000	1.084000	700846725	121967	28304	208351003	1174885	491928162	113
1495812273181941438	splash2x.raytrace	1400	36	1.000000	1.024000	1.085000	700852716	110671	27875	209291347	1192206	497310766	112
1495812273691218656	splash2x.raytrace	1400	36	1.000000	1.024000	1.085000	700837788	99096	28279	207651571	1143227	490085131	113
1495812274200445958	splash2x.raytrace	1400	36	1.000000	1.025000	1.086000	700844992	105539	28155	207491307	1140086	487348465	112
1495812274709655509	splash2x.raytrace	1400	36	1.000000	1.024000	1.086000	700835886	108907	29280	201897244	1122493	477156659	120
1495812275218864561	splash2x.raytrace	1400	36	1.000000	1.016000	1.076000	700960781	103224	28293	201394251	1114794	473778747	113
1495812275728106321	splash2x.raytrace	1400	36	1.000000	1.021000	1.082000	700913736	99312	28767	203673174	1115779	476226881	114
1495812276237242665	splash2x.raytrace	1400	36	1.000000	1.019000	1.080000	700845193	98949	28205	202946134	1118911	477828955	112
1495812276746504508	splash2x.raytrace	1400	36	1.000000	1.016000	1.076000	700843972	103553	28497	202275294	1111281	473402184	113
1495812277255566643	splash2x.raytrace	1400	36	1.000000	1.023000	1.084000	700844510	108876	28256	206785527	1143613	482360717	112
1495812277764865528	splash2x.raytrace	1400	36	1.000000	1.025000	1.086000	700831784	120854	29276	208786524	1141242	486743929	113
1495812278274010455	splash2x.raytrace	1400	36	1.000000	1.028000	1.089000	700843718	112388	28380	208951424	1143881	486470668	112
1495812278783193174	splash2x.raytrace	1400	36	1.000000	1.028000	1.089000	700840964	120435	27861	208438455	1138194	486553500	113
1495812279292424392	splash2x.raytrace	1400	36	1.000000	1.026000	1.087000	700828220	115590	28488	209685957	1135516	484735610	113
1495812279801687860	splash2x.raytrace	1400	36	1.000000	1.025000	1.086000	700841894	105782	27414	207667554	1133080	484157034	110
1495812280311074662	splash2x.raytrace	1400	36	1.000000	1.026000	1.087000	700861011	112465	28267	207141542	1150739	484844702	113
1495812280820428505	splash2x.raytrace	1400	36	1.000000	1.023000	1.084000	700975445	96631	28159	206006706	1124676	486376483	112
1495812281329785265	splash2x.raytrace	1400	36	1.000000	1.021000	1.083000	700860648	87983	27003	206773431	1102525	494112373	113
1495812281839123858	splash2x.raytrace	1400	36	1.000000	1.026000	1.087000	700869388	93852	26576	205686613	1117161	487727642	112
1495812282348167868	splash2x.raytrace	1400	36	1.000000	1.022000	1.083000	700838612	101136	27571	204340039	1119507	479796516	113
1495812282857304295	splash2x.raytrace	1400	36	1.000000	1.019000	1.080000	700846834	97884	27823	203483033	1103320	480135294	113
1495812283366524014	splash2x.raytrace	1400	36	1.000000	1.020000	1.082000	701044978	108033	28084	205388074	1129672	480157117	114
1495812283875689940	splash2x.raytrace	1400	36	1.000000	1.021000	1.083000	700841211	108525	26848	206245671	1131848	481039911	112
1495812284384922909	splash2x.raytrace	1400	36	1.000000	1.022000	1.084000	700969788	112728	27411	207278210	1140607	481984454	113
1495812284894730001	splash2x.raytrace	1400	36	1.000000	1.020000	1.081000	700841289	116111	28405	209282922	1142833	484213916	112
1495812285404100136	splash2x.raytrace	1400	36	1.000000	1.028000	1.089000	700973100	123055	28773	210552952	1145245	485978818	113
1495812285913184188	splash2x.raytrace	1400	36	1.000000	1.029000	1.090000	700963288	115991	27458	211530390	1146183	485380545	112
1495812286422300365	splash2x.raytrace	1400	36	1.000000	1.031000	1.093000	700953606	115699	27646	208092218	1138595	481631912	113
1495812286931591667	splash2x.raytrace	1400	36	1.000000	1.026000	1.088000	700953474	112836	28355	208119076	1139905	480136294	113
1495812287440727927	splash2x.raytrace	1400	36	1.000000	1.023000	1.084000	700944835	107461	28080	206171335	1128233	478040181	113
1495812287949977312	splash2x.raytrace	1400	36	1.000000	1.018000	1.079000	700947553	111058	28418	206915471	1127012	479408696	112
1495812288459075905	splash2x.raytrace	1400	36	1.000000	1.023000	1.084000	700948824	108330	27369	207317623	1123302	488073584	113
1495812288968202291	splash2x.raytrace	1400	36	1.000000	1.025000	1.086000	700951475	83267	26659	205254213	1117607	495999558	112
1495812289477436509	splash2x.raytrace	1400	36	1.000000	1.020000	1.082000	700944752	93458	26835	205023577	1143778	487308762	113
1495812289986739894	splash2x.raytrace	1400	36	1.000000	1.019000	1.080000	700947669	118748	27480	206593691	1162115	485719668	112
1495812290495968571	splash2x.raytrace	1400	36	1.000000	1.025000	1.086000	700943620	108711	28115	205749793	1136460	480797065	114
1495812291005143331	splash2x.raytrace	1400	36	1.000000	1.020000	1.081000	701113919	108049	27255	207151663	1146629	485320704	113
1495812291514243341	splash2x.raytrace	1400	36	1.000000	1.027000	1.089000	700955145	114273	27864	206684762	1142333	484529288	113
1495812292023337185	splash2x.raytrace	1400	36	1.000000	1.026000	1.087000	700950592	119877	28237	208587811	1147250	482954805	112
1495812292532505570	splash2x.raytrace	1400	36	1.000000	1.023000	1.084000	700945431	119741	28484	208968081	1147143	483358792	113
1495812293041773621	splash2x.raytrace	1400	36	1.000000	1.028000	1.089000	700946345	114904	26968	210160896	1157234	486184018	112
1495812293550937715	splash2x.raytrace	1400	36	1.000000	1.029000	1.090000	700983692	114968	27789	208842059	1158043	483917394	113
1495812294060158558	splash2x.raytrace	1400	36	1.000000	1.028000	1.089000	701047852	118148	28330	209138843	1153870	483317542	112
1495812294569320318	splash2x.raytrace	1400	36	1.000000	1.025000	1.086000	700938655	110978	29068	207998134	1146731	483412344	115
1495812295078495745	splash2x.raytrace	1400	36	1.000000	1.026000	1.087000	700849365	111974	27253	206315896	1128377	477718969	112
1495812295587739047	splash2x.raytrace	1400	36	1.000000	1.022000	1.084000	700847074	91762	27076	207477450	1114833	489902468	113
1495812296096957265	splash2x.raytrace	1400	36	1.000000	1.020000	1.081000	700854005	88422	26579	207132163	1140861	491217005	112
1495812296606223567	splash2x.raytrace	1400	36	1.000000	1.019000	1.080000	700850373	129302	27455	208588381	1186776	489054344	113
1495812297115309077	splash2x.raytrace	1400	36	1.000000	1.027000	1.088000	700850172	121987	27610	207849947	1155994	485509383	112
1495812297624493796	splash2x.raytrace	1400	36	1.000000	1.025000	1.087000	700851214	121602	27554	208246674	1151341	486201081	112
1495812298133665139	splash2x.raytrace	1400	36	1.000000	1.025000	1.087000	700855060	103215	27343	207207137	1147218	486229129	111
1495812298642954899	splash2x.raytrace	1400	36	1.000000	1.022000	1.083000	700956338	108670	28269	207667581	1152335	485210744	115
1495812299152185201	splash2x.raytrace	1400	36	1.000000	1.023000	1.084000	700848176	114224	27483	207338838	1150527	482715491	112
1495812299661469794	splash2x.raytrace	1400	36	1.000000	1.025000	1.086000	700844183	120759	27407	208519033	1153415	484575252	113
1495812300170581513	splash2x.raytrace	1400	36	1.000000	1.023000	1.084000	700849841	117202	27297	209311141	1145750	484386146	112
1495812300679900773	splash2x.raytrace	1400	36	1.000000	1.026000	1.087000	700847347	106027	27455	208749960	1126907	487202439	113
1495812301189032491	splash2x.raytrace	1400	36	1.000000	1.020000	1.081000	700846548	81220	25324	208214988	1089141	494145789	112
1495812301698144793	splash2x.raytrace	1400	36	1.000000	1.020000	1.081000	700849436	104143	27152	209292727	1148255	494301480	113
1495812302207312845	splash2x.raytrace	1400	36	1.000000	1.023000	1.084000	700852935	102329	26275	208486357	1152770	492272411	112
1495812302716517272	splash2x.raytrace	1400	36	1.000000	1.020000	1.082000	700927584	103015	27514	209176214	1171039	491127908	115
1495812303225734532	splash2x.raytrace	1400	36	1.000000	1.025000	1.087000	700850640	126255	28111	209402076	1203602	487332800	112
1495812303735033333	splash2x.raytrace	1400	36	1.000000	1.026000	1.088000	700840488	109896	27406	209805318	1150684	491799692	113
1495812304244640718	splash2x.water_nsquared	1400	35	1.000000	1.018000	1.079000	477579081	547776	174757	138913622	846849	323807204	2539
1495812304754403852	splash2x.water_nsquared	1400	35	1.000000	0.593000	0.630000	701023858	7586370	2206038	165524081	2605527	325512768	38134
1495812305264221611	splash2x.water_nsquared	1400	35	1.000000	0.791000	0.838000	700985105	7663582	2214761	162319790	2611718	316258572	38648
1495812305774113370	splash2x.water_nsquared	1400	35	1.000000	0.794000	0.840000	700862394	7523036	2180679	166341088	2571328	330204056	38048
1495812306283309672	splash2x.water_nsquared	1400	35	1.000000	0.795000	0.841000	700958165	6528602	1788447	174096865	2176007	427305719	31204
1495812306792678307	splash2x.water_nsquared	1400	36	1.000000	0.837000	0.887000	700902440	668224	36995	434946600	366624	1218491703	361
1495812307301899775	splash2x.water_nsquared	1400	36	1.000000	1.168000	1.239000	700841755	68887	21465	486843712	404092	1301992542	112
1495812307811114661	splash2x.water_nsquared	1400	36	1.000000	1.170000	1.241000	700840778	70005	21748	486453902	403990	1303222779	113
1495812308320232921	splash2x.water_nsquared	1400	36	1.000000	1.167000	1.238000	700841169	69266	22611	484235452	402052	1300898166	112
1495812308829421473	splash2x.water_nsquared	1400	36	1.000000	1.171000	1.242000	700833848	70448	23198	486467417	405359	1298410756	113
1495812309338492858	splash2x.water_nsquared	1400	36	1.000000	1.172000	1.243000	700838281	70423	23004	484538314	403410	1296030149	113
1495812309847602951	splash2x.water_nsquared	1400	36	1.000000	1.170000	1.241000	700861614	65731	22221	479230329	397950	1282458342	112
1495812310356821503	splash2x.water_nsquared	1400	36	1.000000	1.166000	1.237000	701184525	65949	23895	468210941	384746	1275333237	115
1495812310866049930	splash2x.water_nsquared	1400	36	1.000000	1.162000	1.232000	700829797	71457	22769	461329001	376068	1270883634	112
1495812311375172607	splash2x.water_nsquared	1400	36	1.000000	1.150000	1.220000	700846581	69839	22566	457212996	369429	1280074003	113
1495812311884327658	splash2x.water_nsquared	1400	37	1.000000	1.148000	1.218000	700846741	70917	22463	450812484	359107	1284204603	112
1495812312393339002	splash2x.water_nsquared	1400	36	1.000000	1.146000	1.215000	700844874	71368	22695	446480380	353421	1291083297	113
1495812312902553012	splash2x.water_nsquared	1400	36	1.000000	1.144000	1.213000	700854559	69090	22476	442846203	347910	1293806843	112
1495812313411760647	splash2x.water_nsquared	1400	36	1.000000	1.138000	1.207000	700968335	71756	23382	438328391	341160	1295697642	113
1495812313921022741	splash2x.water_nsquared	1400	36	1.000000	1.142000	1.211000	700879404	72396	23559	434185934	360347	1198843464	117
1495812314430149668	splash2x.water_nsquared	1400	36	1.000000	1.134000	1.203000	700955717	75973	25509	471282366	390615	1255641271	115
1495812314939354011	splash2x.water_nsquared	1400	37	1.000000	1.178000	1.249000	700889348	73337	24100	473214999	393769	1253805919	114
1495812315448562896	splash2x.water_nsquared	1400	37	1.000000	1.178000	1.249000	700890761	75621	24595	472981495	394196	1253412612	113
1495812315957715448	splash2x.water_nsquared	1400	36	1.000000	1.176000	1.247000	700870372	72678	25037	471397080	390876	1256142285	110
1495812316466901833	splash2x.water_nsquared	1400	37	1.000000	1.178000	1.249000	700881180	74045	25164	472580683	394474	1250378526	113
1495812316976315093	splash2x.water_nsquared	1400	37	1.000000	1.176000	1.247000	700881908	73384	24503	472092742	392570	1253509007	112
1495812317485424186	splash2x.water_nsquared	1400	37	1.000000	1.178000	1.249000	700875877	73988	24648	470538375	391501	1253397633	113
1495812317994557821	splash2x.water_nsquared	1400	37	1.000000	1.176000	1.247000	700873086	73196	24680	470886535	390786	1255991223	112
1495812318503677207	splash2x.water_nsquared	1400	37	1.000000	1.175000	1.246000	700947296	76311	25365	459547676	377120	1250450829	114
1495812319012864258	splash2x.water_nsquared	1400	37	1.000000	1.164000	1.235000	700869545	74167	24508	451511003	365603	1252767459	112
1495812319522019519	splash2x.water_nsquared	1400	37	1.000000	1.160000	1.230000	700885369	73905	24334	450280757	362527	1263352296	113
1495812320031298529	splash2x.water_nsquared	1400	37	1.000000	1.160000	1.230000	700887143	74009	24423	445121511	354983	1264153911	112
1495812320540387830	splash2x.water_nsquared	1400	37	1.000000	1.152000	1.222000	700989664	74657	24498	438188451	346371	1262689039	113
1495812321049652840	splash2x.water_nsquared	1400	37	1.000000	1.147000	1.216000	700986459	74804	24716	431929104	336804	1261860192	112
1495812321558788851	splash2x.water_nsquared	1400	37	1.000000	1.147000	1.216000	700978575	74759	25276	406098452	331072	1195385403	117
1495812322067916153	splash2x.water_nsquared	1400	37	1.000000	1.144000	1.213000	701168541	73874	24718	472191126	391381	1254775099	113
1495812322577069371	splash2x.water_nsquared	1400	37	1.000000	1.158000	1.228000	700982824	75404	25276	473549664	394260	1252619639	114
1495812323086351589	splash2x.water_nsquared	1400	37	1.000000	1.179000	1.250000	700982598	74056	24722	471908736	391894	1257091713	112
1495812323595464933	splash2x.water_nsquared	1400	37	1.000000	1.179000	1.250000	700995075	74229	24732	471809734	393371	1251113579	113
1495812324104693443	splash2x.water_nsquared	1400	37	1.000000	1.180000	1.251000	700856695	73030	24589	473131842	393939	1252646679	112
1495812324613831911	splash2x.water_nsquared	1400	37	1.000000	1.176000	1.247000	700856616	75570	24924	470919683	390915	1254961012	113
1495812325122948130	splash2x.water_nsquared	1400	37	1.000000	1.175000	1.246000	700847987	73610	25436	471593142	393346	1248814758	112
1495812325632157807	splash2x.water_nsquared	1400	37	1.000000	1.177000	1.248000	700905233	73679	24838	472095919	393162	1253576931	114
1495812326141382608	splash2x.water_nsquared	1400	37	1.000000	1.178000	1.249000	700848918	75258	25099	464749850	382239	1258507761	112
1495812326650578577	splash2x.water_nsquared	1400	37	1.000000	1.168000	1.239000	700849655	76708	25678	456483805	373282	1249198439	114
1495812327159731837	splash2x.water_nsquared	1400	37	1.000000	1.163000	1.233000	700852437	74800	24586	451743928	365670	1254438228	112
1495812327668851847	splash2x.water_nsquared	1400	37	1.000000	1.158000	1.228000	700850234	75038	24404	445918376	356389	1259623387	113
1495812328178049649	splash2x.water_nsquared	1400	37	1.000000	1.156000	1.226000	700841733	73526	24686	441214791	349615	1267109301	112
1495812328687448950	splash2x.water_nsquared	1400	37	1.000000	1.150000	1.220000	700845411	75871	25642	436631071	343655	1267386942	113
1495812329196730460	splash2x.water_nsquared	1400	37	1.000000	1.147000	1.216000	700851224	75530	25203	431877271	336533	1266778343	112
1495812329706041970	splash2x.water_nsquared	1400	37	1.000000	1.147000	1.216000	700852247	73950	25344	422982928	355272	1178422192	121
1495812330215202022	splash2x.water_nsquared	1400	37	1.000000	1.178000	1.249000	701009025	73653	24874	472229030	391412	1254923182	113
1495812330724481574	splash2x.water_nsquared	1400	37	1.000000	1.179000	1.250000	700849945	74524	26027	471998706	391894	1255903223	114
1495812331233552417	splash2x.water_nsquared	1400	37	1.000000	1.178000	1.249000	700855191	73580	25308	472907190	394496	1250486292	112
1495812331742737469	splash2x.water_nsquared	1400	37	1.000000	1.180000	1.251000	700842228	73666	25361	471505491	391062	1254944852	113
1495812332251961063	splash2x.water_nsquared	1400	37	1.000000	1.177000	1.248000	700850173	73969	25210	471576881	392336	1252430260	112
1495812332761236406	splash2x.water_nsquared	1400	37	1.000000	1.177000	1.248000	700865115	74835	25649	472862839	394187	1251106941	113
1495812333270316958	splash2x.water_nsquared	1400	37	1.000000	1.177000	1.248000	700949783	73077	25075	470908740	391067	1254840838	112
1495812333779518801	splash2x.water_nsquared	1400	37	1.000000	1.176000	1.247000	700848331	75494	25473	469839869	389940	1254445899	114
1495812334288659020	splash2x.water_nsquared	1400	37	1.000000	1.172000	1.243000	701007091	74777	24396	462237000	379866	1251818831	112
1495812334797776072	splash2x.water_nsquared	1400	37	1.000000	1.164000	1.235000	700837744	77676	26266	451545553	366143	1247973298	113
1495812335307121040	splash2x.water_nsquared	1400	37	1.000000	1.163000	1.233000	700835115	74035	23994	449817745	361529	1263290512	111
1495812335816734549	splash2x.water_nsquared	1400	37	1.000000	1.159000	1.229000	700833565	75923	25087	445711346	355803	1264841837	113
1495812336325948184	splash2x.water_nsquared	1400	37	1.000000	1.157000	1.227000	700818134	74079	24719	439964109	348311	1264387712	112
1495812336835117070	splash2x.water_nsquared	1400	37	1.000000	1.150000	1.220000	700833593	75839	25491	433272469	338772	1262940891	113
1495812337344256455	splash2x.water_nsquared	1400	37	1.000000	1.144000	1.213000	700827172	74993	25131	427242725	331040	1260751385	112
1495812337853490465	splash2x.water_nsquared	1400	37	1.000000	1.129000	1.197000	700825377	73113	24662	429028778	377935	1182260571	117
1495812338362597225	splash2x.water_nsquared	1400	37	1.000000	1.165000	1.236000	700903428	72511	24642	441854420	382873	1210380322	113
1495812338871844152	splash2x.water_nsquared	1400	37	1.000000	1.164000	1.235000	700826003	74031	25476	441833329	381636	1216278690	114
1495812339381000912	splash2x.water_nsquared	1400	37	1.000000	1.164000	1.235000	700824024	73175	25605	442456823	383449	1212168178	113
1495812339890144005	splash2x.water_nsquared	1400	37	1.000000	1.165000	1.236000	700839312	65734	24856	440720360	380177	1214165734	112
1495812340399415932	splash2x.water_nsquared	1400	37	1.000000	1.160000	1.230000	700936273	71747	25272	438392619	378276	1206709441	113
1495812340908518776	splash2x.water_nsquared	1400	37	1.000000	1.163000	1.233000	700852581	71369	24237	442002155	382757	1212021377	112
1495812341417715161	splash2x.water_nsquared	1400	37	1.000000	1.162000	1.232000	700860194	72923	24509	437867799	374780	1221734719	113
1495812341926902004	splash2x.water_nsquared	1400	37	1.000000	1.163000	1.233000	701035340	73614	26306	427680238	362736	1213220544	113
1495812342436088723	splash2x.water_nsquared	1400	37	1.000000	1.154000	1.224000	700849725	73706	25101	426773984	359572	1223597028	114
1495812342945293941	splash2x.water_nsquared	1400	37	1.000000	1.151000	1.221000	700975706	72981	25654	424397093	353026	1236340083	112
1495812343454486243	splash2x.water_nsquared	1400	37	1.000000	1.152000	1.222000	700845006	74490	25822	418389462	344175	1238073704	113
1495812343963628961	splash2x.water_nsquared	1400	37	1.000000	1.147000	1.216000	700849583	71850	25925	415085767	338110	1246579731	112
1495812344472799096	splash2x.water_nsquared	1400	37	1.000000	1.145000	1.214000	700855780	73672	26275	412554462	334100	1251545395	113
1495812344981977023	splash2x.water_nsquared	1400	37	1.000000	1.144000	1.213000	421330468	354410	116260	230086346	312792	689741983	1707
