#Timestamp	CPU(0) Frequency(MHz)	CPU(0) Temperature(C)	A7 Voltage(V)	A7 Current(A)	A7 Power(W)	CPU(4) Frequency(MHz)	CPU(4) Temperature(C)	A15 Voltage(V)	A15 Current(A)	A15 Power(W)	GPU Frequency(MHz)	GPU Temperature(C)	GPU Voltage(V)	GPU Current(A)	GPU Power(W)	RAM Voltage(V)	RAM Current(A)	RAM Power(W)
1495812013935140181	1400 40 1.200000 0.168000 0.212000 1400 35 1.000000 0.322000 0.347000 600 37 0.900000 0.069000 0.068000 1.200000 0.039000 0.047000
1495812014444913898	1400 40 1.200000 0.102000 0.129000 1400 35 1.000000 0.789000 0.836000 600 37 0.900000 0.068000 0.067000 1.200000 0.014000 0.016000
1495812014954784116	1400 40 1.200000 0.105000 0.133000 1400 35 1.000000 0.791000 0.838000 600 37 0.900000 0.069000 0.068000 1.200000 0.015000 0.018000
1495812015464851625	1400 40 1.200000 0.105000 0.133000 1400 35 1.000000 0.794000 0.841000 600 37 0.900000 0.068000 0.067000 1.200000 0.014000 0.016000
1495812015974768176	1400 40 1.200000 0.098000 0.124000 1400 35 1.000000 0.794000 0.841000 600 37 0.900000 0.068000 0.067000 1.200000 0.055000 0.066000
1495812016484639893	1400 40 1.200000 0.099000 0.126000 1400 35 1.000000 0.807000 0.853000 600 38 0.900000 0.069000 0.068000 1.200000 0.060000 0.073000
1495812016994500861	1400 42 1.200000 0.098000 0.124000 1400 35 1.000000 0.798000 0.845000 600 38 0.900000 0.069000 0.068000 1.200000 0.065000 0.079000
1495812017504170828	1400 42 1.200000 0.094000 0.119000 1400 36 1.000000 0.945000 1.001000 600 38 0.900000 0.068000 0.067000 1.200000 0.053000 0.064000
1495812018013476588	1400 42 1.200000 0.094000 0.119000 1400 36 1.000000 0.949000 1.005000 600 38 0.900000 0.069000 0.068000 1.200000 0.045000 0.054000
1495812018522657223	1400 42 1.200000 0.093000 0.118000 1400 36 1.000000 0.956000 1.013000 600 38 0.900000 0.069000 0.068000 1.200000 0.037000 0.044000
1495812019031888817	1400 43 1.200000 0.095000 0.120000 1400 36 1.000000 0.951000 1.008000 600 38 0.900000 0.069000 0.068000 1.200000 0.033000 0.040000
1495812019541407410	1400 43 1.200000 0.094000 0.119000 1400 36 1.000000 0.917000 0.972000 600 38 0.900000 0.069000 0.068000 1.200000 0.029000 0.035000
1495812020050706128	1400 43 1.200000 0.099000 0.126000 1400 36 1.000000 0.945000 1.001000 600 38 0.900000 0.069000 0.068000 1.200000 0.030000 0.036000
1495812020560238138	1400 42 1.200000 0.101000 0.128000 1400 36 1.000000 0.943000 0.999000 600 38 0.900000 0.069000 0.068000 1.200000 0.032000 0.038000
1495812021069603939	1400 42 1.200000 0.101000 0.128000 1400 36 1.000000 0.975000 1.033000 600 38 0.900000 0.069000 0.068000 1.200000 0.030000 0.036000
1495812021579003824	1400 42 1.200000 0.096000 0.122000 1400 36 1.000000 0.919000 0.974000 600 38 0.900000 0.069000 0.068000 1.200000 0.031000 0.037000
1495812022088660792	1400 42 1.200000 0.096000 0.122000 1400 36 1.000000 0.970000 1.028000 600 38 0.900000 0.069000 0.068000 1.200000 0.033000 0.040000
1495812022598098218	1400 42 1.200000 0.099000 0.126000 1400 36 1.000000 0.981000 1.039000 600 38 0.900000 0.069000 0.068000 1.200000 0.029000 0.035000
1495812023107549228	1400 41 1.200000 0.099000 0.126000 1400 36 1.000000 0.882000 0.934000 600 38 0.900000 0.069000 0.068000 1.200000 0.016000 0.019000
1495812023616951488	1400 41 1.200000 0.101000 0.128000 1400 36 1.000000 0.876000 0.928000 600 38 0.900000 0.069000 0.068000 1.200000 0.014000 0.017000
1495812024126400789	1400 41 1.200000 0.099000 0.126000 1400 36 1.000000 0.879000 0.931000 600 38 0.900000 0.069000 0.068000 1.200000 0.015000 0.018000
1495812024635804091	1400 41 1.200000 0.097000 0.123000 1400 36 1.000000 0.874000 0.926000 600 38 0.900000 0.069000 0.068000 1.200000 0.015000 0.018000
1495812025145306517	1400 41 1.200000 0.094000 0.119000 1400 36 1.000000 0.878000 0.930000 600 38 0.900000 0.069000 0.068000 1.200000 0.013000 0.015000
1495812025654677194	1400 41 1.200000 0.097000 0.123000 1400 36 1.000000 0.880000 0.932000 600 38 0.900000 0.069000 0.068000 1.200000 0.015000 0.018000
1495812026164248870	1400 41 1.200000 0.094000 0.119000 1400 36 1.000000 0.872000 0.924000 600 37 0.900000 0.069000 0.068000 1.200000 0.013000 0.015000
1495812026673637755	1400 41 1.200000 0.094000 0.119000 1400 35 1.000000 0.868000 0.920000 600 38 0.900000 0.069000 0.068000 1.200000 0.014000 0.017000
1495812027183231223	1400 41 1.200000 0.094000 0.119000 1400 35 1.000000 0.865000 0.916000 600 38 0.900000 0.069000 0.068000 1.200000 0.014000 0.017000
1495812027692788232	1400 41 1.200000 0.093000 0.118000 1400 35 1.000000 0.894000 0.947000 600 37 0.900000 0.069000 0.068000 1.200000 0.015000 0.018000
1495812028202315367	1400 41 1.200000 0.094000 0.119000 1400 35 1.000000 0.875000 0.927000 600 38 0.900000 0.069000 0.068000 1.200000 0.014000 0.016000
1495812028711920001	1400 41 1.200000 0.097000 0.123000 1400 35 1.000000 0.874000 0.926000 600 38 0.900000 0.068000 0.067000 1.200000 0.014000 0.016000
1495812029221443344	1400 41 1.200000 0.100000 0.127000 1400 35 1.000000 0.874000 0.926000 600 38 0.900000 0.069000 0.068000 1.200000 0.016000 0.019000
1495812029730798813	1400 41 1.200000 0.101000 0.128000 1400 35 1.000000 0.885000 0.938000 600 38 0.900000 0.069000 0.068000 1.200000 0.014000 0.017000
1495812030240347031	1400 41 1.200000 0.094000 0.119000 1400 35 1.000000 0.869000 0.921000 600 38 0.900000 0.068000 0.067000 1.200000 0.013000 0.015000
1495812030749805082	1400 41 1.200000 0.093000 0.118000 1400 35 1.000000 0.879000 0.931000 600 37 0.900000 0.069000 0.068000 1.200000 0.016000 0.019000
1495812031259207217	1400 41 1.200000 0.097000 0.123000 1400 36 1.000000 0.852000 0.903000 600 37 0.900000 0.069000 0.068000 1.200000 0.015000 0.018000
1495812031768660185	1400 41 1.200000 0.099000 0.126000 1400 35 1.000000 0.860000 0.911000 600 37 0.900000 0.069000 0.068000 1.200000 0.015000 0.018000
1495812032277979653	1400 41 1.200000 0.101000 0.128000 1400 35 1.000000 0.865000 0.916000 600 37 0.900000 0.069000 0.068000 1.200000 0.013000 0.015000
1495812032787536163	1400 40 1.200000 0.098000 0.124000 1400 35 1.000000 0.846000 0.896000 600 37 0.900000 0.069000 0.068000 1.200000 0.013000 0.015000
1495812033296795089	1400 41 1.200000 0.096000 0.122000 1400 35 1.000000 0.851000 0.902000 600 37 0.900000 0.068000 0.067000 1.200000 0.013000 0.015000
1495812033806338474	1400 41 1.200000 0.096000 0.122000 1400 35 1.000000 0.860000 0.911000 600 37 0.900000 0.068000 0.067000 1.200000 0.012000 0.014000
1495812034315589776	1400 41 1.200000 0.096000 0.122000 1400 35 1.000000 0.864000 0.915000 600 37 0.900000 0.068000 0.067000 1.200000 0.012000 0.014000
1495812034825002744	1400 41 1.200000 0.093000 0.118000 1400 35 1.000000 0.857000 0.908000 600 37 0.900000 0.068000 0.067000 1.200000 0.012000 0.014000
1495812035334336254	1400 41 1.200000 0.093000 0.118000 1400 35 1.000000 0.854000 0.905000 600 37 0.900000 0.068000 0.067000 1.200000 0.012000 0.014000
1495812035843803472	1400 41 1.200000 0.094000 0.119000 1400 35 1.000000 0.854000 0.905000 600 37 0.900000 0.069000 0.068000 1.200000 0.013000 0.015000
1495812036353069857	1400 41 1.200000 0.096000 0.122000 1400 35 1.000000 0.854000 0.905000 600 37 0.900000 0.068000 0.067000 1.200000 0.014000 0.017000
1495812036862632700	1400 41 1.200000 0.094000 0.119000 1400 35 1.000000 0.860000 0.911000 600 37 0.900000 0.069000 0.068000 1.200000 0.013000 0.015000
1495812037372166418	1400 41 1.200000 0.097000 0.123000 1400 35 1.000000 0.855000 0.906000 600 37 0.900000 0.069000 0.068000 1.200000 0.014000 0.017000
1495812037881725469	1400 41 1.200000 0.099000 0.126000 1400 35 1.000000 0.858000 0.909000 600 37 0.900000 0.069000 0.068000 1.200000 0.014000 0.017000
1495812038391190312	1400 41 1.200000 0.100000 0.127000 1400 35 1.000000 0.860000 0.911000 600 37 0.900000 0.068000 0.067000 1.200000 0.012000 0.014000
1495812038900651572	1400 41 1.200000 0.099000 0.126000 1400 35 1.000000 0.855000 0.906000 600 37 0.900000 0.069000 0.068000 1.200000 0.013000 0.015000
1495812039410041373	1400 41 1.200000 0.094000 0.119000 1400 35 1.000000 0.861000 0.912000 600 37 0.900000 0.068000 0.067000 1.200000 0.015000 0.018000
1495812039919400591	1400 41 1.200000 0.093000 0.118000 1400 35 1.000000 0.851000 0.902000 600 37 0.900000 0.068000 0.067000 1.200000 0.015000 0.018000
1495812040428665976	1400 41 1.200000 0.092000 0.117000 1400 35 1.000000 0.849000 0.899000 600 37 0.900000 0.068000 0.067000 1.200000 0.013000 0.015000
1495812040938066570	1400 41 1.200000 0.094000 0.119000 1400 35 1.000000 0.845000 0.895000 600 37 0.900000 0.069000 0.068000 1.200000 0.012000 0.014000
1495812041447505621	1400 41 1.200000 0.094000 0.119000 1400 35 1.000000 0.858000 0.909000 600 37 0.900000 0.069000 0.068000 1.200000 0.015000 0.018000
1495812041956898422	1400 41 1.200000 0.092000 0.117000 1400 35 1.000000 0.860000 0.911000 600 37 0.900000 0.068000 0.067000 1.200000 0.016000 0.019000
1495812042466424390	1400 41 1.200000 0.097000 0.123000 1400 35 1.000000 0.851000 0.902000 600 37 0.900000 0.068000 0.067000 1.200000 0.014000 0.016000
1495812042976031858	1400 41 1.200000 0.095000 0.120000 1400 35 1.000000 0.851000 0.902000 600 37 0.900000 0.068000 0.067000 1.200000 0.012000 0.014000
1495812043485776243	1400 41 1.200000 0.091000 0.115000 1400 35 1.000000 0.857000 0.908000 600 37 0.900000 0.068000 0.067000 1.200000 0.013000 0.015000
1495812043995311211	1400 41 1.200000 0.100000 0.127000 1400 35 1.000000 0.849000 0.899000 600 37 0.900000 0.068000 0.067000 1.200000 0.013000 0.015000
1495812044504908595	1400 41 1.200000 0.099000 0.126000 1400 35 1.000000 0.857000 0.908000 600 38 0.900000 0.068000 0.067000 1.200000 0.015000 0.018000
1495812045015021271	1400 41 1.200000 0.109000 0.138000 1400 35 1.000000 0.850000 0.901000 600 37 0.900000 0.069000 0.068000 1.200000 0.023000 0.027000
1495812045524802113	1400 41 1.200000 0.105000 0.133000 1400 35 1.000000 0.853000 0.904000 600 37 0.900000 0.068000 0.067000 1.200000 0.024000 0.029000
1495812046034358456	1400 41 1.200000 0.108000 0.137000 1400 35 1.000000 0.856000 0.907000 600 37 0.900000 0.068000 0.067000 1.200000 0.023000 0.027000
1495812046543687049	1400 41 1.200000 0.101000 0.128000 1400 35 1.000000 0.842000 0.892000 600 37 0.900000 0.069000 0.068000 1.200000 0.012000 0.014000
1495812047053029476	1400 41 1.200000 0.100000 0.127000 1400 35 1.000000 0.841000 0.891000 600 37 0.900000 0.069000 0.068000 1.200000 0.013000 0.015000
1495812047562323819	1400 41 1.200000 0.097000 0.123000 1400 35 1.000000 0.849000 0.899000 600 37 0.900000 0.069000 0.068000 1.200000 0.012000 0.014000
1495812048071637454	1400 41 1.200000 0.094000 0.119000 1400 35 1.000000 0.849000 0.899000 600 37 0.900000 0.069000 0.068000 1.200000 0.012000 0.014000
1495812048581007339	1400 41 1.200000 0.094000 0.119000 1400 35 1.000000 0.852000 0.903000 600 37 0.900000 0.069000 0.068000 1.200000 0.013000 0.015000
1495812049090361682	1400 41 1.200000 0.093000 0.118000 1400 35 1.000000 0.851000 0.902000 600 37 0.900000 0.068000 0.067000 1.200000 0.012000 0.014000
1495812049599910817	1400 41 1.200000 0.106000 0.134000 1400 35 1.000000 0.857000 0.908000 600 37 0.900000 0.068000 0.067000 1.200000 0.024000 0.029000
1495812050109322535	1400 41 1.200000 0.094000 0.119000 1400 35 1.000000 0.854000 0.905000 600 37 0.900000 0.069000 0.068000 1.200000 0.014000 0.017000
1495812050618622712	1400 41 1.200000 0.094000 0.119000 1400 35 1.000000 0.858000 0.909000 600 37 0.900000 0.068000 0.067000 1.200000 0.014000 0.016000
1495812051128023013	1400 41 1.200000 0.095000 0.120000 1400 35 1.000000 0.851000 0.902000 600 37 0.900000 0.068000 0.067000 1.200000 0.015000 0.018000
1495812051637538940	1400 41 1.200000 0.096000 0.122000 1400 35 1.000000 0.854000 0.905000 600 37 0.900000 0.069000 0.068000 1.200000 0.016000 0.019000
1495812052146982908	1400 41 1.200000 0.097000 0.123000 1400 35 1.000000 0.854000 0.905000 600 37 0.900000 0.069000 0.068000 1.200000 0.015000 0.018000
1495812052656463334	1400 40 1.200000 0.093000 0.118000 1400 35 1.000000 0.856000 0.907000 600 37 0.900000 0.068000 0.067000 1.200000 0.016000 0.019000
1495812053165987969	1400 41 1.200000 0.093000 0.118000 1400 35 1.000000 0.853000 0.904000 600 37 0.900000 0.069000 0.068000 1.200000 0.014000 0.016000
1495812053675352187	1400 41 1.200000 0.097000 0.123000 1400 35 1.000000 0.851000 0.902000 600 37 0.900000 0.068000 0.067000 1.200000 0.014000 0.016000
1495812054184699280	1400 41 1.200000 0.096000 0.122000 1400 35 1.000000 0.860000 0.911000 600 37 0.900000 0.068000 0.067000 1.200000 0.013000 0.015000
1495812054694129540	1400 41 1.200000 0.094000 0.119000 1400 35 1.000000 0.865000 0.916000 600 37 0.900000 0.069000 0.068000 1.200000 0.015000 0.018000
1495812055203484091	1400 41 1.200000 0.097000 0.123000 1400 35 1.000000 0.851000 0.902000 600 37 0.900000 0.069000 0.068000 1.200000 0.015000 0.018000
1495812055712915226	1400 41 1.200000 0.102000 0.129000 1400 35 1.000000 0.855000 0.906000 600 37 0.900000 0.068000 0.067000 1.200000 0.014000 0.016000
1495812056222368861	1400 41 1.200000 0.099000 0.126000 1400 35 1.000000 0.854000 0.905000 600 37 0.900000 0.069000 0.068000 1.200000 0.014000 0.016000
1495812056731859037	1400 41 1.200000 0.097000 0.123000 1400 35 1.000000 0.856000 0.907000 600 37 0.900000 0.068000 0.067000 1.200000 0.014000 0.016000
1495812057241325380	1400 40 1.200000 0.093000 0.118000 1400 35 1.000000 0.845000 0.895000 600 37 0.900000 0.068000 0.067000 1.200000 0.012000 0.014000
1495812057750665932	1400 41 1.200000 0.094000 0.119000 1400 35 1.000000 0.860000 0.911000 600 37 0.900000 0.068000 0.067000 1.200000 0.014000 0.017000
1495812058260289150	1400 41 1.200000 0.097000 0.123000 1400 35 1.000000 0.857000 0.908000 600 37 0.900000 0.069000 0.068000 1.200000 0.015000 0.018000
1495812058769879409	1400 37 1.200000 0.100000 0.127000 1400 35 1.000000 0.845000 0.895000 600 37 0.900000 0.068000 0.067000 1.200000 0.023000 0.027000
1495812059279821043	1400 40 1.200000 0.165000 0.208000 1400 35 1.000000 0.740000 0.784000 600 37 0.900000 0.068000 0.067000 1.200000 0.027000 0.032000
1495812059789754052	1400 40 1.200000 0.100000 0.127000 1400 35 1.000000 0.789000 0.836000 600 37 0.900000 0.068000 0.067000 1.200000 0.013000 0.015000
1495812060299385354	1400 40 1.200000 0.096000 0.122000 1400 35 1.000000 0.792000 0.839000 600 37 0.900000 0.068000 0.067000 1.200000 0.012000 0.014000
1495812060808744363	1400 42 1.200000 0.102000 0.129000 1400 35 1.000000 0.797000 0.844000 600 37 0.900000 0.068000 0.067000 1.200000 0.019000 0.023000
1495812061318055373	1400 42 1.200000 0.100000 0.127000 1400 35 1.000000 0.886000 0.939000 600 37 0.900000 0.069000 0.068000 1.200000 0.037000 0.044000
1495812061827421258	1400 40 1.200000 0.095000 0.121000 1400 35 1.000000 0.944000 1.000000 600 37 0.900000 0.069000 0.068000 1.200000 0.038000 0.046000
1495812062336778726	1400 40 1.200000 0.093000 0.118000 1400 35 1.000000 0.812000 0.860000 600 37 0.900000 0.069000 0.068000 1.200000 0.049000 0.059000
1495812062846124320	1400 41 1.200000 0.093000 0.118000 1400 35 1.000000 0.740000 0.782000 600 37 0.900000 0.068000 0.067000 1.200000 0.054000 0.065000
1495812063355274163	1400 40 1.200000 0.094000 0.119000 1400 35 1.000000 0.761000 0.805000 600 37 0.900000 0.069000 0.068000 1.200000 0.049000 0.059000
1495812063864550715	1400 40 1.200000 0.092000 0.117000 1400 35 1.000000 0.780000 0.825000 600 37 0.900000 0.068000 0.067000 1.200000 0.045000 0.054000
1495812064373747225	1400 40 1.200000 0.093000 0.118000 1400 35 1.000000 0.807000 0.853000 600 37 0.900000 0.068000 0.067000 1.200000 0.053000 0.064000
1495812064883016818	1400 39 1.200000 0.101000 0.128000 1400 35 1.000000 0.749000 0.792000 600 37 0.900000 0.068000 0.067000 1.200000 0.037000 0.044000
1495812065392209203	1400 39 1.200000 0.099000 0.126000 1400 35 1.000000 0.740000 0.782000 600 37 0.900000 0.068000 0.067000 1.200000 0.037000 0.044000
1495812065901575297	1400 39 1.200000 0.095000 0.120000 1400 35 1.000000 0.744000 0.787000 600 37 0.900000 0.068000 0.067000 1.200000 0.039000 0.047000
1495812066410751140	1400 41 1.200000 0.094000 0.119000 1400 35 1.000000 0.742000 0.785000 600 37 0.900000 0.068000 0.067000 1.200000 0.035000 0.042000
1495812066920068692	1400 42 1.200000 0.096000 0.122000 1400 35 1.000000 0.828000 0.877000 600 37 0.900000 0.069000 0.068000 1.200000 0.038000 0.046000
1495812067429253993	1400 42 1.200000 0.098000 0.124000 1400 35 1.000000 1.274000 1.352000 600 38 0.900000 0.068000 0.067000 1.200000 0.006000 0.007000
1495812067938431754	1400 41 1.200000 0.101000 0.128000 1400 35 1.000000 0.830000 0.879000 600 37 0.900000 0.069000 0.068000 1.200000 0.037000 0.044000
1495812068447691972	1400 42 1.200000 0.102000 0.129000 1400 35 1.000000 0.792000 0.839000 600 37 0.900000 0.068000 0.067000 1.200000 0.045000 0.054000
1495812068956863149	1400 41 1.200000 0.097000 0.123000 1400 35 1.000000 0.928000 0.983000 600 37 0.900000 0.069000 0.068000 1.200000 0.043000 0.052000
1495812069466079075	1400 42 1.200000 0.094000 0.119000 1400 35 1.000000 0.921000 0.976000 600 37 0.900000 0.068000 0.067000 1.200000 0.043000 0.052000
1495812069975268461	1400 41 1.200000 0.096000 0.122000 1400 35 1.000000 0.910000 0.964000 600 37 0.900000 0.069000 0.068000 1.200000 0.043000 0.052000
1495812070484378762	1400 42 1.200000 0.094000 0.119000 1400 36 1.000000 0.913000 0.967000 600 37 0.900000 0.068000 0.067000 1.200000 0.043000 0.052000
1495812070993472606	1400 41 1.200000 0.094000 0.119000 1400 36 1.000000 0.930000 0.985000 600 38 0.900000 0.068000 0.067000 1.200000 0.041000 0.049000
1495812071502628033	1400 41 1.200000 0.092000 0.117000 1400 35 1.000000 0.903000 0.957000 600 38 0.900000 0.069000 0.068000 1.200000 0.042000 0.051000
1495812072011859543	1400 41 1.200000 0.093000 0.118000 1400 35 1.000000 0.899000 0.952000 600 37 0.900000 0.069000 0.068000 1.200000 0.042000 0.051000
1495812072521052761	1400 41 1.200000 0.094000 0.119000 1400 36 1.000000 0.893000 0.946000 600 38 0.900000 0.069000 0.068000 1.200000 0.043000 0.052000
1495812073030257313	1400 41 1.200000 0.094000 0.119000 1400 36 1.000000 0.894000 0.947000 600 37 0.900000 0.069000 0.068000 1.200000 0.042000 0.051000
1495812073539714323	1400 40 1.200000 0.099000 0.126000 1400 36 1.000000 0.895000 0.948000 600 38 0.900000 0.069000 0.068000 1.200000 0.043000 0.052000
1495812074049006541	1400 40 1.200000 0.102000 0.129000 1400 35 1.000000 0.791000 0.838000 600 37 0.900000 0.068000 0.067000 1.200000 0.066000 0.080000
1495812074558275051	1400 40 1.200000 0.101000 0.128000 1400 35 1.000000 0.753000 0.798000 600 37 0.900000 0.069000 0.068000 1.200000 0.083000 0.101000
1495812075067560353	1400 40 1.200000 0.096000 0.122000 1400 35 1.000000 0.761000 0.805000 600 37 0.900000 0.069000 0.068000 1.200000 0.086000 0.104000
1495812075576849988	1400 40 1.200000 0.096000 0.122000 1400 35 1.000000 0.758000 0.801000 600 37 0.900000 0.069000 0.068000 1.200000 0.082000 0.099000
1495812076086212456	1400 40 1.200000 0.096000 0.122000 1400 35 1.000000 0.753000 0.796000 600 37 0.900000 0.069000 0.068000 1.200000 0.083000 0.101000
1495812076595396174	1400 40 1.200000 0.101000 0.128000 1400 35 1.000000 0.755000 0.798000 600 37 0.900000 0.069000 0.068000 1.200000 0.088000 0.107000
1495812077104650143	1400 40 1.200000 0.101000 0.128000 1400 35 1.000000 0.766000 0.810000 600 37 0.900000 0.069000 0.068000 1.200000 0.086000 0.104000
1495812077613834819	1400 40 1.200000 0.104000 0.132000 1400 35 1.000000 0.754000 0.797000 600 37 0.900000 0.068000 0.067000 1.200000 0.082000 0.099000
1495812078123036413	1400 40 1.200000 0.101000 0.128000 1400 35 1.000000 0.754000 0.797000 600 37 0.900000 0.069000 0.068000 1.200000 0.086000 0.104000
1495812078632324756	1400 40 1.200000 0.098000 0.124000 1400 35 1.000000 0.759000 0.803000 600 37 0.900000 0.069000 0.068000 1.200000 0.082000 0.099000
1495812079141709683	1400 40 1.200000 0.096000 0.122000 1400 35 1.000000 0.753000 0.796000 600 37 0.900000 0.068000 0.067000 1.200000 0.085000 0.103000
1495812079651228942	1400 40 1.200000 0.096000 0.122000 1400 35 1.000000 0.754000 0.797000 600 37 0.900000 0.068000 0.067000 1.200000 0.084000 0.102000
1495812080160603327	1400 40 1.200000 0.102000 0.129000 1400 35 1.000000 0.755000 0.798000 600 37 0.900000 0.068000 0.067000 1.200000 0.084000 0.102000
1495812080669995879	1400 40 1.200000 0.103000 0.131000 1400 35 1.000000 0.760000 0.804000 600 37 0.900000 0.068000 0.067000 1.200000 0.083000 0.101000
1495812081179191639	1400 40 1.200000 0.102000 0.129000 1400 35 1.000000 0.761000 0.805000 600 37 0.900000 0.069000 0.068000 1.200000 0.087000 0.105000
1495812081688544690	1400 40 1.200000 0.098000 0.124000 1400 35 1.000000 0.753000 0.796000 600 37 0.900000 0.069000 0.068000 1.200000 0.084000 0.102000
1495812082197951617	1400 40 1.200000 0.095000 0.120000 1400 35 1.000000 0.766000 0.810000 600 37 0.900000 0.069000 0.068000 1.200000 0.083000 0.101000
1495812082707364085	1400 40 1.200000 0.099000 0.126000 1400 35 1.000000 0.755000 0.798000 600 37 0.900000 0.069000 0.068000 1.200000 0.085000 0.103000
1495812083216708428	1400 40 1.200000 0.102000 0.129000 1400 35 1.000000 0.753000 0.796000 600 37 0.900000 0.068000 0.067000 1.200000 0.083000 0.101000
1495812083726070230	1400 40 1.200000 0.096000 0.122000 1400 35 1.000000 0.763000 0.808000 600 37 0.900000 0.069000 0.068000 1.200000 0.084000 0.102000
1495812084235292531	1400 40 1.200000 0.095000 0.121000 1400 35 1.000000 0.756000 0.801000 600 37 0.900000 0.069000 0.068000 1.200000 0.084000 0.102000
1495812084744653916	1400 40 1.200000 0.096000 0.122000 1400 35 1.000000 0.755000 0.800000 600 37 0.900000 0.068000 0.067000 1.200000 0.084000 0.102000
1495812085253865260	1400 40 1.200000 0.097000 0.123000 1400 35 1.000000 0.753000 0.796000 600 37 0.900000 0.068000 0.067000 1.200000 0.088000 0.107000
1495812085763205645	1400 40 1.200000 0.095000 0.121000 1400 35 1.000000 0.758000 0.801000 600 37 0.900000 0.068000 0.067000 1.200000 0.083000 0.101000
1495812086272443655	1400 41 1.200000 0.094000 0.119000 1400 36 1.000000 0.850000 0.901000 600 37 0.900000 0.068000 0.067000 1.200000 0.072000 0.087000
1495812086781758206	1400 41 1.200000 0.093000 0.118000 1400 36 1.000000 0.905000 0.959000 600 37 0.900000 0.068000 0.067000 1.200000 0.042000 0.051000
1495812087291023716	1400 41 1.200000 0.094000 0.119000 1400 36 1.000000 0.902000 0.956000 600 38 0.900000 0.069000 0.068000 1.200000 0.042000 0.051000
1495812087800254185	1400 41 1.200000 0.094000 0.119000 1400 36 1.000000 0.900000 0.954000 600 38 0.900000 0.069000 0.068000 1.200000 0.044000 0.053000
1495812088309525403	1400 41 1.200000 0.095000 0.120000 1400 36 1.000000 0.897000 0.950000 600 37 0.900000 0.069000 0.068000 1.200000 0.043000 0.052000
1495812088818733246	1400 41 1.200000 0.096000 0.122000 1400 36 1.000000 0.912000 0.966000 600 37 0.900000 0.069000 0.068000 1.200000 0.043000 0.052000
1495812089328170131	1400 40 1.200000 0.098000 0.124000 1400 36 1.000000 0.910000 0.964000 600 38 0.900000 0.069000 0.068000 1.200000 0.049000 0.059000
1495812089837911765	1400 37 1.200000 0.107000 0.136000 1400 35 1.000000 0.725000 0.768000 600 37 0.900000 0.069000 0.068000 1.200000 0.068000 0.082000
1495812090347694858	1400 40 1.200000 0.178000 0.224000 1400 35 1.000000 0.507000 0.540000 600 37 0.900000 0.069000 0.068000 1.200000 0.029000 0.035000
1495812090857859534	1400 40 1.200000 0.101000 0.128000 1400 35 1.000000 0.792000 0.839000 600 37 0.900000 0.068000 0.067000 1.200000 0.012000 0.014000
1495812091367558751	1400 40 1.200000 0.097000 0.123000 1400 35 1.000000 0.794000 0.841000 600 37 0.900000 0.068000 0.067000 1.200000 0.010000 0.012000
1495812091876775095	1400 39 1.200000 0.101000 0.128000 1400 35 1.000000 0.799000 0.846000 600 37 0.900000 0.068000 0.067000 1.200000 0.017000 0.020000
1495812092386007355	1400 39 1.200000 0.099000 0.126000 1400 35 1.000000 0.664000 0.703000 600 37 0.900000 0.068000 0.067000 1.200000 0.012000 0.014000
1495812092895418656	1400 39 1.200000 0.093000 0.118000 1400 35 1.000000 0.662000 0.700000 600 37 0.900000 0.068000 0.067000 1.200000 0.013000 0.015000
1495812093404622041	1400 39 1.200000 0.091000 0.116000 1400 35 1.000000 0.664000 0.702000 600 37 0.900000 0.068000 0.067000 1.200000 0.013000 0.015000
1495812093913751635	1400 38 1.200000 0.092000 0.117000 1400 34 1.000000 0.664000 0.702000 600 37 0.900000 0.068000 0.067000 1.200000 0.013000 0.015000
1495812094422908103	1400 38 1.200000 0.093000 0.118000 1400 34 1.000000 0.663000 0.701000 600 37 0.900000 0.068000 0.067000 1.200000 0.015000 0.018000
1495812094932432196	1400 38 1.200000 0.095000 0.120000 1400 34 1.000000 0.664000 0.702000 600 36 0.900000 0.068000 0.067000 1.200000 0.013000 0.015000
1495812095441707790	1400 38 1.200000 0.099000 0.126000 1400 34 1.000000 0.664000 0.702000 600 36 0.900000 0.068000 0.067000 1.200000 0.014000 0.017000
1495812095951087174	1400 38 1.200000 0.099000 0.126000 1400 34 1.000000 0.663000 0.701000 600 36 0.900000 0.067000 0.066000 1.200000 0.014000 0.017000
1495812096460253643	1400 38 1.200000 0.096000 0.122000 1400 34 1.000000 0.663000 0.701000 600 36 0.900000 0.067000 0.066000 1.200000 0.013000 0.015000
1495812096969448361	1400 38 1.200000 0.092000 0.117000 1400 34 1.000000 0.663000 0.701000 600 36 0.900000 0.067000 0.066000 1.200000 0.014000 0.017000
1495812097478626205	1400 38 1.200000 0.092000 0.117000 1400 34 1.000000 0.664000 0.702000 600 36 0.900000 0.067000 0.066000 1.200000 0.015000 0.018000
1495812097987924715	1400 38 1.200000 0.093000 0.118000 1400 34 1.000000 0.663000 0.701000 600 36 0.900000 0.068000 0.067000 1.200000 0.015000 0.018000
1495812098497192850	1400 38 1.200000 0.091000 0.116000 1400 34 1.000000 0.663000 0.701000 600 36 0.900000 0.067000 0.066000 1.200000 0.015000 0.018000
1495812099006522526	1400 38 1.200000 0.099000 0.126000 1400 34 1.000000 0.663000 0.701000 600 36 0.900000 0.067000 0.066000 1.200000 0.014000 0.017000
1495812099515720536	1400 38 1.200000 0.098000 0.124000 1400 34 1.000000 0.663000 0.701000 600 36 0.900000 0.067000 0.066000 1.200000 0.013000 0.015000
1495812100025021005	1400 38 1.200000 0.094000 0.119000 1400 34 1.000000 0.663000 0.701000 600 36 0.900000 0.067000 0.066000 1.200000 0.013000 0.015000
1495812100534259931	1400 41 1.200000 0.092000 0.117000 1400 34 1.000000 0.663000 0.701000 600 36 0.900000 0.067000 0.066000 1.200000 0.013000 0.015000
1495812101043528816	1400 41 1.200000 0.094000 0.119000 1400 35 1.000000 0.923000 0.978000 600 37 0.900000 0.068000 0.067000 1.200000 0.030000 0.036000
1495812101553086534	1400 40 1.200000 0.093000 0.118000 1400 35 1.000000 0.926000 0.981000 600 37 0.900000 0.068000 0.067000 1.200000 0.030000 0.036000
1495812102062536252	1400 39 1.200000 0.100000 0.127000 1400 35 1.000000 0.728000 0.770000 600 37 0.900000 0.068000 0.067000 1.200000 0.034000 0.041000
1495812102571842637	1400 39 1.200000 0.099000 0.126000 1400 35 1.000000 0.752000 0.795000 600 37 0.900000 0.068000 0.067000 1.200000 0.049000 0.059000
1495812103081128772	1400 41 1.200000 0.097000 0.123000 1400 35 1.000000 0.763000 0.807000 600 37 0.900000 0.068000 0.067000 1.200000 0.044000 0.053000
1495812103590456616	1400 41 1.200000 0.094000 0.119000 1400 35 1.000000 0.918000 0.973000 600 37 0.900000 0.068000 0.067000 1.200000 0.011000 0.013000
1495812104099656209	1400 42 1.200000 0.094000 0.119000 1400 35 1.000000 0.931000 0.986000 600 37 0.900000 0.068000 0.067000 1.200000 0.003000 0.003000
1495812104608771886	1400 42 1.200000 0.098000 0.124000 1400 35 1.000000 0.943000 0.999000 600 37 0.900000 0.068000 0.067000 1.200000 0.003000 0.003000
1495812105117930271	1400 42 1.200000 0.101000 0.128000 1400 35 1.000000 0.937000 0.993000 600 37 0.900000 0.069000 0.068000 1.200000 0.006000 0.007000
1495812105627180739	1400 42 1.200000 0.099000 0.126000 1400 35 1.000000 0.933000 0.988000 600 37 0.900000 0.068000 0.067000 1.200000 0.006000 0.007000
1495812106136389166	1400 42 1.200000 0.092000 0.117000 1400 35 1.000000 0.945000 1.001000 600 37 0.900000 0.068000 0.067000 1.200000 0.005000 0.006000
1495812106645500760	1400 42 1.200000 0.092000 0.117000 1400 35 1.000000 0.941000 0.997000 600 37 0.900000 0.069000 0.068000 1.200000 0.004000 0.004000
1495812107154624812	1400 42 1.200000 0.094000 0.119000 1400 35 1.000000 0.939000 0.995000 600 37 0.900000 0.068000 0.067000 1.200000 0.003000 0.003000
1495812107663796155	1400 42 1.200000 0.092000 0.117000 1400 35 1.000000 0.937000 0.993000 600 37 0.900000 0.068000 0.067000 1.200000 0.007000 0.008000
1495812108172910624	1400 42 1.200000 0.091000 0.115000 1400 35 1.000000 0.938000 0.994000 600 37 0.900000 0.068000 0.067000 1.200000 0.005000 0.006000
1495812108682064759	1400 42 1.200000 0.092000 0.117000 1400 35 1.000000 0.940000 0.996000 600 37 0.900000 0.068000 0.067000 1.200000 0.002000 0.002000
1495812109191486768	1400 42 1.200000 0.093000 0.118000 1400 35 1.000000 0.940000 0.996000 600 37 0.900000 0.068000 0.067000 1.200000 0.003000 0.003000
1495812109700713570	1400 42 1.200000 0.094000 0.119000 1400 35 1.000000 0.942000 0.998000 600 37 0.900000 0.069000 0.068000 1.200000 0.005000 0.006000
1495812110209954580	1400 42 1.200000 0.093000 0.118000 1400 35 1.000000 0.934000 0.990000 600 37 0.900000 0.069000 0.068000 1.200000 0.004000 0.004000
1495812110719032715	1400 42 1.200000 0.096000 0.122000 1400 35 1.000000 0.938000 0.994000 600 37 0.900000 0.068000 0.067000 1.200000 0.004000 0.004000
1495812111228163976	1400 42 1.200000 0.099000 0.126000 1400 35 1.000000 0.940000 0.996000 600 37 0.900000 0.069000 0.068000 1.200000 0.004000 0.004000
1495812111737393652	1400 42 1.200000 0.099000 0.126000 1400 35 1.000000 0.943000 0.999000 600 37 0.900000 0.069000 0.068000 1.200000 0.004000 0.004000
1495812112246599204	1400 42 1.200000 0.099000 0.126000 1400 35 1.000000 0.938000 0.994000 600 37 0.900000 0.068000 0.067000 1.200000 0.005000 0.006000
1495812112755702339	1400 42 1.200000 0.096000 0.122000 1400 35 1.000000 0.934000 0.990000 600 37 0.900000 0.069000 0.068000 1.200000 0.004000 0.004000
1495812113264850600	1400 42 1.200000 0.093000 0.118000 1400 35 1.000000 0.943000 0.999000 600 37 0.900000 0.069000 0.068000 1.200000 0.003000 0.003000
1495812113773968985	1400 42 1.200000 0.095000 0.120000 1400 35 1.000000 0.941000 0.997000 600 37 0.900000 0.068000 0.067000 1.200000 0.003000 0.003000
1495812114283062162	1400 42 1.200000 0.098000 0.124000 1400 35 1.000000 0.940000 0.996000 600 37 0.900000 0.068000 0.067000 1.200000 0.003000 0.003000
1495812114792542838	1400 42 1.200000 0.096000 0.122000 1400 35 1.000000 0.937000 0.993000 600 37 0.900000 0.068000 0.067000 1.200000 0.003000 0.003000
1495812115301737973	1400 42 1.200000 0.092000 0.117000 1400 35 1.000000 0.941000 0.997000 600 37 0.900000 0.069000 0.068000 1.200000 0.003000 0.003000
1495812115810927525	1400 42 1.200000 0.092000 0.117000 1400 35 1.000000 0.945000 1.001000 600 37 0.900000 0.069000 0.068000 1.200000 0.003000 0.003000
1495812116320033285	1400 42 1.200000 0.094000 0.119000 1400 35 1.000000 0.937000 0.993000 600 37 0.900000 0.068000 0.067000 1.200000 0.008000 0.009000
1495812116829508170	1400 42 1.200000 0.094000 0.119000 1400 35 1.000000 0.942000 0.998000 600 37 0.900000 0.069000 0.068000 1.200000 0.003000 0.003000
1495812117338817471	1400 42 1.200000 0.097000 0.123000 1400 35 1.000000 0.941000 0.997000 600 37 0.900000 0.068000 0.067000 1.200000 0.005000 0.006000
1495812117847984315	1400 42 1.200000 0.101000 0.128000 1400 35 1.000000 0.941000 0.997000 600 37 0.900000 0.069000 0.068000 1.200000 0.003000 0.003000
1495812118357183825	1400 42 1.200000 0.099000 0.126000 1400 35 1.000000 0.937000 0.993000 600 37 0.900000 0.069000 0.068000 1.200000 0.006000 0.007000
1495812118866471335	1400 40 1.200000 0.097000 0.123000 1400 35 1.000000 0.922000 0.977000 600 37 0.900000 0.069000 0.068000 1.200000 0.015000 0.018000
1495812119375610178	1400 40 1.200000 0.095000 0.121000 1400 35 1.000000 0.820000 0.869000 600 37 0.900000 0.068000 0.067000 1.200000 0.053000 0.064000
1495812119884896772	1400 42 1.200000 0.094000 0.119000 1400 35 1.000000 0.874000 0.926000 600 37 0.900000 0.068000 0.067000 1.200000 0.049000 0.059000
1495812120394211323	1400 41 1.200000 0.093000 0.118000 1400 35 1.000000 0.891000 0.944000 600 37 0.900000 0.068000 0.067000 1.200000 0.034000 0.041000
1495812120903493917	1400 41 1.200000 0.092000 0.117000 1400 35 1.000000 0.855000 0.906000 600 37 0.900000 0.068000 0.067000 1.200000 0.037000 0.044000
1495812121412698635	1400 41 1.200000 0.100000 0.127000 1400 35 1.000000 0.869000 0.921000 600 37 0.900000 0.068000 0.067000 1.200000 0.033000 0.040000
1495812121921903687	1400 41 1.200000 0.099000 0.126000 1400 35 1.000000 0.884000 0.937000 600 37 0.900000 0.069000 0.068000 1.200000 0.030000 0.036000
1495812122431909987	1400 40 1.200000 0.096000 0.122000 1400 35 1.000000 0.857000 0.908000 600 37 0.900000 0.068000 0.067000 1.200000 0.037000 0.044000
1495812122941719663	1400 40 1.200000 0.098000 0.124000 1400 35 1.000000 0.783000 0.829000 600 37 0.900000 0.068000 0.067000 1.200000 0.014000 0.016000
1495812123451944755	1400 40 1.200000 0.101000 0.128000 1400 35 1.000000 0.791000 0.838000 600 37 0.900000 0.068000 0.067000 1.200000 0.011000 0.013000
1495812123961751556	1400 40 1.200000 0.102000 0.129000 1400 35 1.000000 0.793000 0.840000 600 37 0.900000 0.068000 0.067000 1.200000 0.012000 0.014000
1495812124471197399	1400 41 1.200000 0.102000 0.129000 1400 35 1.000000 0.799000 0.845000 600 37 0.900000 0.068000 0.067000 1.200000 0.020000 0.024000
1495812124980589534	1400 41 1.200000 0.101000 0.128000 1400 35 1.000000 0.949000 1.005000 600 37 0.900000 0.068000 0.067000 1.200000 0.131000 0.159000
1495812125490095586	1400 41 1.200000 0.101000 0.128000 1400 36 1.000000 0.969000 1.027000 600 38 0.900000 0.069000 0.068000 1.200000 0.132000 0.161000
1495812125999461137	1400 42 1.200000 0.102000 0.129000 1400 36 1.000000 0.968000 1.026000 600 38 0.900000 0.069000 0.068000 1.200000 0.132000 0.161000
1495812126508703439	1400 42 1.200000 0.106000 0.134000 1400 36 1.000000 0.969000 1.027000 600 38 0.900000 0.069000 0.068000 1.200000 0.131000 0.159000
1495812127018035157	1400 42 1.200000 0.109000 0.138000 1400 36 1.000000 0.970000 1.028000 600 38 0.900000 0.069000 0.068000 1.200000 0.133000 0.162000
1495812127527358709	1400 42 1.200000 0.105000 0.133000 1400 36 1.000000 0.967000 1.025000 600 38 0.900000 0.069000 0.068000 1.200000 0.132000 0.161000
1495812128036647885	1400 42 1.200000 0.100000 0.127000 1400 36 1.000000 0.968000 1.026000 600 38 0.900000 0.069000 0.068000 1.200000 0.132000 0.161000
1495812128545997354	1400 42 1.200000 0.100000 0.127000 1400 36 1.000000 0.971000 1.029000 600 38 0.900000 0.069000 0.068000 1.200000 0.132000 0.161000
1495812129055276530	1400 42 1.200000 0.101000 0.128000 1400 36 1.000000 0.970000 1.028000 600 38 0.900000 0.069000 0.068000 1.200000 0.132000 0.161000
1495812129564595248	1400 42 1.200000 0.100000 0.127000 1400 36 1.000000 0.968000 1.026000 600 38 0.900000 0.069000 0.068000 1.200000 0.131000 0.159000
1495812130073811508	1400 42 1.200000 0.099000 0.126000 1400 36 1.000000 0.968000 1.026000 600 38 0.900000 0.069000 0.068000 1.200000 0.132000 0.161000
1495812130583056310	1400 42 1.200000 0.099000 0.126000 1400 36 1.000000 0.967000 1.025000 600 38 0.900000 0.070000 0.069000 1.200000 0.132000 0.161000
1495812131092422320	1400 42 1.200000 0.101000 0.128000 1400 36 1.000000 0.968000 1.026000 600 38 0.900000 0.069000 0.068000 1.200000 0.132000 0.161000
1495812131601944496	1400 42 1.200000 0.101000 0.128000 1400 37 1.000000 0.967000 1.025000 600 39 0.900000 0.069000 0.068000 1.200000 0.132000 0.161000
1495812132111341090	1400 42 1.200000 0.104000 0.132000 1400 36 1.000000 0.968000 1.026000 600 39 0.900000 0.069000 0.068000 1.200000 0.132000 0.161000
1495812132620613808	1400 42 1.200000 0.101000 0.128000 1400 37 1.000000 0.965000 1.022000 600 39 0.900000 0.069000 0.068000 1.200000 0.131000 0.159000
1495812133130012776	1400 42 1.200000 0.109000 0.138000 1400 37 1.000000 0.966000 1.023000 600 39 0.900000 0.069000 0.068000 1.200000 0.133000 0.162000
1495812133639157995	1400 42 1.200000 0.105000 0.133000 1400 36 1.000000 0.967000 1.025000 600 39 0.900000 0.069000 0.068000 1.200000 0.133000 0.162000
1495812134148397963	1400 43 1.200000 0.104000 0.132000 1400 37 1.000000 0.967000 1.025000 600 39 0.900000 0.070000 0.069000 1.200000 0.133000 0.162000
1495812134657708806	1400 42 1.200000 0.101000 0.128000 1400 37 1.000000 0.966000 1.023000 600 39 0.900000 0.069000 0.068000 1.200000 0.131000 0.159000
1495812135166953358	1400 43 1.200000 0.101000 0.128000 1400 37 1.000000 0.963000 1.020000 600 39 0.900000 0.069000 0.068000 1.200000 0.131000 0.159000
1495812135676312701	1400 42 1.200000 0.106000 0.134000 1400 37 1.000000 0.966000 1.023000 600 39 0.900000 0.069000 0.068000 1.200000 0.131000 0.159000
1495812136185722753	1400 42 1.200000 0.109000 0.138000 1400 37 1.000000 0.964000 1.021000 600 39 0.900000 0.070000 0.069000 1.200000 0.131000 0.159000
1495812136695124846	1400 42 1.200000 0.107000 0.136000 1400 37 1.000000 0.961000 1.018000 600 39 0.900000 0.069000 0.068000 1.200000 0.130000 0.158000
1495812137204447731	1400 42 1.200000 0.100000 0.127000 1400 37 1.000000 0.962000 1.019000 600 39 0.900000 0.069000 0.068000 1.200000 0.131000 0.159000
1495812137713781282	1400 42 1.200000 0.100000 0.127000 1400 37 1.000000 0.962000 1.019000 600 39 0.900000 0.070000 0.069000 1.200000 0.131000 0.159000
1495812138223033792	1400 43 1.200000 0.101000 0.128000 1400 37 1.000000 0.965000 1.022000 600 39 0.900000 0.069000 0.068000 1.200000 0.132000 0.161000
1495812138732701843	1400 43 1.200000 0.105000 0.133000 1400 37 1.000000 0.965000 1.022000 600 39 0.900000 0.070000 0.069000 1.200000 0.131000 0.159000
1495812139242097353	1400 43 1.200000 0.108000 0.137000 1400 37 1.000000 0.966000 1.023000 600 39 0.900000 0.069000 0.068000 1.200000 0.132000 0.161000
1495812139751467321	1400 42 1.200000 0.107000 0.136000 1400 37 1.000000 0.962000 1.019000 600 39 0.900000 0.070000 0.069000 1.200000 0.131000 0.159000
1495812140260717956	1400 42 1.200000 0.104000 0.132000 1400 37 1.000000 0.964000 1.021000 600 39 0.900000 0.069000 0.068000 1.200000 0.132000 0.161000
1495812140770099466	1400 43 1.200000 0.100000 0.127000 1400 37 1.000000 0.963000 1.020000 600 39 0.900000 0.070000 0.069000 1.200000 0.132000 0.161000
1495812141279398893	1400 43 1.200000 0.104000 0.132000 1400 37 1.000000 0.963000 1.020000 600 39 0.900000 0.070000 0.069000 1.200000 0.132000 0.161000
1495812141788700986	1400 43 1.200000 0.101000 0.128000 1400 37 1.000000 0.965000 1.022000 600 39 0.900000 0.069000 0.068000 1.200000 0.132000 0.161000
1495812142297972079	1400 43 1.200000 0.100000 0.127000 1400 37 1.000000 0.964000 1.021000 600 39 0.900000 0.069000 0.068000 1.200000 0.131000 0.159000
1495812142808138713	1400 39 1.200000 0.106000 0.134000 1400 36 1.000000 0.965000 1.022000 600 39 0.900000 0.070000 0.069000 1.200000 0.131000 0.159000
1495812143318034972	1400 41 1.200000 0.099000 0.126000 1400 36 1.000000 0.709000 0.752000 600 38 0.900000 0.069000 0.068000 1.200000 0.020000 0.024000
1495812143827911648	1400 41 1.200000 0.099000 0.125000 1400 36 1.000000 0.793000 0.840000 600 38 0.900000 0.069000 0.068000 1.200000 0.013000 0.015000
1495812144337808032	1400 41 1.200000 0.101000 0.128000 1400 36 1.000000 0.795000 0.842000 600 38 0.900000 0.069000 0.068000 1.200000 0.013000 0.015000
1495812144847604958	1400 41 1.200000 0.104000 0.132000 1400 36 1.000000 0.801000 0.849000 600 38 0.900000 0.069000 0.068000 1.200000 0.023000 0.027000
1495812145356963676	1400 40 1.200000 0.101000 0.128000 1400 36 1.000000 0.821000 0.870000 600 38 0.900000 0.069000 0.068000 1.200000 0.075000 0.091000
1495812145866181978	1400 42 1.200000 0.096000 0.122000 1400 36 1.000000 0.889000 0.942000 600 38 0.900000 0.069000 0.068000 1.200000 0.023000 0.027000
1495812146375348572	1400 41 1.200000 0.094000 0.119000 1400 36 1.000000 0.928000 0.983000 600 38 0.900000 0.069000 0.068000 1.200000 0.018000 0.021000
1495812146884665790	1400 42 1.200000 0.096000 0.122000 1400 36 1.000000 0.934000 0.990000 600 38 0.900000 0.069000 0.068000 1.200000 0.016000 0.019000
1495812147393911675	1400 42 1.200000 0.099000 0.126000 1400 36 1.000000 0.934000 0.990000 600 38 0.900000 0.069000 0.068000 1.200000 0.016000 0.019000
1495812147903215852	1400 42 1.200000 0.099000 0.126000 1400 36 1.000000 0.932000 0.987000 600 38 0.900000 0.069000 0.068000 1.200000 0.015000 0.018000
1495812148412389695	1400 42 1.200000 0.099000 0.126000 1400 36 1.000000 0.934000 0.990000 600 38 0.900000 0.069000 0.068000 1.200000 0.014000 0.016000
1495812148921579872	1400 41 1.200000 0.097000 0.123000 1400 36 1.000000 0.934000 0.990000 600 38 0.900000 0.069000 0.068000 1.200000 0.015000 0.018000
1495812149430691965	1400 41 1.200000 0.095000 0.120000 1400 35 1.000000 0.933000 0.988000 600 38 0.900000 0.069000 0.068000 1.200000 0.014000 0.016000
1495812149939862225	1400 41 1.200000 0.095000 0.120000 1400 36 1.000000 0.928000 0.983000 600 38 0.900000 0.069000 0.068000 1.200000 0.017000 0.020000
1495812150449004527	1400 41 1.200000 0.093000 0.118000 1400 36 1.000000 0.927000 0.982000 600 38 0.900000 0.069000 0.068000 1.200000 0.019000 0.023000
1495812150958179079	1400 41 1.200000 0.094000 0.119000 1400 36 1.000000 0.927000 0.982000 600 38 0.900000 0.068000 0.067000 1.200000 0.018000 0.021000
1495812151467480339	1400 41 1.200000 0.093000 0.118000 1400 36 1.000000 0.933000 0.988000 600 38 0.900000 0.069000 0.068000 1.200000 0.017000 0.020000
1495812151976740099	1400 41 1.200000 0.092000 0.117000 1400 36 1.000000 0.932000 0.987000 600 38 0.900000 0.069000 0.068000 1.200000 0.016000 0.019000
1495812152485808484	1400 41 1.200000 0.093000 0.118000 1400 35 1.000000 0.932000 0.987000 600 38 0.900000 0.069000 0.068000 1.200000 0.014000 0.016000
1495812152995071828	1400 41 1.200000 0.093000 0.118000 1400 36 1.000000 0.932000 0.987000 600 38 0.900000 0.069000 0.068000 1.200000 0.014000 0.017000
1495812153504745379	1400 41 1.200000 0.096000 0.122000 1400 36 1.000000 0.933000 0.988000 600 38 0.900000 0.068000 0.067000 1.200000 0.014000 0.016000
1495812154013918556	1400 41 1.200000 0.099000 0.126000 1400 36 1.000000 0.933000 0.988000 600 38 0.900000 0.069000 0.068000 1.200000 0.014000 0.016000
1495812154523105149	1400 41 1.200000 0.101000 0.128000 1400 36 1.000000 0.931000 0.986000 600 38 0.900000 0.069000 0.068000 1.200000 0.016000 0.019000
1495812155032345909	1400 41 1.200000 0.094000 0.119000 1400 36 1.000000 0.928000 0.983000 600 38 0.900000 0.069000 0.068000 1.200000 0.020000 0.024000
1495812155541774127	1400 40 1.200000 0.096000 0.122000 1400 35 1.000000 0.926000 0.981000 600 38 0.900000 0.069000 0.068000 1.200000 0.020000 0.024000
1495812156050976179	1400 41 1.200000 0.094000 0.119000 1400 35 1.000000 0.795000 0.841000 600 38 0.900000 0.069000 0.068000 1.200000 0.068000 0.082000
1495812156560113606	1400 41 1.200000 0.098000 0.124000 1400 35 1.000000 0.928000 0.983000 600 37 0.900000 0.069000 0.068000 1.200000 0.016000 0.019000
1495812157069232449	1400 41 1.200000 0.098000 0.124000 1400 36 1.000000 0.931000 0.986000 600 37 0.900000 0.069000 0.068000 1.200000 0.014000 0.016000
1495812157578291376	1400 41 1.200000 0.100000 0.127000 1400 35 1.000000 0.932000 0.987000 600 37 0.900000 0.069000 0.068000 1.200000 0.013000 0.015000
1495812158087528886	1400 41 1.200000 0.099000 0.126000 1400 35 1.000000 0.931000 0.986000 600 37 0.900000 0.069000 0.068000 1.200000 0.015000 0.018000
1495812158596726813	1400 41 1.200000 0.098000 0.124000 1400 35 1.000000 0.932000 0.987000 600 38 0.900000 0.069000 0.068000 1.200000 0.014000 0.016000
1495812159106034656	1400 41 1.200000 0.093000 0.118000 1400 36 1.000000 0.931000 0.986000 600 38 0.900000 0.068000 0.067000 1.200000 0.014000 0.016000
1495812159615127667	1400 41 1.200000 0.092000 0.117000 1400 36 1.000000 0.929000 0.984000 600 37 0.900000 0.068000 0.067000 1.200000 0.014000 0.016000
1495812160124333635	1400 41 1.200000 0.094000 0.119000 1400 35 1.000000 0.925000 0.980000 600 37 0.900000 0.068000 0.067000 1.200000 0.016000 0.019000
1495812160633481812	1400 41 1.200000 0.098000 0.124000 1400 35 1.000000 0.928000 0.983000 600 37 0.900000 0.068000 0.067000 1.200000 0.017000 0.020000
1495812161142738947	1400 41 1.200000 0.100000 0.127000 1400 35 1.000000 0.925000 0.980000 600 37 0.900000 0.069000 0.068000 1.200000 0.018000 0.021000
1495812161651919207	1400 41 1.200000 0.099000 0.126000 1400 35 1.000000 0.928000 0.983000 600 37 0.900000 0.069000 0.068000 1.200000 0.017000 0.020000
1495812162161146300	1400 41 1.200000 0.095000 0.120000 1400 35 1.000000 0.932000 0.987000 600 37 0.900000 0.069000 0.068000 1.200000 0.016000 0.019000
1495812162670312727	1400 41 1.200000 0.094000 0.119000 1400 35 1.000000 0.932000 0.987000 600 37 0.900000 0.069000 0.068000 1.200000 0.016000 0.019000
1495812163179434529	1400 41 1.200000 0.096000 0.122000 1400 35 1.000000 0.933000 0.988000 600 37 0.900000 0.069000 0.068000 1.200000 0.016000 0.019000
1495812163688620622	1400 41 1.200000 0.094000 0.119000 1400 35 1.000000 0.932000 0.987000 600 37 0.900000 0.068000 0.067000 1.200000 0.015000 0.018000
1495812164197818507	1400 41 1.200000 0.093000 0.118000 1400 35 1.000000 0.933000 0.988000 600 37 0.900000 0.069000 0.068000 1.200000 0.014000 0.017000
1495812164707105142	1400 41 1.200000 0.091000 0.116000 1400 35 1.000000 0.933000 0.988000 600 37 0.900000 0.069000 0.068000 1.200000 0.014000 0.016000
1495812165216384736	1400 41 1.200000 0.093000 0.118000 1400 36 1.000000 0.928000 0.983000 600 37 0.900000 0.069000 0.068000 1.200000 0.017000 0.020000
1495812165725601746	1400 41 1.200000 0.093000 0.118000 1400 35 1.000000 0.928000 0.983000 600 37 0.900000 0.069000 0.068000 1.200000 0.016000 0.019000
1495812166234946881	1400 40 1.200000 0.094000 0.119000 1400 35 1.000000 0.833000 0.882000 600 37 0.900000 0.069000 0.068000 1.200000 0.049000 0.059000
1495812166744127683	1400 41 1.200000 0.101000 0.128000 1400 35 1.000000 0.914000 0.968000 600 37 0.900000 0.069000 0.068000 1.200000 0.024000 0.029000
1495812167253191859	1400 41 1.200000 0.099000 0.126000 1400 35 1.000000 0.931000 0.986000 600 37 0.900000 0.069000 0.068000 1.200000 0.014000 0.016000
1495812167762304786	1400 41 1.200000 0.100000 0.127000 1400 35 1.000000 0.931000 0.986000 600 37 0.900000 0.069000 0.068000 1.200000 0.014000 0.017000
1495812168271469671	1400 41 1.200000 0.096000 0.122000 1400 35 1.000000 0.932000 0.987000 600 37 0.900000 0.069000 0.068000 1.200000 0.014000 0.017000
1495812168780712973	1400 41 1.200000 0.095000 0.120000 1400 35 1.000000 0.931000 0.986000 600 37 0.900000 0.069000 0.068000 1.200000 0.015000 0.018000
1495812169289957942	1400 41 1.200000 0.096000 0.122000 1400 35 1.000000 0.931000 0.986000 600 37 0.900000 0.069000 0.068000 1.200000 0.015000 0.018000
1495812169799145160	1400 41 1.200000 0.097000 0.123000 1400 35 1.000000 0.931000 0.986000 600 37 0.900000 0.068000 0.067000 1.200000 0.014000 0.016000
1495812170308221754	1400 41 1.200000 0.099000 0.126000 1400 35 1.000000 0.929000 0.984000 600 37 0.900000 0.069000 0.068000 1.200000 0.014000 0.016000
1495812170817483514	1400 41 1.200000 0.100000 0.127000 1400 35 1.000000 0.926000 0.981000 600 37 0.900000 0.068000 0.067000 1.200000 0.018000 0.021000
1495812171326694107	1400 41 1.200000 0.098000 0.124000 1400 35 1.000000 0.925000 0.980000 600 37 0.900000 0.069000 0.068000 1.200000 0.018000 0.021000
1495812171836000242	1400 41 1.200000 0.096000 0.122000 1400 35 1.000000 0.927000 0.982000 600 37 0.900000 0.069000 0.068000 1.200000 0.016000 0.019000
1495812172345079586	1400 41 1.200000 0.093000 0.118000 1400 35 1.000000 0.931000 0.986000 600 37 0.900000 0.069000 0.068000 1.200000 0.014000 0.017000
1495812172854263471	1400 41 1.200000 0.094000 0.119000 1400 35 1.000000 0.931000 0.986000 600 37 0.900000 0.069000 0.068000 1.200000 0.015000 0.018000
1495812173363398439	1400 41 1.200000 0.093000 0.118000 1400 35 1.000000 0.933000 0.988000 600 37 0.900000 0.069000 0.068000 1.200000 0.015000 0.018000
1495812173872591699	1400 41 1.200000 0.092000 0.117000 1400 35 1.000000 0.931000 0.986000 600 37 0.900000 0.068000 0.067000 1.200000 0.016000 0.019000
1495812174381783543	1400 41 1.200000 0.092000 0.117000 1400 35 1.000000 0.931000 0.986000 600 37 0.900000 0.068000 0.067000 1.200000 0.014000 0.017000
1495812174891201136	1400 41 1.200000 0.093000 0.118000 1400 35 1.000000 0.932000 0.987000 600 37 0.900000 0.069000 0.068000 1.200000 0.013000 0.015000
1495812175400516521	1400 41 1.200000 0.093000 0.118000 1400 35 1.000000 0.929000 0.984000 600 37 0.900000 0.068000 0.067000 1.200000 0.015000 0.018000
1495812175909772614	1400 41 1.200000 0.096000 0.122000 1400 35 1.000000 0.926000 0.981000 600 37 0.900000 0.068000 0.067000 1.200000 0.017000 0.020000
1495812176418984916	1400 40 1.200000 0.099000 0.126000 1400 35 1.000000 0.925000 0.980000 600 37 0.900000 0.068000 0.067000 1.200000 0.018000 0.021000
1495812176928112759	1400 41 1.200000 0.095000 0.121000 1400 35 1.000000 0.814000 0.862000 600 37 0.900000 0.068000 0.067000 1.200000 0.058000 0.070000
1495812177437299478	1400 41 1.200000 0.092000 0.117000 1400 35 1.000000 0.926000 0.981000 600 37 0.900000 0.068000 0.067000 1.200000 0.019000 0.023000
1495812177946434946	1400 41 1.200000 0.097000 0.123000 1400 35 1.000000 0.932000 0.987000 600 37 0.900000 0.068000 0.067000 1.200000 0.015000 0.018000
1495812178455526040	1400 41 1.200000 0.096000 0.122000 1400 35 1.000000 0.932000 0.987000 600 38 0.900000 0.069000 0.068000 1.200000 0.014000 0.017000
1495812178964856758	1400 41 1.200000 0.094000 0.119000 1400 35 1.000000 0.931000 0.986000 600 37 0.900000 0.068000 0.067000 1.200000 0.014000 0.017000
1495812179473983852	1400 41 1.200000 0.096000 0.122000 1400 35 1.000000 0.932000 0.987000 600 37 0.900000 0.068000 0.067000 1.200000 0.014000 0.017000
1495812179983228737	1400 41 1.200000 0.099000 0.126000 1400 35 1.000000 0.930000 0.985000 600 37 0.900000 0.068000 0.067000 1.200000 0.015000 0.018000
1495812180492403372	1400 41 1.200000 0.100000 0.127000 1400 35 1.000000 0.931000 0.986000 600 37 0.900000 0.068000 0.067000 1.200000 0.014000 0.016000
1495812181001691423	1400 41 1.200000 0.098000 0.124000 1400 35 1.000000 0.926000 0.981000 600 37 0.900000 0.068000 0.067000 1.200000 0.017000 0.020000
1495812181511027058	1400 41 1.200000 0.092000 0.117000 1400 35 1.000000 0.925000 0.980000 600 37 0.900000 0.068000 0.067000 1.200000 0.016000 0.019000
1495812182020111610	1400 41 1.200000 0.093000 0.118000 1400 35 1.000000 0.926000 0.981000 600 38 0.900000 0.068000 0.067000 1.200000 0.018000 0.021000
1495812182529381329	1400 41 1.200000 0.096000 0.122000 1400 35 1.000000 0.929000 0.984000 600 37 0.900000 0.068000 0.067000 1.200000 0.015000 0.018000
1495812183038421297	1400 41 1.200000 0.098000 0.124000 1400 35 1.000000 0.931000 0.986000 600 37 0.900000 0.068000 0.067000 1.200000 0.014000 0.016000
1495812183547667641	1400 41 1.200000 0.101000 0.128000 1400 35 1.000000 0.931000 0.986000 600 37 0.900000 0.068000 0.067000 1.200000 0.015000 0.018000
1495812184056865192	1400 41 1.200000 0.099000 0.126000 1400 35 1.000000 0.931000 0.986000 600 37 0.900000 0.068000 0.067000 1.200000 0.015000 0.018000
1495812184566026411	1400 41 1.200000 0.096000 0.122000 1400 35 1.000000 0.932000 0.987000 600 37 0.900000 0.068000 0.067000 1.200000 0.016000 0.019000
1495812185075279838	1400 41 1.200000 0.096000 0.122000 1400 35 1.000000 0.932000 0.987000 600 37 0.900000 0.069000 0.068000 1.200000 0.016000 0.019000
1495812185584447098	1400 41 1.200000 0.097000 0.123000 1400 35 1.000000 0.930000 0.985000 600 37 0.900000 0.069000 0.068000 1.200000 0.016000 0.019000
1495812186093666524	1400 41 1.200000 0.093000 0.118000 1400 35 1.000000 0.925000 0.980000 600 37 0.900000 0.068000 0.067000 1.200000 0.018000 0.021000
1495812186602814076	1400 41 1.200000 0.091000 0.115000 1400 35 1.000000 0.925000 0.980000 600 37 0.900000 0.068000 0.067000 1.200000 0.017000 0.020000
1495812187112462336	1400 40 1.200000 0.170000 0.214000 1400 35 1.000000 0.524000 0.558000 600 37 0.900000 0.068000 0.067000 1.200000 0.059000 0.071000
1495812187622381803	1400 40 1.200000 0.097000 0.123000 1400 35 1.000000 0.787000 0.834000 600 37 0.900000 0.068000 0.067000 1.200000 0.014000 0.016000
1495812188132311104	1400 40 1.200000 0.096000 0.122000 1400 35 1.000000 0.792000 0.839000 600 37 0.900000 0.068000 0.067000 1.200000 0.014000 0.017000
1495812188642268655	1400 40 1.200000 0.095000 0.121000 1400 35 1.000000 0.796000 0.842000 600 37 0.900000 0.068000 0.067000 1.200000 0.014000 0.017000
1495812189151701248	1400 39 1.200000 0.104000 0.132000 1400 35 1.000000 0.760000 0.804000 600 37 0.900000 0.068000 0.067000 1.200000 0.027000 0.032000
1495812189661596882	1400 40 1.200000 0.100000 0.127000 1400 35 1.000000 0.783000 0.828000 600 37 0.900000 0.068000 0.067000 1.200000 0.055000 0.066000
1495812190170952267	1400 40 1.200000 0.098000 0.124000 1400 35 1.000000 0.803000 0.849000 600 37 0.900000 0.068000 0.067000 1.200000 0.056000 0.068000
1495812190680125819	1400 41 1.200000 0.095000 0.120000 1400 35 1.000000 0.840000 0.890000 600 37 0.900000 0.068000 0.067000 1.200000 0.057000 0.069000
1495812191189287912	1400 41 1.200000 0.096000 0.122000 1400 35 1.000000 0.832000 0.881000 600 37 0.900000 0.068000 0.067000 1.200000 0.020000 0.024000
1495812191698452380	1400 41 1.200000 0.097000 0.123000 1400 35 1.000000 0.860000 0.911000 600 37 0.900000 0.068000 0.067000 1.200000 0.017000 0.020000
1495812192207709099	1400 41 1.200000 0.099000 0.126000 1400 35 1.000000 0.858000 0.909000 600 37 0.900000 0.068000 0.067000 1.200000 0.018000 0.021000
1495812192717035400	1400 41 1.200000 0.100000 0.127000 1400 35 1.000000 0.844000 0.892000 600 37 0.900000 0.068000 0.067000 1.200000 0.019000 0.023000
1495812193226190036	1400 41 1.200000 0.097000 0.123000 1400 35 1.000000 0.854000 0.905000 600 37 0.900000 0.068000 0.067000 1.200000 0.018000 0.021000
1495812193735398129	1400 41 1.200000 0.095000 0.120000 1400 35 1.000000 0.861000 0.912000 600 37 0.900000 0.068000 0.067000 1.200000 0.019000 0.023000
1495812194244534264	1400 42 1.200000 0.093000 0.118000 1400 35 1.000000 0.851000 0.902000 600 37 0.900000 0.068000 0.067000 1.200000 0.019000 0.023000
1495812194753780941	1400 42 1.200000 0.093000 0.118000 1400 35 1.000000 0.954000 1.011000 600 37 0.900000 0.068000 0.067000 1.200000 0.015000 0.018000
1495812195263018284	1400 40 1.200000 0.094000 0.119000 1400 35 1.000000 0.809000 0.855000 600 37 0.900000 0.068000 0.067000 1.200000 0.052000 0.063000
1495812195772177461	1400 41 1.200000 0.093000 0.118000 1400 35 1.000000 0.806000 0.854000 600 37 0.900000 0.068000 0.067000 1.200000 0.064000 0.077000
1495812196281356679	1400 41 1.200000 0.092000 0.117000 1400 35 1.000000 0.834000 0.884000 600 37 0.900000 0.068000 0.067000 1.200000 0.020000 0.024000
1495812196790544148	1400 41 1.200000 0.092000 0.117000 1400 35 1.000000 0.852000 0.903000 600 37 0.900000 0.068000 0.067000 1.200000 0.018000 0.021000
1495812197299913408	1400 41 1.200000 0.093000 0.118000 1400 35 1.000000 0.868000 0.920000 600 37 0.900000 0.068000 0.067000 1.200000 0.019000 0.023000
1495812197809168251	1400 41 1.200000 0.096000 0.122000 1400 35 1.000000 0.854000 0.905000 600 37 0.900000 0.068000 0.067000 1.200000 0.018000 0.021000
1495812198318225636	1400 41 1.200000 0.099000 0.126000 1400 35 1.000000 0.840000 0.890000 600 37 0.900000 0.068000 0.067000 1.200000 0.020000 0.024000
1495812198827411772	1400 41 1.200000 0.100000 0.127000 1400 35 1.000000 0.867000 0.917000 600 37 0.900000 0.068000 0.067000 1.200000 0.020000 0.024000
1495812199336665532	1400 41 1.200000 0.091000 0.116000 1400 35 1.000000 0.856000 0.905000 600 37 0.900000 0.068000 0.067000 1.200000 0.020000 0.024000
1495812199845999791	1400 42 1.200000 0.093000 0.118000 1400 35 1.000000 0.959000 1.016000 600 37 0.900000 0.068000 0.067000 1.200000 0.015000 0.018000
1495812200355329843	1400 39 1.200000 0.094000 0.119000 1400 35 1.000000 0.870000 0.922000 600 37 0.900000 0.068000 0.067000 1.200000 0.032000 0.038000
1495812200864630270	1400 41 1.200000 0.097000 0.123000 1400 35 1.000000 0.730000 0.772000 600 37 0.900000 0.068000 0.067000 1.200000 0.067000 0.081000
1495812201373767363	1400 41 1.200000 0.097000 0.123000 1400 35 1.000000 0.839000 0.889000 600 37 0.900000 0.068000 0.067000 1.200000 0.018000 0.021000
1495812201882945873	1400 41 1.200000 0.099000 0.126000 1400 35 1.000000 0.848000 0.898000 600 37 0.900000 0.068000 0.067000 1.200000 0.018000 0.021000
1495812202392102717	1400 41 1.200000 0.099000 0.126000 1400 35 1.000000 0.857000 0.908000 600 37 0.900000 0.069000 0.068000 1.200000 0.018000 0.021000
1495812202901430310	1400 41 1.200000 0.096000 0.122000 1400 35 1.000000 0.845000 0.895000 600 37 0.900000 0.068000 0.067000 1.200000 0.017000 0.020000
1495812203410611820	1400 41 1.200000 0.092000 0.117000 1400 35 1.000000 0.843000 0.891000 600 37 0.900000 0.068000 0.067000 1.200000 0.018000 0.021000
1495812203919868705	1400 41 1.200000 0.093000 0.118000 1400 35 1.000000 0.841000 0.891000 600 37 0.900000 0.068000 0.067000 1.200000 0.018000 0.021000
1495812204429234090	1400 41 1.200000 0.096000 0.122000 1400 35 1.000000 0.863000 0.914000 600 37 0.900000 0.068000 0.067000 1.200000 0.019000 0.023000
1495812204938414975	1400 42 1.200000 0.099000 0.126000 1400 35 1.000000 0.844000 0.894000 600 37 0.900000 0.068000 0.067000 1.200000 0.018000 0.021000
1495812205447639402	1400 40 1.200000 0.100000 0.127000 1400 35 1.000000 0.951000 1.008000 600 37 0.900000 0.068000 0.067000 1.200000 0.013000 0.015000
1495812205956830120	1400 40 1.200000 0.099000 0.126000 1400 35 1.000000 0.749000 0.792000 600 37 0.900000 0.069000 0.068000 1.200000 0.069000 0.084000
1495812206466202172	1400 41 1.200000 0.096000 0.122000 1400 35 1.000000 0.843000 0.893000 600 37 0.900000 0.068000 0.067000 1.200000 0.063000 0.076000
1495812206975451432	1400 41 1.200000 0.094000 0.119000 1400 35 1.000000 0.844000 0.894000 600 37 0.900000 0.068000 0.067000 1.200000 0.020000 0.024000
1495812207484594817	1400 41 1.200000 0.097000 0.123000 1400 35 1.000000 0.861000 0.912000 600 37 0.900000 0.068000 0.067000 1.200000 0.019000 0.023000
1495812207993776619	1400 41 1.200000 0.094000 0.119000 1400 35 1.000000 0.857000 0.908000 600 37 0.900000 0.068000 0.067000 1.200000 0.018000 0.021000
1495812208502978421	1400 41 1.200000 0.092000 0.117000 1400 35 1.000000 0.833000 0.882000 600 37 0.900000 0.068000 0.067000 1.200000 0.019000 0.023000
1495812209012123139	1400 41 1.200000 0.092000 0.117000 1400 35 1.000000 0.859000 0.910000 600 37 0.900000 0.068000 0.067000 1.200000 0.019000 0.023000
1495812209521331191	1400 41 1.200000 0.093000 0.118000 1400 35 1.000000 0.846000 0.896000 600 37 0.900000 0.068000 0.067000 1.200000 0.018000 0.021000
1495812210030519159	1400 42 1.200000 0.093000 0.118000 1400 35 1.000000 0.923000 0.978000 600 37 0.900000 0.068000 0.067000 1.200000 0.017000 0.020000
1495812210539822336	1400 41 1.200000 0.092000 0.117000 1400 35 1.000000 0.949000 1.005000 600 37 0.900000 0.068000 0.067000 1.200000 0.012000 0.014000
1495812211049119387	1400 39 1.200000 0.094000 0.119000 1400 35 1.000000 0.784000 0.831000 600 37 0.900000 0.068000 0.067000 1.200000 0.091000 0.111000
1495812211558266439	1400 41 1.200000 0.102000 0.129000 1400 35 1.000000 0.818000 0.867000 600 37 0.900000 0.068000 0.067000 1.200000 0.030000 0.036000
1495812212067507616	1400 41 1.200000 0.094000 0.119000 1400 35 1.000000 0.839000 0.889000 600 37 0.900000 0.068000 0.067000 1.200000 0.019000 0.023000
1495812212576787043	1400 41 1.200000 0.095000 0.120000 1400 35 1.000000 0.850000 0.901000 600 37 0.900000 0.068000 0.067000 1.200000 0.018000 0.021000
1495812213085951386	1400 41 1.200000 0.094000 0.119000 1400 35 1.000000 0.874000 0.926000 600 37 0.900000 0.068000 0.067000 1.200000 0.019000 0.023000
1495812213595091146	1400 41 1.200000 0.094000 0.119000 1400 35 1.000000 0.839000 0.889000 600 37 0.900000 0.068000 0.067000 1.200000 0.018000 0.021000
1495812214104233531	1400 41 1.200000 0.096000 0.122000 1400 35 1.000000 0.846000 0.896000 600 37 0.900000 0.068000 0.067000 1.200000 0.017000 0.020000
1495812214613324708	1400 40 1.200000 0.099000 0.126000 1400 35 1.000000 0.850000 0.901000 600 37 0.900000 0.068000 0.067000 1.200000 0.019000 0.023000
1495812215122666260	1400 42 1.200000 0.101000 0.128000 1400 35 1.000000 0.840000 0.890000 600 37 0.900000 0.068000 0.067000 1.200000 0.019000 0.023000
1495812215631883062	1400 42 1.200000 0.098000 0.124000 1400 35 1.000000 0.959000 1.016000 600 37 0.900000 0.068000 0.067000 1.200000 0.015000 0.018000
1495812216141709821	1400 38 1.200000 0.094000 0.119000 1400 35 1.000000 0.851000 0.902000 600 37 0.900000 0.068000 0.067000 1.200000 0.032000 0.038000
1495812216651727872	1400 40 1.200000 0.162000 0.205000 1400 35 1.000000 0.615000 0.653000 600 37 0.900000 0.068000 0.067000 1.200000 0.044000 0.053000
1495812217161628172	1400 40 1.200000 0.099000 0.126000 1400 35 1.000000 0.791000 0.838000 600 37 0.900000 0.068000 0.067000 1.200000 0.014000 0.016000
1495812217671368348	1400 40 1.200000 0.096000 0.122000 1400 35 1.000000 0.794000 0.840000 600 37 0.900000 0.068000 0.067000 1.200000 0.012000 0.014000
1495812218181308649	1400 39 1.200000 0.096000 0.122000 1400 35 1.000000 0.794000 0.841000 600 37 0.900000 0.068000 0.067000 1.200000 0.011000 0.013000
1495812218691334116	1400 40 1.200000 0.096000 0.122000 1400 35 1.000000 0.816000 0.864000 600 37 0.900000 0.068000 0.067000 1.200000 0.044000 0.053000
1495812219201517875	1400 40 1.200000 0.097000 0.123000 1400 35 1.000000 0.798000 0.845000 600 37 0.900000 0.068000 0.067000 1.200000 0.068000 0.082000
1495812219711513384	1400 40 1.200000 0.100000 0.127000 1400 35 1.000000 0.799000 0.846000 600 37 0.900000 0.068000 0.067000 1.200000 0.043000 0.052000
1495812220222345642	1400 38 1.200000 0.105000 0.133000 1400 35 1.000000 0.799000 0.846000 600 37 0.900000 0.068000 0.067000 1.200000 0.044000 0.053000
1495812220731848110	1400 42 1.200000 0.102000 0.129000 1400 35 1.000000 0.790000 0.837000 600 37 0.900000 0.068000 0.067000 1.200000 0.115000 0.140000
1495812221241085912	1400 42 1.200000 0.093000 0.118000 1400 35 1.000000 0.925000 0.980000 600 37 0.900000 0.068000 0.067000 1.200000 0.005000 0.006000
1495812221750337838	1400 42 1.200000 0.092000 0.117000 1400 35 1.000000 0.991000 1.050000 600 37 0.900000 0.068000 0.067000 1.200000 0.004000 0.004000
1495812222259494640	1400 42 1.200000 0.094000 0.119000 1400 35 1.000000 0.975000 1.033000 600 37 0.900000 0.068000 0.067000 1.200000 0.006000 0.007000
1495812222768670775	1400 42 1.200000 0.092000 0.117000 1400 35 1.000000 0.971000 1.029000 600 37 0.900000 0.069000 0.068000 1.200000 0.005000 0.006000
1495812223277780577	1400 42 1.200000 0.100000 0.127000 1400 35 1.000000 0.969000 1.027000 600 37 0.900000 0.068000 0.067000 1.200000 0.005000 0.006000
1495812223787021587	1400 42 1.200000 0.097000 0.123000 1400 36 1.000000 0.979000 1.037000 600 37 0.900000 0.069000 0.068000 1.200000 0.005000 0.006000
1495812224296260889	1400 42 1.200000 0.096000 0.122000 1400 35 1.000000 0.989000 1.048000 600 37 0.900000 0.068000 0.067000 1.200000 0.004000 0.004000
1495812224805547274	1400 42 1.200000 0.096000 0.122000 1400 35 1.000000 0.986000 1.045000 600 37 0.900000 0.068000 0.067000 1.200000 0.004000 0.004000
1495812225314703326	1400 42 1.200000 0.095000 0.120000 1400 35 1.000000 0.981000 1.039000 600 37 0.900000 0.068000 0.067000 1.200000 0.005000 0.006000
1495812225823844378	1400 42 1.200000 0.093000 0.118000 1400 36 1.000000 0.966000 1.023000 600 37 0.900000 0.069000 0.068000 1.200000 0.006000 0.007000
1495812226332966638	1400 42 1.200000 0.094000 0.119000 1400 35 1.000000 0.973000 1.031000 600 37 0.900000 0.069000 0.068000 1.200000 0.006000 0.007000
1495812226842101273	1400 42 1.200000 0.097000 0.123000 1400 35 1.000000 0.976000 1.034000 600 37 0.900000 0.068000 0.067000 1.200000 0.007000 0.008000
1495812227351367075	1400 42 1.200000 0.097000 0.123000 1400 35 1.000000 0.971000 1.029000 600 37 0.900000 0.068000 0.067000 1.200000 0.008000 0.009000
1495812227860597210	1400 42 1.200000 0.094000 0.119000 1400 35 1.000000 0.956000 1.013000 600 37 0.900000 0.069000 0.068000 1.200000 0.007000 0.008000
1495812228369722220	1400 42 1.200000 0.096000 0.122000 1400 36 1.000000 0.962000 1.019000 600 37 0.900000 0.069000 0.068000 1.200000 0.007000 0.008000
1495812228878893855	1400 42 1.200000 0.098000 0.124000 1400 35 1.000000 0.953000 1.010000 600 37 0.900000 0.068000 0.067000 1.200000 0.007000 0.008000
1495812229388042948	1400 42 1.200000 0.100000 0.127000 1400 35 1.000000 0.957000 1.014000 600 37 0.900000 0.069000 0.068000 1.200000 0.006000 0.007000
1495812229897205542	1400 42 1.200000 0.100000 0.127000 1400 35 1.000000 0.962000 1.019000 600 37 0.900000 0.068000 0.067000 1.200000 0.007000 0.008000
1495812230406429219	1400 42 1.200000 0.092000 0.117000 1400 35 1.000000 0.957000 1.014000 600 37 0.900000 0.069000 0.068000 1.200000 0.007000 0.008000
1495812230915691854	1400 42 1.200000 0.092000 0.117000 1400 36 1.000000 0.963000 1.020000 600 37 0.900000 0.068000 0.067000 1.200000 0.009000 0.010000
1495812231424959155	1400 42 1.200000 0.094000 0.119000 1400 35 1.000000 0.956000 1.013000 600 37 0.900000 0.069000 0.068000 1.200000 0.006000 0.007000
1495812231934191374	1400 42 1.200000 0.093000 0.118000 1400 35 1.000000 0.960000 1.017000 600 37 0.900000 0.069000 0.068000 1.200000 0.006000 0.007000
1495812232443283801	1400 42 1.200000 0.093000 0.118000 1400 35 1.000000 0.970000 1.028000 600 37 0.900000 0.068000 0.067000 1.200000 0.004000 0.004000
1495812232952458811	1400 42 1.200000 0.092000 0.117000 1400 36 1.000000 0.967000 1.025000 600 37 0.900000 0.069000 0.068000 1.200000 0.007000 0.008000
1495812233461683987	1400 42 1.200000 0.093000 0.118000 1400 36 1.000000 0.956000 1.013000 600 37 0.900000 0.068000 0.067000 1.200000 0.007000 0.008000
1495812233971166247	1400 42 1.200000 0.094000 0.119000 1400 36 1.000000 0.973000 1.031000 600 37 0.900000 0.068000 0.067000 1.200000 0.006000 0.007000
1495812234480322632	1400 42 1.200000 0.094000 0.119000 1400 35 1.000000 0.979000 1.037000 600 37 0.900000 0.069000 0.068000 1.200000 0.007000 0.008000
1495812234989456184	1400 42 1.200000 0.097000 0.123000 1400 36 1.000000 0.962000 1.019000 600 37 0.900000 0.069000 0.068000 1.200000 0.008000 0.009000
1495812235498660403	1400 42 1.200000 0.099000 0.126000 1400 36 1.000000 0.963000 1.020000 600 37 0.900000 0.068000 0.067000 1.200000 0.005000 0.006000
1495812236007945371	1400 42 1.200000 0.099000 0.126000 1400 35 1.000000 0.952000 1.009000 600 37 0.900000 0.069000 0.068000 1.200000 0.006000 0.007000
1495812236517131631	1400 42 1.200000 0.099000 0.126000 1400 35 1.000000 0.952000 1.009000 600 37 0.900000 0.068000 0.067000 1.200000 0.006000 0.007000
1495812237026315766	1400 42 1.200000 0.096000 0.122000 1400 35 1.000000 0.968000 1.026000 600 37 0.900000 0.069000 0.068000 1.200000 0.008000 0.009000
1495812237535446526	1400 42 1.200000 0.094000 0.119000 1400 35 1.000000 0.953000 1.010000 600 37 0.900000 0.069000 0.068000 1.200000 0.009000 0.010000
1495812238044692078	1400 42 1.200000 0.095000 0.120000 1400 35 1.000000 0.957000 1.014000 600 37 0.900000 0.069000 0.068000 1.200000 0.010000 0.012000
1495812238553811755	1400 42 1.200000 0.099000 0.126000 1400 36 1.000000 0.975000 1.033000 600 37 0.900000 0.069000 0.068000 1.200000 0.009000 0.010000
1495812239062973890	1400 42 1.200000 0.094000 0.119000 1400 36 1.000000 0.966000 1.023000 600 37 0.900000 0.068000 0.067000 1.200000 0.008000 0.009000
1495812239572117567	1400 42 1.200000 0.093000 0.118000 1400 35 1.000000 0.959000 1.016000 600 37 0.900000 0.069000 0.068000 1.200000 0.008000 0.009000
1495812240081372327	1400 42 1.200000 0.093000 0.118000 1400 35 1.000000 0.969000 1.027000 600 37 0.900000 0.068000 0.067000 1.200000 0.005000 0.006000
1495812240590534087	1400 42 1.200000 0.093000 0.118000 1400 35 1.000000 0.962000 1.019000 600 37 0.900000 0.068000 0.067000 1.200000 0.006000 0.007000
1495812241099933764	1400 42 1.200000 0.094000 0.119000 1400 35 1.000000 0.956000 1.013000 600 37 0.900000 0.068000 0.067000 1.200000 0.007000 0.008000
1495812241609091857	1400 42 1.200000 0.097000 0.123000 1400 36 1.000000 0.955000 1.012000 600 37 0.900000 0.068000 0.067000 1.200000 0.008000 0.009000
1495812242118245117	1400 42 1.200000 0.100000 0.127000 1400 35 1.000000 0.957000 1.014000 600 37 0.900000 0.069000 0.068000 1.200000 0.010000 0.012000
1495812242627439252	1400 42 1.200000 0.100000 0.127000 1400 35 1.000000 0.944000 1.000000 600 37 0.900000 0.069000 0.068000 1.200000 0.010000 0.012000
1495812243136676637	1400 42 1.200000 0.097000 0.123000 1400 36 1.000000 0.958000 1.015000 600 37 0.900000 0.068000 0.067000 1.200000 0.009000 0.010000
1495812243645989606	1400 42 1.200000 0.092000 0.117000 1400 35 1.000000 0.957000 1.014000 600 37 0.900000 0.069000 0.068000 1.200000 0.007000 0.008000
1495812244155146699	1400 42 1.200000 0.094000 0.119000 1400 36 1.000000 0.953000 1.010000 600 37 0.900000 0.068000 0.067000 1.200000 0.007000 0.008000
1495812244664338626	1400 42 1.200000 0.093000 0.118000 1400 36 1.000000 0.955000 1.012000 600 37 0.900000 0.069000 0.068000 1.200000 0.006000 0.007000
1495812245173523844	1400 42 1.200000 0.092000 0.117000 1400 35 1.000000 0.950000 1.007000 600 37 0.900000 0.068000 0.067000 1.200000 0.007000 0.008000
1495812245682780604	1400 42 1.200000 0.101000 0.128000 1400 36 1.000000 0.951000 1.008000 600 37 0.900000 0.069000 0.068000 1.200000 0.008000 0.009000
1495812246191918239	1400 42 1.200000 0.099000 0.126000 1400 35 1.000000 0.967000 1.025000 600 37 0.900000 0.068000 0.067000 1.200000 0.006000 0.007000
1495812246701254833	1400 42 1.200000 0.096000 0.122000 1400 36 1.000000 0.960000 1.017000 600 37 0.900000 0.069000 0.068000 1.200000 0.007000 0.008000
1495812247210431676	1400 42 1.200000 0.093000 0.118000 1400 35 1.000000 0.951000 1.008000 600 37 0.900000 0.069000 0.068000 1.200000 0.008000 0.009000
1495812247719613103	1400 42 1.200000 0.096000 0.122000 1400 35 1.000000 0.959000 1.016000 600 37 0.900000 0.069000 0.068000 1.200000 0.007000 0.008000
1495812248228889155	1400 42 1.200000 0.098000 0.124000 1400 35 1.000000 0.962000 1.019000 600 37 0.900000 0.068000 0.067000 1.200000 0.007000 0.008000
1495812248738089081	1400 42 1.200000 0.099000 0.126000 1400 35 1.000000 0.957000 1.014000 600 37 0.900000 0.069000 0.068000 1.200000 0.008000 0.009000
1495812249247274466	1400 42 1.200000 0.099000 0.126000 1400 35 1.000000 0.957000 1.014000 600 37 0.900000 0.068000 0.067000 1.200000 0.010000 0.012000
1495812249756494810	1400 42 1.200000 0.097000 0.123000 1400 35 1.000000 0.964000 1.021000 600 37 0.900000 0.069000 0.068000 1.200000 0.011000 0.013000
1495812250265750445	1400 42 1.200000 0.095000 0.120000 1400 35 1.000000 0.948000 1.004000 600 37 0.900000 0.069000 0.068000 1.200000 0.012000 0.014000
1495812250775095288	1400 42 1.200000 0.095000 0.120000 1400 35 1.000000 0.954000 1.011000 600 37 0.900000 0.069000 0.068000 1.200000 0.011000 0.013000
1495812251284383548	1400 42 1.200000 0.099000 0.126000 1400 36 1.000000 0.946000 1.002000 600 37 0.900000 0.068000 0.067000 1.200000 0.011000 0.013000
1495812251793491100	1400 42 1.200000 0.102000 0.130000 1400 36 1.000000 0.948000 1.004000 600 37 0.900000 0.068000 0.067000 1.200000 0.012000 0.014000
1495812252302713777	1400 42 1.200000 0.093000 0.118000 1400 35 1.000000 0.949000 1.005000 600 37 0.900000 0.069000 0.068000 1.200000 0.012000 0.014000
1495812252811893245	1400 42 1.200000 0.092000 0.117000 1400 35 1.000000 0.948000 1.004000 600 37 0.900000 0.068000 0.067000 1.200000 0.014000 0.016000
1495812253321174463	1400 42 1.200000 0.093000 0.118000 1400 36 1.000000 0.946000 1.002000 600 37 0.900000 0.069000 0.068000 1.200000 0.013000 0.015000
1495812253830412140	1400 42 1.200000 0.093000 0.118000 1400 35 1.000000 0.937000 0.993000 600 37 0.900000 0.069000 0.068000 1.200000 0.017000 0.020000
1495812254339592442	1400 42 1.200000 0.093000 0.118000 1400 35 1.000000 0.938000 0.994000 600 37 0.900000 0.068000 0.067000 1.200000 0.018000 0.021000
1495812254848909660	1400 41 1.200000 0.092000 0.117000 1400 35 1.000000 0.915000 0.969000 600 37 0.900000 0.068000 0.067000 1.200000 0.028000 0.034000
1495812255358133629	1400 40 1.200000 0.095000 0.121000 1400 35 1.000000 0.863000 0.914000 600 37 0.900000 0.069000 0.068000 1.200000 0.046000 0.055000
1495812255867310097	1400 40 1.200000 0.097000 0.123000 1400 35 1.000000 0.814000 0.862000 600 37 0.900000 0.069000 0.068000 1.200000 0.056000 0.068000
1495812256376601149	1400 39 1.200000 0.094000 0.119000 1400 35 1.000000 0.756000 0.801000 600 37 0.900000 0.068000 0.067000 1.200000 0.020000 0.024000
1495812256885982200	1400 40 1.200000 0.094000 0.119000 1400 35 1.000000 0.726000 0.769000 600 37 0.900000 0.068000 0.067000 1.200000 0.013000 0.015000
1495812257396207167	1400 39 1.200000 0.097000 0.123000 1400 35 1.000000 0.792000 0.839000 600 37 0.900000 0.068000 0.067000 1.200000 0.033000 0.040000
1495812257906005301	1400 40 1.200000 0.147000 0.186000 1400 35 1.000000 0.788000 0.835000 600 37 0.900000 0.068000 0.067000 1.200000 0.012000 0.014000
1495812258415662686	1400 40 1.200000 0.103000 0.131000 1400 35 1.000000 0.789000 0.836000 600 37 0.900000 0.068000 0.067000 1.200000 0.010000 0.012000
1495812258925506653	1400 40 1.200000 0.101000 0.128000 1400 35 1.000000 0.791000 0.838000 600 37 0.900000 0.068000 0.067000 1.200000 0.012000 0.014000
1495812259434738164	1400 41 1.200000 0.098000 0.124000 1400 35 1.000000 0.815000 0.863000 600 37 0.900000 0.068000 0.067000 1.200000 0.014000 0.016000
1495812259943796507	1400 41 1.200000 0.095000 0.120000 1400 35 1.000000 1.023000 1.084000 600 37 0.900000 0.068000 0.067000 1.200000 0.011000 0.013000
1495812260452833226	1400 41 1.200000 0.097000 0.123000 1400 35 1.000000 1.024000 1.085000 600 37 0.900000 0.068000 0.067000 1.200000 0.007000 0.008000
1495812260962008653	1400 41 1.200000 0.101000 0.128000 1400 35 1.000000 1.024000 1.086000 600 38 0.900000 0.068000 0.067000 1.200000 0.006000 0.007000
1495812261471154329	1400 41 1.200000 0.093000 0.118000 1400 35 1.000000 1.028000 1.089000 600 38 0.900000 0.068000 0.067000 1.200000 0.004000 0.004000
1495812261980289923	1400 41 1.200000 0.092000 0.117000 1400 35 1.000000 1.024000 1.085000 600 38 0.900000 0.068000 0.067000 1.200000 0.003000 0.003000
1495812262489388808	1400 41 1.200000 0.093000 0.118000 1400 35 1.000000 1.025000 1.086000 600 38 0.900000 0.068000 0.067000 1.200000 0.003000 0.003000
1495812262998833610	1400 41 1.200000 0.094000 0.119000 1400 35 1.000000 1.026000 1.087000 600 38 0.900000 0.068000 0.067000 1.200000 0.004000 0.004000
1495812263508024995	1400 41 1.200000 0.097000 0.123000 1400 35 1.000000 1.022000 1.083000 600 38 0.900000 0.068000 0.067000 1.200000 0.011000 0.013000
1495812264017165672	1400 41 1.200000 0.099000 0.126000 1400 35 1.000000 1.023000 1.085000 600 38 0.900000 0.069000 0.068000 1.200000 0.012000 0.014000
1495812264526323098	1400 41 1.200000 0.101000 0.128000 1400 35 1.000000 1.024000 1.085000 600 38 0.900000 0.068000 0.067000 1.200000 0.009000 0.010000
1495812265035492442	1400 41 1.200000 0.097000 0.123000 1400 35 1.000000 1.022000 1.084000 600 38 0.900000 0.068000 0.067000 1.200000 0.013000 0.015000
1495812265544608744	1400 41 1.200000 0.093000 0.118000 1400 35 1.000000 1.023000 1.085000 600 38 0.900000 0.069000 0.068000 1.200000 0.011000 0.013000
1495812266053696504	1400 41 1.200000 0.095000 0.121000 1400 35 1.000000 1.024000 1.085000 600 38 0.900000 0.069000 0.068000 1.200000 0.011000 0.013000
1495812266562838097	1400 41 1.200000 0.093000 0.118000 1400 35 1.000000 1.025000 1.087000 600 38 0.900000 0.069000 0.068000 1.200000 0.006000 0.007000
1495812267071990899	1400 41 1.200000 0.093000 0.118000 1400 36 1.000000 1.026000 1.088000 600 38 0.900000 0.069000 0.068000 1.200000 0.005000 0.006000
1495812267581216993	1400 41 1.200000 0.092000 0.117000 1400 36 1.000000 1.023000 1.084000 600 38 0.900000 0.069000 0.068000 1.200000 0.011000 0.013000
1495812268090395794	1400 41 1.200000 0.098000 0.124000 1400 36 1.000000 1.015000 1.076000 600 38 0.900000 0.069000 0.068000 1.200000 0.028000 0.034000
1495812268599527388	1400 41 1.200000 0.097000 0.123000 1400 36 1.000000 1.025000 1.087000 600 38 0.900000 0.069000 0.068000 1.200000 0.015000 0.018000
1495812269108695565	1400 41 1.200000 0.093000 0.118000 1400 36 1.000000 1.014000 1.075000 600 38 0.900000 0.069000 0.068000 1.200000 0.023000 0.027000
1495812269617807367	1400 41 1.200000 0.095000 0.120000 1400 36 1.000000 1.026000 1.088000 600 38 0.900000 0.069000 0.068000 1.200000 0.011000 0.013000
1495812270126975960	1400 41 1.200000 0.097000 0.123000 1400 36 1.000000 1.023000 1.085000 600 38 0.900000 0.069000 0.068000 1.200000 0.007000 0.008000
1495812270636250178	1400 42 1.200000 0.099000 0.126000 1400 36 1.000000 1.028000 1.090000 600 38 0.900000 0.069000 0.068000 1.200000 0.016000 0.019000
1495812271145353522	1400 42 1.200000 0.099000 0.126000 1400 36 1.000000 1.026000 1.088000 600 38 0.900000 0.069000 0.068000 1.200000 0.009000 0.010000
1495812271654483407	1400 41 1.200000 0.098000 0.124000 1400 35 1.000000 1.024000 1.086000 600 38 0.900000 0.069000 0.068000 1.200000 0.012000 0.014000
1495812272163608167	1400 41 1.200000 0.094000 0.119000 1400 36 1.000000 1.025000 1.087000 600 38 0.900000 0.069000 0.068000 1.200000 0.013000 0.015000
1495812272672784594	1400 41 1.200000 0.095000 0.120000 1400 36 1.000000 1.023000 1.084000 600 38 0.900000 0.069000 0.068000 1.200000 0.010000 0.012000
1495812273181941438	1400 41 1.200000 0.097000 0.123000 1400 36 1.000000 1.024000 1.085000 600 38 0.900000 0.069000 0.068000 1.200000 0.008000 0.009000
1495812273691218656	1400 41 1.200000 0.100000 0.127000 1400 36 1.000000 1.024000 1.085000 600 38 0.900000 0.069000 0.068000 1.200000 0.006000 0.007000
1495812274200445958	1400 41 1.200000 0.101000 0.128000 1400 36 1.000000 1.025000 1.086000 600 38 0.900000 0.069000 0.068000 1.200000 0.010000 0.012000
1495812274709655509	1400 41 1.200000 0.093000 0.118000 1400 36 1.000000 1.024000 1.086000 600 38 0.900000 0.069000 0.068000 1.200000 0.015000 0.018000
1495812275218864561	1400 42 1.200000 0.094000 0.119000 1400 36 1.000000 1.016000 1.076000 600 38 0.900000 0.069000 0.068000 1.200000 0.019000 0.023000
1495812275728106321	1400 41 1.200000 0.094000 0.119000 1400 36 1.000000 1.021000 1.082000 600 38 0.900000 0.069000 0.068000 1.200000 0.022000 0.026000
1495812276237242665	1400 41 1.200000 0.093000 0.118000 1400 36 1.000000 1.019000 1.080000 600 38 0.900000 0.069000 0.068000 1.200000 0.020000 0.024000
1495812276746504508	1400 42 1.200000 0.092000 0.117000 1400 36 1.000000 1.016000 1.076000 600 38 0.900000 0.069000 0.068000 1.200000 0.021000 0.025000
1495812277255566643	1400 42 1.200000 0.093000 0.118000 1400 36 1.000000 1.023000 1.084000 600 38 0.900000 0.069000 0.068000 1.200000 0.015000 0.018000
1495812277764865528	1400 42 1.200000 0.099000 0.126000 1400 36 1.000000 1.025000 1.086000 600 38 0.900000 0.069000 0.068000 1.200000 0.009000 0.010000
1495812278274010455	1400 42 1.200000 0.096000 0.122000 1400 36 1.000000 1.028000 1.089000 600 38 0.900000 0.068000 0.067000 1.200000 0.008000 0.009000
1495812278783193174	1400 42 1.200000 0.095000 0.120000 1400 36 1.000000 1.028000 1.089000 600 38 0.900000 0.069000 0.068000 1.200000 0.009000 0.010000
1495812279292424392	1400 41 1.200000 0.094000 0.119000 1400 36 1.000000 1.026000 1.087000 600 38 0.900000 0.069000 0.068000 1.200000 0.008000 0.009000
1495812279801687860	1400 42 1.200000 0.097000 0.123000 1400 36 1.000000 1.025000 1.086000 600 38 0.900000 0.068000 0.067000 1.200000 0.010000 0.012000
1495812280311074662	1400 42 1.200000 0.101000 0.128000 1400 36 1.000000 1.026000 1.087000 600 38 0.900000 0.069000 0.068000 1.200000 0.010000 0.012000
1495812280820428505	1400 42 1.200000 0.101000 0.128000 1400 36 1.000000 1.023000 1.084000 600 38 0.900000 0.069000 0.068000 1.200000 0.010000 0.012000
1495812281329785265	1400 42 1.200000 0.099000 0.126000 1400 36 1.000000 1.021000 1.083000 600 38 0.900000 0.069000 0.068000 1.200000 0.012000 0.014000
1495812281839123858	1400 42 1.200000 0.097000 0.123000 1400 36 1.000000 1.026000 1.087000 600 38 0.900000 0.069000 0.068000 1.200000 0.005000 0.006000
1495812282348167868	1400 42 1.200000 0.094000 0.119000 1400 36 1.000000 1.022000 1.083000 600 38 0.900000 0.069000 0.068000 1.200000 0.014000 0.016000
1495812282857304295	1400 42 1.200000 0.099000 0.126000 1400 36 1.000000 1.019000 1.080000 600 38 0.900000 0.068000 0.067000 1.200000 0.020000 0.024000
1495812283366524014	1400 42 1.200000 0.094000 0.119000 1400 36 1.000000 1.020000 1.082000 600 38 0.900000 0.069000 0.068000 1.200000 0.019000 0.023000
1495812283875689940	1400 42 1.200000 0.092000 0.117000 1400 36 1.000000 1.021000 1.083000 600 38 0.900000 0.069000 0.068000 1.200000 0.016000 0.019000
1495812284384922909	1400 41 1.200000 0.093000 0.118000 1400 36 1.000000 1.022000 1.084000 600 38 0.900000 0.069000 0.068000 1.200000 0.015000 0.018000
1495812284894730001	1400 42 1.200000 0.095000 0.120000 1400 36 1.000000 1.020000 1.081000 600 38 0.900000 0.069000 0.068000 1.200000 0.017000 0.020000
1495812285404100136	1400 42 1.200000 0.095000 0.120000 1400 36 1.000000 1.028000 1.089000 600 38 0.900000 0.069000 0.068000 1.200000 0.008000 0.009000
1495812285913184188	1400 42 1.200000 0.099000 0.126000 1400 36 1.000000 1.029000 1.090000 600 38 0.900000 0.069000 0.068000 1.200000 0.009000 0.010000
1495812286422300365	1400 42 1.200000 0.099000 0.126000 1400 36 1.000000 1.031000 1.093000 600 38 0.900000 0.069000 0.068000 1.200000 0.008000 0.009000
1495812286931591667	1400 41 1.200000 0.101000 0.128000 1400 36 1.000000 1.026000 1.088000 600 38 0.900000 0.069000 0.068000 1.200000 0.012000 0.014000
1495812287440727927	1400 42 1.200000 0.097000 0.123000 1400 36 1.000000 1.023000 1.084000 600 38 0.900000 0.069000 0.068000 1.200000 0.012000 0.014000
1495812287949977312	1400 42 1.200000 0.094000 0.119000 1400 36 1.000000 1.018000 1.079000 600 38 0.900000 0.069000 0.068000 1.200000 0.015000 0.018000
1495812288459075905	1400 42 1.200000 0.093000 0.118000 1400 36 1.000000 1.023000 1.084000 600 38 0.900000 0.069000 0.068000 1.200000 0.011000 0.013000
1495812288968202291	1400 41 1.200000 0.092000 0.117000 1400 36 1.000000 1.025000 1.086000 600 38 0.900000 0.069000 0.068000 1.200000 0.006000 0.007000
1495812289477436509	1400 42 1.200000 0.093000 0.118000 1400 36 1.000000 1.020000 1.082000 600 38 0.900000 0.069000 0.068000 1.200000 0.014000 0.016000
1495812289986739894	1400 42 1.200000 0.093000 0.118000 1400 36 1.000000 1.019000 1.080000 600 38 0.900000 0.069000 0.068000 1.200000 0.017000 0.020000
1495812290495968571	1400 42 1.200000 0.094000 0.119000 1400 36 1.000000 1.025000 1.086000 600 38 0.900000 0.069000 0.068000 1.200000 0.007000 0.008000
1495812291005143331	1400 42 1.200000 0.097000 0.123000 1400 36 1.000000 1.020000 1.081000 600 38 0.900000 0.069000 0.068000 1.200000 0.018000 0.021000
1495812291514243341	1400 42 1.200000 0.094000 0.119000 1400 36 1.000000 1.027000 1.089000 600 38 0.900000 0.069000 0.068000 1.200000 0.012000 0.014000
1495812292023337185	1400 42 1.200000 0.093000 0.118000 1400 36 1.000000 1.026000 1.087000 600 38 0.900000 0.069000 0.068000 1.200000 0.009000 0.010000
1495812292532505570	1400 42 1.200000 0.096000 0.122000 1400 36 1.000000 1.023000 1.084000 600 38 0.900000 0.069000 0.068000 1.200000 0.013000 0.015000
1495812293041773621	1400 42 1.200000 0.099000 0.126000 1400 36 1.000000 1.028000 1.089000 600 38 0.900000 0.069000 0.068000 1.200000 0.008000 0.009000
1495812293550937715	1400 41 1.200000 0.101000 0.128000 1400 36 1.000000 1.029000 1.090000 600 38 0.900000 0.069000 0.068000 1.200000 0.009000 0.010000
1495812294060158558	1400 42 1.200000 0.097000 0.123000 1400 36 1.000000 1.028000 1.089000 600 38 0.900000 0.069000 0.068000 1.200000 0.011000 0.013000
1495812294569320318	1400 42 1.200000 0.094000 0.119000 1400 36 1.000000 1.025000 1.086000 600 38 0.900000 0.069000 0.068000 1.200000 0.012000 0.014000
1495812295078495745	1400 42 1.200000 0.094000 0.119000 1400 36 1.000000 1.026000 1.087000 600 38 0.900000 0.069000 0.068000 1.200000 0.010000 0.012000
1495812295587739047	1400 42 1.200000 0.097000 0.123000 1400 36 1.000000 1.022000 1.084000 600 38 0.900000 0.069000 0.068000 1.200000 0.011000 0.013000
1495812296096957265	1400 42 1.200000 0.099000 0.126000 1400 36 1.000000 1.020000 1.081000 600 38 0.900000 0.069000 0.068000 1.200000 0.004000 0.004000
1495812296606223567	1400 42 1.200000 0.092000 0.117000 1400 36 1.000000 1.019000 1.080000 600 38 0.900000 0.069000 0.068000 1.200000 0.010000 0.012000
1495812297115309077	1400 42 1.200000 0.094000 0.119000 1400 36 1.000000 1.027000 1.088000 600 38 0.900000 0.069000 0.068000 1.200000 0.007000 0.008000
1495812297624493796	1400 42 1.200000 0.094000 0.119000 1400 36 1.000000 1.025000 1.087000 600 38 0.900000 0.069000 0.068000 1.200000 0.008000 0.009000
1495812298133665139	1400 41 1.200000 0.093000 0.118000 1400 36 1.000000 1.025000 1.087000 600 38 0.900000 0.069000 0.068000 1.200000 0.011000 0.013000
1495812298642954899	1400 42 1.200000 0.092000 0.117000 1400 36 1.000000 1.022000 1.083000 600 38 0.900000 0.069000 0.068000 1.200000 0.009000 0.010000
1495812299152185201	1400 42 1.200000 0.093000 0.118000 1400 36 1.000000 1.023000 1.084000 600 38 0.900000 0.068000 0.067000 1.200000 0.012000 0.014000
1495812299661469794	1400 42 1.200000 0.100000 0.127000 1400 36 1.000000 1.025000 1.086000 600 38 0.900000 0.069000 0.068000 1.200000 0.012000 0.014000
1495812300170581513	1400 42 1.200000 0.099000 0.126000 1400 36 1.000000 1.023000 1.084000 600 38 0.900000 0.069000 0.068000 1.200000 0.012000 0.014000
1495812300679900773	1400 42 1.200000 0.097000 0.123000 1400 36 1.000000 1.026000 1.087000 600 38 0.900000 0.069000 0.068000 1.200000 0.009000 0.010000
1495812301189032491	1400 42 1.200000 0.094000 0.119000 1400 36 1.000000 1.020000 1.081000 600 38 0.900000 0.069000 0.068000 1.200000 0.004000 0.004000
1495812301698144793	1400 42 1.200000 0.093000 0.118000 1400 36 1.000000 1.020000 1.081000 600 38 0.900000 0.069000 0.068000 1.200000 0.004000 0.004000
1495812302207312845	1400 42 1.200000 0.099000 0.126000 1400 36 1.000000 1.023000 1.084000 600 38 0.900000 0.069000 0.068000 1.200000 0.006000 0.007000
1495812302716517272	1400 41 1.200000 0.101000 0.128000 1400 36 1.000000 1.020000 1.082000 600 38 0.900000 0.069000 0.068000 1.200000 0.006000 0.007000
1495812303225734532	1400 41 1.200000 0.101000 0.128000 1400 36 1.000000 1.025000 1.087000 600 38 0.900000 0.069000 0.068000 1.200000 0.007000 0.008000
1495812303735033333	1400 42 1.200000 0.097000 0.123000 1400 36 1.000000 1.026000 1.088000 600 38 0.900000 0.069000 0.068000 1.200000 0.009000 0.010000
1495812304244640718	1400 38 1.200000 0.094000 0.119000 1400 35 1.000000 1.018000 1.079000 600 38 0.900000 0.069000 0.068000 1.200000 0.006000 0.007000
1495812304754403852	1400 40 1.200000 0.163000 0.206000 1400 35 1.000000 0.593000 0.630000 600 38 0.900000 0.069000 0.068000 1.200000 0.037000 0.044000
1495812305264221611	1400 40 1.200000 0.102000 0.129000 1400 35 1.000000 0.791000 0.838000 600 37 0.900000 0.069000 0.068000 1.200000 0.015000 0.018000
1495812305774113370	1400 40 1.200000 0.096000 0.122000 1400 35 1.000000 0.794000 0.840000 600 37 0.900000 0.068000 0.067000 1.200000 0.011000 0.013000
1495812306283309672	1400 40 1.200000 0.097000 0.123000 1400 35 1.000000 0.795000 0.841000 600 37 0.900000 0.068000 0.067000 1.200000 0.014000 0.016000
1495812306792678307	1400 43 1.200000 0.097000 0.123000 1400 36 1.000000 0.837000 0.887000 600 37 0.900000 0.068000 0.067000 1.200000 0.029000 0.035000
1495812307301899775	1400 44 1.200000 0.094000 0.119000 1400 36 1.000000 1.168000 1.239000 600 38 0.900000 0.069000 0.068000 1.200000 0.005000 0.006000
1495812307811114661	1400 44 1.200000 0.097000 0.123000 1400 36 1.000000 1.170000 1.241000 600 38 0.900000 0.069000 0.068000 1.200000 0.006000 0.007000
1495812308320232921	1400 44 1.200000 0.099000 0.126000 1400 36 1.000000 1.167000 1.238000 600 38 0.900000 0.069000 0.068000 1.200000 0.007000 0.008000
1495812308829421473	1400 44 1.200000 0.101000 0.128000 1400 36 1.000000 1.171000 1.242000 600 38 0.900000 0.069000 0.068000 1.200000 0.007000 0.008000
1495812309338492858	1400 44 1.200000 0.099000 0.126000 1400 36 1.000000 1.172000 1.243000 600 38 0.900000 0.069000 0.068000 1.200000 0.007000 0.008000
1495812309847602951	1400 44 1.200000 0.094000 0.119000 1400 36 1.000000 1.170000 1.241000 600 38 0.900000 0.069000 0.068000 1.200000 0.006000 0.007000
1495812310356821503	1400 44 1.200000 0.095000 0.120000 1400 36 1.000000 1.166000 1.237000 600 38 0.900000 0.069000 0.068000 1.200000 0.007000 0.008000
1495812310866049930	1400 44 1.200000 0.094000 0.119000 1400 36 1.000000 1.162000 1.232000 600 38 0.900000 0.069000 0.068000 1.200000 0.005000 0.006000
1495812311375172607	1400 44 1.200000 0.093000 0.118000 1400 36 1.000000 1.150000 1.220000 600 38 0.900000 0.069000 0.068000 1.200000 0.008000 0.009000
1495812311884327658	1400 44 1.200000 0.094000 0.119000 1400 37 1.000000 1.148000 1.218000 600 38 0.900000 0.069000 0.068000 1.200000 0.006000 0.007000
1495812312393339002	1400 44 1.200000 0.095000 0.120000 1400 36 1.000000 1.146000 1.215000 600 38 0.900000 0.069000 0.068000 1.200000 0.004000 0.004000
1495812312902553012	1400 44 1.200000 0.093000 0.118000 1400 36 1.000000 1.144000 1.213000 600 38 0.900000 0.069000 0.068000 1.200000 0.003000 0.003000
1495812313411760647	1400 44 1.200000 0.097000 0.123000 1400 36 1.000000 1.138000 1.207000 600 38 0.900000 0.069000 0.068000 1.200000 0.005000 0.006000
1495812313921022741	1400 44 1.200000 0.094000 0.119000 1400 36 1.000000 1.142000 1.211000 600 38 0.900000 0.069000 0.068000 1.200000 0.004000 0.004000
1495812314430149668	1400 44 1.200000 0.096000 0.122000 1400 36 1.000000 1.134000 1.203000 600 38 0.900000 0.069000 0.068000 1.200000 0.004000 0.004000
1495812314939354011	1400 44 1.200000 0.099000 0.126000 1400 37 1.000000 1.178000 1.249000 600 38 0.900000 0.069000 0.068000 1.200000 0.006000 0.007000
1495812315448562896	1400 44 1.200000 0.104000 0.132000 1400 37 1.000000 1.178000 1.249000 600 38 0.900000 0.069000 0.068000 1.200000 0.006000 0.007000
1495812315957715448	1400 44 1.200000 0.100000 0.127000 1400 36 1.000000 1.176000 1.247000 600 38 0.900000 0.069000 0.068000 1.200000 0.007000 0.008000
1495812316466901833	1400 45 1.200000 0.097000 0.123000 1400 37 1.000000 1.178000 1.249000 600 38 0.900000 0.069000 0.068000 1.200000 0.007000 0.008000
1495812316976315093	1400 44 1.200000 0.095000 0.120000 1400 37 1.000000 1.176000 1.247000 600 39 0.900000 0.069000 0.068000 1.200000 0.005000 0.006000
1495812317485424186	1400 45 1.200000 0.097000 0.123000 1400 37 1.000000 1.178000 1.249000 600 39 0.900000 0.069000 0.068000 1.200000 0.006000 0.007000
1495812317994557821	1400 44 1.200000 0.099000 0.126000 1400 37 1.000000 1.176000 1.247000 600 38 0.900000 0.069000 0.068000 1.200000 0.007000 0.008000
1495812318503677207	1400 44 1.200000 0.100000 0.127000 1400 37 1.000000 1.175000 1.246000 600 39 0.900000 0.069000 0.068000 1.200000 0.006000 0.007000
1495812319012864258	1400 44 1.200000 0.094000 0.119000 1400 37 1.000000 1.164000 1.235000 600 39 0.900000 0.069000 0.068000 1.200000 0.008000 0.009000
1495812319522019519	1400 44 1.200000 0.094000 0.119000 1400 37 1.000000 1.160000 1.230000 600 39 0.900000 0.069000 0.068000 1.200000 0.008000 0.009000
1495812320031298529	1400 44 1.200000 0.095000 0.121000 1400 37 1.000000 1.160000 1.230000 600 39 0.900000 0.069000 0.068000 1.200000 0.004000 0.004000
1495812320540387830	1400 44 1.200000 0.093000 0.118000 1400 37 1.000000 1.152000 1.222000 600 38 0.900000 0.069000 0.068000 1.200000 0.003000 0.003000
1495812321049652840	1400 44 1.200000 0.094000 0.119000 1400 37 1.000000 1.147000 1.216000 600 39 0.900000 0.069000 0.068000 1.200000 0.004000 0.004000
1495812321558788851	1400 44 1.200000 0.100000 0.127000 1400 37 1.000000 1.147000 1.216000 600 38 0.900000 0.069000 0.068000 1.200000 0.004000 0.004000
1495812322067916153	1400 44 1.200000 0.101000 0.128000 1400 37 1.000000 1.144000 1.213000 600 38 0.900000 0.069000 0.068000 1.200000 0.004000 0.004000
1495812322577069371	1400 45 1.200000 0.100000 0.127000 1400 37 1.000000 1.158000 1.228000 600 38 0.900000 0.069000 0.068000 1.200000 0.005000 0.006000
1495812323086351589	1400 45 1.200000 0.095000 0.120000 1400 37 1.000000 1.179000 1.250000 600 39 0.900000 0.069000 0.068000 1.200000 0.004000 0.004000
1495812323595464933	1400 45 1.200000 0.094000 0.119000 1400 37 1.000000 1.179000 1.250000 600 39 0.900000 0.069000 0.068000 1.200000 0.004000 0.004000
1495812324104693443	1400 45 1.200000 0.094000 0.119000 1400 37 1.000000 1.180000 1.251000 600 39 0.900000 0.069000 0.068000 1.200000 0.005000 0.006000
1495812324613831911	1400 45 1.200000 0.099000 0.126000 1400 37 1.000000 1.176000 1.247000 600 39 0.900000 0.069000 0.068000 1.200000 0.005000 0.006000
1495812325122948130	1400 45 1.200000 0.102000 0.129000 1400 37 1.000000 1.175000 1.246000 600 39 0.900000 0.069000 0.068000 1.200000 0.006000 0.007000
1495812325632157807	1400 45 1.200000 0.101000 0.128000 1400 37 1.000000 1.177000 1.248000 600 39 0.900000 0.069000 0.068000 1.200000 0.006000 0.007000
1495812326141382608	1400 45 1.200000 0.097000 0.123000 1400 37 1.000000 1.178000 1.249000 600 38 0.900000 0.069000 0.068000 1.200000 0.008000 0.009000
1495812326650578577	1400 45 1.200000 0.097000 0.123000 1400 37 1.000000 1.168000 1.239000 600 39 0.900000 0.069000 0.068000 1.200000 0.008000 0.009000
1495812327159731837	1400 45 1.200000 0.097000 0.123000 1400 37 1.000000 1.163000 1.233000 600 39 0.900000 0.069000 0.068000 1.200000 0.010000 0.012000
1495812327668851847	1400 44 1.200000 0.095000 0.120000 1400 37 1.000000 1.158000 1.228000 600 39 0.900000 0.069000 0.068000 1.200000 0.004000 0.004000
1495812328178049649	1400 44 1.200000 0.094000 0.119000 1400 37 1.000000 1.156000 1.226000 600 39 0.900000 0.069000 0.068000 1.200000 0.004000 0.004000
1495812328687448950	1400 44 1.200000 0.101000 0.128000 1400 37 1.000000 1.150000 1.220000 600 39 0.900000 0.069000 0.068000 1.200000 0.005000 0.006000
1495812329196730460	1400 44 1.200000 0.098000 0.124000 1400 37 1.000000 1.147000 1.216000 600 39 0.900000 0.069000 0.068000 1.200000 0.004000 0.004000
1495812329706041970	1400 44 1.200000 0.097000 0.123000 1400 37 1.000000 1.147000 1.216000 600 39 0.900000 0.069000 0.068000 1.200000 0.005000 0.006000
1495812330215202022	1400 45 1.200000 0.096000 0.122000 1400 37 1.000000 1.178000 1.249000 600 39 0.900000 0.069000 0.068000 1.200000 0.019000 0.023000
1495812330724481574	1400 45 1.200000 0.099000 0.126000 1400 37 1.000000 1.179000 1.250000 600 39 0.900000 0.069000 0.068000 1.200000 0.006000 0.007000
1495812331233552417	1400 45 1.200000 0.099000 0.126000 1400 37 1.000000 1.178000 1.249000 600 39 0.900000 0.069000 0.068000 1.200000 0.007000 0.008000
1495812331742737469	1400 45 1.200000 0.103000 0.131000 1400 37 1.000000 1.180000 1.251000 600 39 0.900000 0.069000 0.068000 1.200000 0.004000 0.004000
1495812332251961063	1400 45 1.200000 0.096000 0.122000 1400 37 1.000000 1.177000 1.248000 600 39 0.900000 0.069000 0.068000 1.200000 0.004000 0.004000
1495812332761236406	1400 45 1.200000 0.094000 0.119000 1400 37 1.000000 1.177000 1.248000 600 39 0.900000 0.069000 0.068000 1.200000 0.005000 0.006000
1495812333270316958	1400 45 1.200000 0.094000 0.119000 1400 37 1.000000 1.177000 1.248000 600 39 0.900000 0.069000 0.068000 1.200000 0.006000 0.007000
1495812333779518801	1400 45 1.200000 0.094000 0.119000 1400 37 1.000000 1.176000 1.247000 600 39 0.900000 0.069000 0.068000 1.200000 0.006000 0.007000
1495812334288659020	1400 45 1.200000 0.095000 0.121000 1400 37 1.000000 1.172000 1.243000 600 39 0.900000 0.069000 0.068000 1.200000 0.007000 0.008000
1495812334797776072	1400 45 1.200000 0.094000 0.119000 1400 37 1.000000 1.164000 1.235000 600 39 0.900000 0.069000 0.068000 1.200000 0.008000 0.009000
1495812335307121040	1400 45 1.200000 0.093000 0.118000 1400 37 1.000000 1.163000 1.233000 600 39 0.900000 0.069000 0.068000 1.200000 0.009000 0.010000
1495812335816734549	1400 45 1.200000 0.099000 0.126000 1400 37 1.000000 1.159000 1.229000 600 39 0.900000 0.069000 0.068000 1.200000 0.004000 0.004000
1495812336325948184	1400 44 1.200000 0.096000 0.122000 1400 37 1.000000 1.157000 1.227000 600 39 0.900000 0.069000 0.068000 1.200000 0.004000 0.004000
1495812336835117070	1400 44 1.200000 0.096000 0.122000 1400 37 1.000000 1.150000 1.220000 600 39 0.900000 0.069000 0.068000 1.200000 0.004000 0.004000
1495812337344256455	1400 44 1.200000 0.100000 0.127000 1400 37 1.000000 1.144000 1.213000 600 39 0.900000 0.069000 0.068000 1.200000 0.006000 0.007000
1495812337853490465	1400 45 1.200000 0.101000 0.128000 1400 37 1.000000 1.129000 1.197000 600 39 0.900000 0.069000 0.068000 1.200000 0.009000 0.010000
1495812338362597225	1400 45 1.200000 0.100000 0.127000 1400 37 1.000000 1.165000 1.236000 600 38 0.900000 0.069000 0.068000 1.200000 0.006000 0.007000
1495812338871844152	1400 45 1.200000 0.099000 0.126000 1400 37 1.000000 1.164000 1.235000 600 39 0.900000 0.069000 0.068000 1.200000 0.006000 0.007000
1495812339381000912	1400 44 1.200000 0.097000 0.123000 1400 37 1.000000 1.164000 1.235000 600 39 0.900000 0.069000 0.068000 1.200000 0.005000 0.006000
1495812339890144005	1400 45 1.200000 0.096000 0.122000 1400 37 1.000000 1.165000 1.236000 600 39 0.900000 0.069000 0.068000 1.200000 0.005000 0.006000
1495812340399415932	1400 44 1.200000 0.098000 0.124000 1400 37 1.000000 1.160000 1.230000 600 39 0.900000 0.069000 0.068000 1.200000 0.005000 0.006000
1495812340908518776	1400 44 1.200000 0.094000 0.119000 1400 37 1.000000 1.163000 1.233000 600 39 0.900000 0.069000 0.068000 1.200000 0.005000 0.006000
1495812341417715161	1400 44 1.200000 0.094000 0.119000 1400 37 1.000000 1.162000 1.232000 600 39 0.900000 0.069000 0.068000 1.200000 0.006000 0.007000
1495812341926902004	1400 45 1.200000 0.094000 0.119000 1400 37 1.000000 1.163000 1.233000 600 39 0.900000 0.069000 0.068000 1.200000 0.004000 0.004000
1495812342436088723	1400 44 1.200000 0.094000 0.119000 1400 37 1.000000 1.154000 1.224000 600 39 0.900000 0.069000 0.068000 1.200000 0.007000 0.008000
1495812342945293941	1400 44 1.200000 0.096000 0.122000 1400 37 1.000000 1.151000 1.221000 600 39 0.900000 0.069000 0.068000 1.200000 0.009000 0.010000
1495812343454486243	1400 44 1.200000 0.097000 0.123000 1400 37 1.000000 1.152000 1.222000 600 39 0.900000 0.069000 0.068000 1.200000 0.005000 0.006000
1495812343963628961	1400 44 1.200000 0.099000 0.126000 1400 37 1.000000 1.147000 1.216000 600 39 0.900000 0.069000 0.068000 1.200000 0.003000 0.003000
1495812344472799096	1400 44 1.200000 0.101000 0.128000 1400 37 1.000000 1.145000 1.214000 600 39 0.900000 0.069000 0.068000 1.200000 0.004000 0.004000
1495812344981977023	1400 44 1.200000 0.101000 0.128000 1400 37 1.000000 1.144000 1.213000 600 39 0.900000 0.069000 0.068000 1.200000 0.003000 0.003000
1495812345490996575	1400 37 1.200000 0.103000 0.131000 1400 36 1.000000 1.137000 1.206000 600 38 0.900000 0.069000 0.068000 1.200000 0.008000 0.009000
1495812345999896294	1400 36 1.200000 0.092000 0.117000 1400 35 1.000000 0.301000 0.322000 600 37 0.900000 0.069000 0.068000 1.200000 0.003000 0.003000
