#Timestamp	Benchmark	CPU(4) Frequency(MHz)	CPU(4) Temperature(C)	A15 Voltage(V)	A15 Current(A)	A15 Power(W)	CPU_CYCLES	L1I_CACHE_REFILL	L1I_TLB_REFILL	L1D_CACHE_ACCESS	L1D_TLB_REFILL	INST_RETIRED	EXCEPTION_TAKEN
1496368961456285046	parsec.dedup	1000	38	0.900000	0.331000	0.323000	354392833	3929946	1161115	86754202	1347892	174255927	18710
1496368961966713846	parsec.dedup	1000	38	0.900000	0.538000	0.520000	554047527	6451973	1907854	127480224	2160933	247711147	30844
1496368962476928188	parsec.dedup	1000	38	0.900000	0.540000	0.522000	553166180	6396884	1899333	129083260	2160353	253719879	30651
1496368962986954988	parsec.dedup	1000	38	0.900000	0.541000	0.523000	553228981	6127814	1827377	134300954	2107655	272501841	29281
1496368963497287789	parsec.dedup	1000	38	0.900000	0.542000	0.524000	548828351	3714899	2083895	150798789	2761028	229296356	26221
1496368964007540172	parsec.dedup	1000	38	0.900000	0.573000	0.554000	514362790	2878391	2036273	151876543	2665808	219712322	23546
1496368964517465140	parsec.dedup	1000	38	0.900000	0.535000	0.517000	703305564	3746909	2184263	176490129	3241462	283039179	26990
1496368965027446857	parsec.dedup	1000	38	0.900000	0.534000	0.516000	803878850	3155087	1703848	308685112	2485395	708206902	24050
1496368965536932117	parsec.dedup	1000	38	0.900000	0.535000	0.518000	964618236	2935652	1355426	429818494	1819241	1079996535	18241
1496368966046468835	parsec.dedup	1000	39	0.900000	0.980000	0.951000	979112713	2397456	896433	505849938	1177839	1383777912	10809
1496368966555758553	parsec.dedup	1000	39	0.900000	1.031000	1.001000	955116943	2692851	1003181	495651400	1581807	1360823097	11489
1496368967064975938	parsec.dedup	1000	39	0.900000	1.032000	1.002000	968291249	2985970	1090594	484032922	1765697	1371299751	12280
1496368967574313406	parsec.dedup	1000	39	0.900000	1.002000	0.972000	954483284	2975782	1102369	481466814	1780301	1331949421	12192
1496368968083509000	parsec.dedup	1000	39	0.900000	1.001000	0.971000	961834813	3251009	1213357	482621128	2219054	1257065696	15113
1496368968592852093	parsec.dedup	1000	39	0.900000	0.983000	0.954000	960818427	4217716	1577753	446389242	2895970	1108914617	18788
1496368969102183269	parsec.dedup	1000	39	0.900000	0.962000	0.934000	945241879	4022559	1511232	440973895	2760812	1120432701	17749
1496368969611677821	parsec.dedup	1000	39	0.900000	0.968000	0.939000	997002569	4757028	1980712	417230024	4414012	801688971	29541
1496368970121346497	parsec.dedup	1000	39	0.900000	0.948000	0.920000	996523887	4753379	1977416	419282526	4412085	805361230	29356
1496368970631021131	parsec.dedup	1000	39	0.900000	0.953000	0.925000	996508560	4898744	2007461	400946884	3582834	821792157	24748
1496368971140415183	parsec.dedup	1000	39	0.900000	0.950000	0.922000	996448400	5073409	1959764	406815898	1894914	915247069	11262
1496368971649664401	parsec.dedup	1000	39	0.900000	0.962000	0.934000	1001318100	3110600	1153283	463834874	1483137	1007389910	6715
1496368972159034994	parsec.dedup	1000	39	0.900000	1.000000	0.971000	1001333055	1651865	562075	470292667	957748	1083165507	3245
1496368972668167963	parsec.dedup	1000	39	0.900000	1.007000	0.977000	1001342529	1746984	602025	472173622	1010696	1081076951	3474
1496368973177303140	parsec.dedup	1000	39	0.900000	1.019000	0.989000	1001348928	1813525	622600	477202994	975152	1085880695	3627
1496368973686458733	parsec.dedup	1000	39	0.900000	1.010000	0.980000	1001312709	1788542	607821	476745318	976373	1077696453	3478
1496368974195475785	parsec.dedup	1000	39	0.900000	1.022000	0.992000	1001310873	1389630	469635	449216596	665907	1096508226	2832
1496368974704822253	parsec.dedup	1000	39	0.900000	1.004000	0.974000	1001298868	1717767	597005	478853836	848705	1077163548	3599
1496368975213867180	parsec.dedup	1000	39	0.900000	1.015000	0.985000	1001307374	1556982	587269	406319164	705302	1073872955	5120
1496368975722935649	parsec.dedup	1000	39	0.900000	0.986000	0.957000	1001472156	1924332	774250	409841542	895400	1057981752	7113
1496368976232055826	parsec.dedup	1000	39	0.900000	0.984000	0.955000	1001310727	1777618	690119	402515922	823263	1042622804	6160
1496368976741200211	parsec.dedup	1000	39	0.900000	0.987000	0.958000	1001341664	1736333	684474	407272915	790458	1067349474	5978
1496368977250120263	parsec.dedup	1000	39	0.900000	0.986000	0.957000	1001364900	2240715	930440	400732779	1020930	1033437619	8607
1496368977759173732	parsec.dedup	1000	39	0.900000	0.972000	0.943000	1001309427	1416860	517826	411383689	622537	1082386673	4233
1496368978268172534	parsec.dedup	1000	39	0.900000	0.987000	0.958000	1001294556	1686469	659742	408059203	765715	1064443709	5658
1496368978777443294	parsec.dedup	1000	39	0.900000	0.983000	0.954000	1001335333	1476045	560561	408801854	672388	1080839147	4770
1496368979286714471	parsec.dedup	1000	39	0.900000	0.975000	0.946000	1001396577	1678860	663594	406889059	756656	1069230991	5704
1496368979795957022	parsec.dedup	1000	39	0.900000	0.974000	0.945000	1001508921	1649348	636744	408088462	748315	1074481013	5344
1496368980305096699	parsec.dedup	1000	39	0.900000	0.982000	0.953000	1001313444	1863889	806644	396149977	1075601	1025370851	5922
1496368980814284959	parsec.dedup	1000	39	0.900000	0.971000	0.942000	1001315034	2994937	1390608	382845196	1500087	985129963	10266
1496368981323460553	parsec.dedup	1000	39	0.900000	0.965000	0.937000	1001311566	2932677	1337936	389262544	1454833	994003702	10002
1496368981832972521	parsec.dedup	1000	39	0.900000	0.966000	0.937000	1001308578	3251732	1553434	374500934	1690605	942399983	11833
1496368982342842571	parsec.dedup	1000	39	0.900000	0.952000	0.924000	1001578515	3063346	1391349	385166947	1562632	968836073	10922
1496368982852385748	parsec.dedup	1000	39	0.900000	0.954000	0.926000	1001625726	3115762	1400091	385791643	1550926	979624817	10638
1496368983361821299	parsec.dedup	1000	39	0.900000	0.949000	0.921000	1001513103	2709907	1186801	389889593	1318738	1004359460	8889
1496368983871043934	parsec.dedup	1000	39	0.900000	0.966000	0.937000	995703184	3051775	1364566	380322285	1514199	966214794	10676
1496368984380307153	parsec.dedup	1000	39	0.900000	0.960000	0.932000	905637832	3629154	1721784	318448509	2062968	768952558	13230
1496368984889750621	parsec.dedup	1000	38	0.900000	0.689000	0.668000	509811292	6736024	3224138	107370993	3363033	194916174	26237
1496368985399160797	parsec.dedup	1000	38	0.900000	0.504000	0.487000	509722167	6642494	3126165	107072255	3299932	195840669	25430
1496368985908649265	parsec.dedup	1000	38	0.900000	0.504000	0.487000	509381773	6675067	3190460	106694617	3317202	194686399	25408
1496368986418152358	parsec.dedup	1000	38	0.900000	0.504000	0.487000	509375969	6585285	3057899	108022656	3308186	196621748	25768
1496368986927964909	parsec.facesim	1000	38	0.900000	0.504000	0.487000	354012727	1034668	497184	74165114	1296608	151346841	3364
1496368987438383626	parsec.facesim	1000	38	0.900000	0.311000	0.303000	553138069	6294977	1849626	132510429	2118560	262978256	29883
1496368987948783801	parsec.facesim	1000	38	0.900000	0.538000	0.520000	553294748	6414114	1898920	128008830	2164022	249529814	30727
1496368988459037560	parsec.facesim	1000	37	0.900000	0.539000	0.521000	552717505	6362888	1884482	129695897	2154047	256231442	30417
1496368988969155027	parsec.facesim	1000	37	0.900000	0.541000	0.523000	551955457	6262843	1861151	131696587	2128310	263818477	30046
1496368989478605953	parsec.facesim	1000	37	0.900000	0.543000	0.526000	569591894	5454701	1678136	171499439	1956160	355625857	26297
1496368989987991046	parsec.facesim	1000	37	0.900000	0.604000	0.585000	505125315	732928	455467	204120714	661064	484974706	5508
1496368990497250640	parsec.facesim	1000	37	0.900000	0.603000	0.583000	504570629	762398	516250	198689687	772037	559373611	7121
1496368991007052441	parsec.facesim	1000	37	0.900000	0.507000	0.490000	506739801	1336766	889751	127394105	1447807	283333811	14179
1496368991516339326	parsec.facesim	1000	37	0.900000	0.518000	0.501000	502671045	536015	177043	96616604	592581	318198675	1534
1496368992025631211	parsec.facesim	1000	37	0.900000	0.497000	0.481000	503273779	397032	233113	98910603	1081524	266605253	3413
1496368992535032512	parsec.facesim	1000	37	0.900000	0.526000	0.509000	502748892	490073	175273	96696483	723548	303573988	1684
1496368993044257730	parsec.facesim	1000	37	0.900000	0.517000	0.500000	502632045	434643	210231	99028254	1093802	267728730	2229
1496368993553612949	parsec.facesim	1000	37	0.900000	0.518000	0.501000	503921014	647121	377868	122833559	1083044	298917434	5453
1496368994063049583	parsec.facesim	1000	37	0.900000	0.503000	0.486000	503231379	459887	270879	110595378	1034016	254069041	3387
1496368994572348635	parsec.facesim	1000	37	0.900000	0.532000	0.514000	503515080	459206	278692	107162964	873736	260278894	3800
1496368995081633145	parsec.facesim	1000	37	0.900000	0.496000	0.480000	503612913	538100	324250	110122149	949815	268395781	4752
1496368995590812988	parsec.facesim	1000	37	0.900000	0.502000	0.485000	503626432	481277	288445	107628153	911417	261272362	4034
1496368996100173582	parsec.facesim	1000	37	0.900000	0.487000	0.471000	503814880	525049	317281	101867923	961525	251092731	4739
1496368996609384133	parsec.facesim	1000	37	0.900000	0.484000	0.468000	502169653	74681	31225	126771610	275796	465386122	131
1496368997118669393	parsec.facesim	1000	37	0.900000	0.526000	0.509000	502312378	94046	41820	355388382	458627	629246853	327
1496368997628011737	parsec.facesim	1000	37	0.900000	0.543000	0.526000	502508829	77701	27909	782031939	1021431	950103904	130
1496368998137740204	parsec.facesim	1000	37	0.900000	0.826000	0.801000	502310685	164787	74491	231520215	427145	538480022	800
1496368998647119839	parsec.facesim	1000	37	0.900000	0.544000	0.526000	504495318	621388	389692	133843826	690511	419889416	6029
1496368999157067848	parsec.facesim	1000	37	0.900000	0.542000	0.525000	681493310	3723097	1128900	285273645	4373236	499179340	20287
1496368999666554025	parsec.facesim	1000	37	0.900000	0.712000	0.690000	1001423340	5645556	48304	508456749	8152690	977545679	229
1496369000175775410	parsec.facesim	1000	38	0.900000	1.006000	0.976000	1001432268	5790047	49258	517996832	8208017	990936915	227
1496369000685229253	parsec.facesim	1000	38	0.900000	1.009000	0.979000	767446311	3790437	78649	390707220	5209925	768299291	785
1496369001194554763	parsec.facesim	1000	38	0.900000	0.766000	0.743000	1001418339	8796934	48344	458683735	7537690	927833825	227
1496369001703817523	parsec.facesim	1000	38	0.900000	0.983000	0.954000	1001428962	8880325	48806	464624846	7561277	936329705	229
1496369002213271241	parsec.facesim	1000	38	0.900000	0.987000	0.958000	1001427942	8859667	49264	462257835	7548918	933400368	229
1496369002722586042	parsec.facesim	1000	38	0.900000	0.987000	0.958000	921429596	3525044	89993	350860115	5501647	763313223	833
1496369003232181094	parsec.facesim	1000	39	0.900000	0.854000	0.829000	972481606	233704	90131	285758225	335472	588747205	639
1496369003741868311	parsec.facesim	1000	39	0.900000	0.888000	0.862000	971364642	244968	94435	285831088	340253	587413659	665
1496369004251605779	parsec.facesim	1000	39	0.900000	0.877000	0.851000	967706902	234426	91684	283344286	333806	583076333	645
1496369004761219997	parsec.facesim	1000	39	0.900000	0.906000	0.879000	982462330	236709	92919	289716024	339601	596146576	653
1496369005270613548	parsec.facesim	1000	39	0.900000	0.927000	0.900000	967855239	239364	94265	284996844	337253	585712835	657
1496369005780003433	parsec.facesim	1000	39	0.900000	0.931000	0.904000	961485419	233789	91785	281294602	333414	578957082	630
1496369006289369068	parsec.facesim	1000	39	0.900000	0.915000	0.888000	981124363	235807	93993	289144195	339375	594611370	654
1496369006798807036	parsec.facesim	1000	39	0.900000	0.941000	0.912000	974285117	242861	95758	284995678	339108	585589673	672
1496369007308215754	parsec.facesim	1000	39	0.900000	0.925000	0.898000	970439414	227379	89493	284614741	334373	585882061	633
1496369007817768556	parsec.facesim	1000	39	0.900000	0.877000	0.851000	979097612	233303	91749	288966828	338240	594418795	646
1496369008327273190	parsec.facesim	1000	39	0.900000	0.874000	0.848000	962702780	238600	94132	283714135	337749	582978276	666
1496369008836939783	parsec.facesim	1000	39	0.900000	0.877000	0.851000	969541203	234890	92359	283867448	335535	584516599	634
1496369009346479334	parsec.facesim	1000	39	0.900000	0.919000	0.892000	970847479	241961	95855	287039139	338265	590181045	661
1496369009856170760	parsec.facesim	1000	40	0.900000	0.868000	0.842000	983205546	3641597	79859	356072944	3364883	723485918	500
1496369010365383104	parsec.facesim	1000	39	0.900000	0.958000	0.930000	1001414093	8648938	51315	457047376	7628905	931509595	233
1496369010874549031	parsec.facesim	1000	39	0.900000	0.988000	0.959000	1001414379	8894013	50449	466661837	7617268	944983479	230
1496369011383762582	parsec.facesim	1000	39	0.900000	0.993000	0.964000	999747281	8593345	50607	459457179	7604321	936014873	228
1496369011893105176	parsec.facesim	1000	39	0.900000	0.829000	0.804000	708351951	1004848	234420	286127744	3997939	652808738	596
1496369012402669560	parsec.facesim	1000	38	0.900000	0.624000	0.605000	506393215	2030281	806446	235559292	942955	508283390	1563
1496369012912374361	parsec.facesim	1000	38	0.900000	0.476000	0.460000	442029993	503278	166783	78492201	1053213	205564235	1806
1496369013422560745	parsec.freqmine	1000	38	0.900000	0.469000	0.455000	454665163	5104865	1506460	109714263	1748774	218473065	24343
1496369013932817670	parsec.freqmine	1000	38	0.900000	0.538000	0.520000	553553658	6440533	1911117	127899049	2173775	249347647	30898
1496369014443073554	parsec.freqmine	1000	38	0.900000	0.540000	0.522000	552566621	6367166	1897576	129469476	2162484	255487401	30583
1496369014953456979	parsec.freqmine	1000	38	0.900000	0.541000	0.523000	551937958	6280560	1873548	131348084	2143423	262443752	30244
1496369015463140780	parsec.freqmine	1000	38	0.900000	0.540000	0.522000	575349541	6350194	1888681	134962489	2195567	270717608	30405
1496369015972302540	parsec.freqmine	1000	38	0.900000	0.493000	0.477000	501355477	188306	90503	55946962	142185	134306443	961
1496369016481786175	parsec.freqmine	1000	37	0.900000	0.435000	0.421000	501357468	175992	86136	55771590	147251	134102063	923
1496369016991239560	parsec.freqmine	1000	37	0.900000	0.435000	0.421000	501223509	181398	88909	55937436	151080	134197276	972
1496369017500424195	parsec.freqmine	1000	37	0.900000	0.436000	0.422000	501298685	175161	85711	55750689	145228	134017321	921
1496369018009630163	parsec.freqmine	1000	37	0.900000	0.435000	0.421000	501290659	175153	85627	55692936	144564	133920510	916
1496369018518906215	parsec.freqmine	1000	37	0.900000	0.436000	0.422000	501443565	175391	85151	55706025	145071	133989161	915
1496369019028139517	parsec.freqmine	1000	37	0.900000	0.435000	0.421000	501404169	178262	86427	55687167	146515	133966727	920
1496369019537291193	parsec.freqmine	1000	37	0.900000	0.436000	0.422000	501220615	175232	85029	55688904	145494	133963064	920
1496369020046521620	parsec.freqmine	1000	37	0.900000	0.435000	0.421000	501296298	177720	86898	55687148	145035	133943175	919
1496369020555681880	parsec.freqmine	1000	37	0.900000	0.435000	0.421000	501218806	175280	84806	55689729	145713	133949923	917
1496369021064984849	parsec.freqmine	1000	36	0.900000	0.435000	0.421000	501214094	174998	85012	55683817	146144	133908909	920
1496369021574199525	parsec.freqmine	1000	37	0.900000	0.435000	0.421000	501209332	176717	86289	55698490	146066	133939768	919
1496369022083633160	parsec.freqmine	1000	36	0.900000	0.435000	0.421000	501328558	173172	85132	55707180	146000	133989686	918
1496369022592943170	parsec.freqmine	1000	37	0.900000	0.435000	0.421000	501519789	181661	86761	55730152	145715	133985732	923
1496369023102192930	parsec.freqmine	1000	36	0.900000	0.435000	0.421000	501208167	177183	84641	55679397	145705	133930934	917
1496369023611671106	parsec.freqmine	1000	36	0.900000	0.435000	0.421000	501208386	175668	85213	55648409	144418	133849785	916
1496369024121032075	parsec.freqmine	1000	36	0.900000	0.435000	0.421000	501216942	177366	86078	55696706	145854	133965705	921
1496369024630232293	parsec.freqmine	1000	36	0.900000	0.435000	0.421000	501215880	178852	86064	55666625	146744	133950840	921
1496369025139439345	parsec.freqmine	1000	36	0.900000	0.435000	0.421000	501210806	176938	85778	55714927	145943	133968198	920
1496369025648623563	parsec.freqmine	1000	36	0.900000	0.435000	0.421000	501211501	177646	85909	55691805	145336	133922571	919
1496369026157864573	parsec.freqmine	1000	36	0.900000	0.434000	0.420000	924443472	472473	271282	220978169	768943	1258480078	2549
1496369026667267166	parsec.freqmine	1000	37	0.900000	0.752000	0.729000	960174713	712586	426423	218220829	4323115	1132300522	4698
1496369027177079634	parsec.freqmine	1000	37	0.900000	1.005000	0.975000	996597441	2111588	1335153	221704452	8334650	507450312	17425
1496369027686773060	parsec.freqmine	1000	37	0.900000	0.758000	0.735000	959538215	487101	258228	390312301	3243143	847262117	2938
1496369028196052278	parsec.freqmine	1000	38	0.900000	0.838000	0.813000	1001403452	209676	49740	602191053	1028445	1133206876	235
1496369028705278205	parsec.freqmine	1000	38	0.900000	1.022000	0.992000	1001389538	208557	49977	599621283	988315	1136164955	235
1496369029214430465	parsec.freqmine	1000	38	0.900000	1.023000	0.993000	1001384444	207229	48247	605021628	1014754	1134833352	228
1496369029723704559	parsec.freqmine	1000	38	0.900000	1.018000	0.988000	1001520705	206419	47767	614643895	883400	1154429838	229
1496369030232876277	parsec.freqmine	1000	38	0.900000	1.029000	1.000000	1001389439	203662	47190	628041120	852573	1169644692	224
1496369030742157787	parsec.freqmine	1000	38	0.900000	1.032000	1.002000	1001387509	205718	47168	625511587	898127	1164100344	223
1496369031251484714	parsec.freqmine	1000	38	0.900000	1.028000	0.998000	1001387112	201112	45551	628748157	897323	1168188603	223
1496369031760656015	parsec.freqmine	1000	38	0.900000	1.028000	0.998000	1001386141	205423	47025	617294809	985335	1151807687	225
1496369032269937359	parsec.freqmine	1000	38	0.900000	1.025000	0.995000	1001402587	202815	46433	619041628	875989	1152857148	227
1496369032779121702	parsec.freqmine	1000	38	0.900000	1.033000	1.003000	1001393282	206605	48071	617532758	928595	1151904650	227
1496369033288221296	parsec.freqmine	1000	38	0.900000	1.034000	1.004000	1001405373	207328	48063	610735886	945722	1142179765	230
1496369033797417348	parsec.freqmine	1000	38	0.900000	1.030000	1.000000	1001386743	203901	48095	620920924	915977	1152373803	227
1496369034306704774	parsec.freqmine	1000	38	0.900000	1.039000	1.008000	1001386535	206414	47646	621735423	929729	1152806315	228
1496369034815995284	parsec.freqmine	1000	38	0.900000	1.037000	1.006000	1001390885	209998	48926	614138928	1025780	1140990861	227
1496369035325108544	parsec.freqmine	1000	38	0.900000	1.028000	0.998000	1001386898	207572	47884	605040363	1099695	1130397516	227
1496369035834359971	parsec.freqmine	1000	38	0.900000	1.022000	0.992000	1001388133	201595	47620	621030079	926626	1152047719	227
1496369036343541731	parsec.freqmine	1000	38	0.900000	1.040000	1.009000	1001394250	179882	47820	611615581	984852	1140455382	229
1496369036852812283	parsec.freqmine	1000	38	0.900000	1.031000	1.001000	1001408225	206143	48422	618656443	966101	1149195365	228
1496369037362157001	parsec.freqmine	1000	39	0.900000	1.034000	1.004000	1001822593	205364	47282	618190615	1065484	1142395862	226
1496369037871463178	parsec.freqmine	1000	38	0.900000	1.027000	0.997000	1001455186	206019	47722	610959368	1066551	1136860897	227
1496369038380794104	parsec.freqmine	1000	39	0.900000	1.029000	0.999000	1001465435	211278	48536	605432933	1126550	1125842714	228
1496369038890134739	parsec.freqmine	1000	39	0.900000	1.022000	0.992000	1001426832	191415	48975	559930495	1202900	1116510121	230
1496369039399341833	parsec.freqmine	1000	38	0.900000	1.012000	0.982000	998997652	223878	59179	380435396	1482791	960821281	309
1496369039908564926	parsec.freqmine	1000	39	0.900000	0.924000	0.897000	987485590	227293	78152	452690721	1504221	952977368	810
1496369040417830019	parsec.freqmine	1000	39	0.900000	0.889000	0.863000	997464239	279239	117197	327381387	2762469	805871332	1139
1496369040927188696	parsec.freqmine	1000	39	0.900000	0.935000	0.907000	1001425392	241248	100788	337393027	3328690	812677686	981
1496369041436697580	parsec.freqmine	1000	38	0.900000	0.923000	0.896000	649377238	579840	200667	211634217	2224194	483778714	2291
1496369041947029256	parsec.streamcluster	1000	38	0.900000	0.392000	0.382000	545757108	6195517	1816498	130740895	2082451	259421475	29301
1496369042457580514	parsec.streamcluster	1000	38	0.900000	0.539000	0.521000	553501388	6441806	1903253	128145622	2147754	249763271	30751
1496369042967620065	parsec.streamcluster	1000	38	0.900000	0.538000	0.520000	553222896	6374742	1882612	129711329	2130527	256051035	30438
1496369043478086031	parsec.streamcluster	1000	38	0.900000	0.540000	0.522000	552685436	6293337	1859387	131826288	2113758	263759776	30023
1496369043988086957	parsec.streamcluster	1000	37	0.900000	0.541000	0.523000	571566876	5607360	1711860	167989977	2013301	339057704	27467
1496369044497698716	parsec.streamcluster	1000	38	0.900000	0.736000	0.713000	965671029	230715	100968	363899973	1393919	836626923	1180
1496369045007077310	parsec.streamcluster	1000	38	0.900000	1.077000	1.045000	1001591581	125545	50785	376854478	1440250	865349063	664
1496369045516623028	parsec.streamcluster	1000	39	0.900000	1.076000	1.044000	1001606761	127280	52398	377101952	1440766	865558779	655
1496369046026132704	parsec.streamcluster	1000	39	0.900000	1.079000	1.047000	1001613617	128625	53672	376796133	1439597	865118773	675
1496369046535473005	parsec.streamcluster	1000	40	0.900000	1.078000	1.046000	1001620768	130184	54324	377293826	1441986	866219347	638
1496369047044897265	parsec.streamcluster	1000	40	0.900000	1.079000	1.048000	1001636142	126967	53972	376847056	1440061	865326134	652
1496369047554426733	parsec.streamcluster	1000	40	0.900000	1.079000	1.048000	1001589713	124195	52328	377122333	1440373	865714246	646
1496369048063941076	parsec.streamcluster	1000	40	0.900000	1.079000	1.047000	1001598945	127087	52994	375691886	1439151	864130459	671
1496369048573386003	parsec.streamcluster	1000	40	0.900000	1.081000	1.050000	1001549039	125580	53311	374248207	1444966	862552334	642
1496369049082922304	parsec.streamcluster	1000	40	0.900000	1.080000	1.049000	1001543225	124108	52682	373786613	1439543	862632995	683
1496369049592384855	parsec.streamcluster	1000	40	0.900000	1.080000	1.049000	1001553177	127199	54001	374051962	1444674	863850900	678
1496369050101820823	parsec.streamcluster	1000	40	0.900000	1.077000	1.046000	1001627492	127446	53672	373470888	1445806	863259988	715
1496369050611322666	parsec.streamcluster	1000	40	0.900000	1.075000	1.043000	1001533781	130109	54618	372743656	1461136	862117016	722
1496369051120742343	parsec.streamcluster	1000	40	0.900000	1.077000	1.045000	1001551414	128369	54895	373292116	1501898	864076709	725
1496369051630211311	parsec.streamcluster	1000	41	0.900000	1.078000	1.046000	1001608753	120953	54620	372059384	1618704	861962473	723
1496369052139722696	parsec.streamcluster	1000	40	0.900000	1.071000	1.039000	1001769133	125633	54695	371872889	1618948	861551935	712
1496369052649245789	parsec.streamcluster	1000	41	0.900000	1.072000	1.040000	1001817273	122987	52746	371962448	1624554	861721590	696
1496369053158859048	parsec.streamcluster	1000	41	0.900000	1.072000	1.041000	1001572686	127767	54961	372276145	1617858	862491950	730
1496369053668296475	parsec.streamcluster	1000	41	0.900000	1.073000	1.041000	1001571286	124387	53875	371959649	1622580	861821819	753
1496369054177724068	parsec.streamcluster	1000	41	0.900000	1.073000	1.042000	1001571879	128925	55287	371163830	1649429	860201121	696
1496369054687257952	parsec.streamcluster	1000	41	0.900000	1.074000	1.043000	1001580203	125412	53275	371337885	1646339	860705066	669
1496369055196701337	parsec.streamcluster	1000	41	0.900000	1.072000	1.040000	1001581563	127772	52279	371118965	1646119	860131260	682
1496369055706274305	parsec.streamcluster	1000	41	0.900000	1.072000	1.040000	1001846440	125764	53559	371358184	1645430	860647280	740
1496369056215628356	parsec.streamcluster	1000	41	0.900000	1.072000	1.040000	518457656	1957919	587316	173792168	1233667	390194371	8949
1496369056725805115	splash2x.barnes	1000	40	0.900000	0.820000	0.797000	554639802	6502232	1901259	126219191	2162467	242946304	30941
1496369057236211249	splash2x.barnes	1000	39	0.900000	0.538000	0.520000	553810660	6398676	1873832	128786704	2132475	251826960	30542
1496369057746578382	splash2x.barnes	1000	39	0.900000	0.540000	0.522000	552941550	6319460	1853357	130574035	2121972	258456459	30247
1496369058256588058	splash2x.barnes	1000	39	0.900000	0.543000	0.525000	552571454	6252657	1846805	132638336	2116068	266254193	29962
1496369058766924483	splash2x.barnes	1000	38	0.900000	0.544000	0.526000	562279210	4248607	1313540	137796322	1786579	323498408	20900
1496369059277466950	splash2x.barnes	1000	38	0.900000	0.583000	0.565000	784896807	1192857	626716	149021534	2161733	359065543	8571
1496369059786852001	splash2x.barnes	1000	38	0.900000	0.838000	0.813000	1000304090	108118	51346	326819602	5414773	684163148	244
1496369060296182219	splash2x.barnes	1000	39	0.900000	1.008000	0.978000	1001535204	102764	52313	352364907	4919113	734685000	229
1496369060805529771	splash2x.barnes	1000	39	0.900000	1.008000	0.978000	1001533635	98854	45629	352399347	4442435	735283721	227
1496369061314830989	splash2x.barnes	1000	39	0.900000	1.011000	0.981000	1001529477	101741	52192	352267581	4411287	733797634	228
1496369061824069374	splash2x.barnes	1000	39	0.900000	1.011000	0.981000	1001803407	98362	50648	352414768	4294132	734251674	226
1496369062333215593	splash2x.barnes	1000	39	0.900000	1.013000	0.983000	1001530182	102705	56174	352187116	4429430	734533049	231
1496369062842545061	splash2x.barnes	1000	39	0.900000	1.012000	0.982000	1001541321	100423	60921	352469506	4519824	734754689	227
1496369063351785779	splash2x.barnes	1000	39	0.900000	1.011000	0.981000	1001543130	102132	53826	352612952	4589513	735530225	229
1496369063861158498	splash2x.barnes	1000	39	0.900000	1.012000	0.982000	1001533398	99623	52495	352273443	4619250	735901581	227
1496369064370374216	splash2x.barnes	1000	39	0.900000	1.012000	0.982000	1001543568	101757	53088	352068203	4713656	736768981	229
1496369064879585601	splash2x.barnes	1000	39	0.900000	1.011000	0.981000	1001537328	100682	63076	351923211	5255907	734487882	228
1496369065388828069	splash2x.barnes	1000	39	0.900000	1.008000	0.978000	1001665737	103783	69487	351774262	5480565	733964347	230
1496369065898054663	splash2x.barnes	1000	39	0.900000	1.006000	0.976000	1001572212	101200	60715	351981611	5392453	733555146	227
1496369066407292214	splash2x.barnes	1000	39	0.900000	1.004000	0.974000	849635427	93834	51147	284382758	4528793	594340198	198
1496369066916705516	splash2x.barnes	1000	39	0.900000	0.705000	0.683000	967509821	419081	173735	262880997	2853739	600161913	2777
1496369067425984109	splash2x.barnes	1000	39	0.900000	1.005000	0.975000	1001388255	100650	45512	352900943	3404963	735516717	228
1496369067935330702	splash2x.barnes	1000	39	0.900000	1.008000	0.978000	1001384454	99098	50539	352270063	3476971	734790854	227
1496369068444511629	splash2x.barnes	1000	39	0.900000	1.012000	0.982000	1001536449	101972	45828	352105284	3632850	733515756	231
1496369068953705348	splash2x.barnes	1000	39	0.900000	1.011000	0.981000	1001396676	97705	45413	352225784	3754241	733072962	227
1496369069462991941	splash2x.barnes	1000	39	0.900000	1.012000	0.982000	1001413848	100265	49774	352045383	3662016	733395505	229
1496369069972296826	splash2x.barnes	1000	39	0.900000	1.011000	0.981000	1001387238	100447	49482	352345467	3525344	734431693	227
1496369070481463836	splash2x.barnes	1000	39	0.900000	1.012000	0.982000	1001411877	102554	50599	351855593	3658265	733766148	231
1496369070990714638	splash2x.barnes	1000	39	0.900000	1.012000	0.983000	1001415705	99288	48222	352114974	3502490	735441924	228
1496369071499943939	splash2x.barnes	1000	39	0.900000	1.011000	0.981000	1001407425	101602	54932	351919478	3552042	736492271	229
1496369072009148033	splash2x.barnes	1000	39	0.900000	1.009000	0.979000	1001406060	99003	57334	352505424	3272899	736454896	228
1496369072518343585	splash2x.barnes	1000	39	0.900000	1.006000	0.976000	1001412078	100431	55295	353169369	3234375	736946747	228
1496369073027614178	splash2x.barnes	1000	39	0.900000	1.008000	0.978000	1001392212	99126	49081	352833053	3527979	734961988	226
1496369073536862855	splash2x.barnes	1000	39	0.900000	1.004000	0.974000	1001388858	101782	47718	346200300	3503933	721837690	229
1496369074046362823	splash2x.barnes	1000	39	0.900000	0.884000	0.858000	718162317	340503	132415	175575893	1967742	416120493	1507
1496369074555523749	splash2x.barnes	1000	39	0.900000	0.905000	0.878000	1001418402	104670	46240	346611819	3463203	726196851	233
1496369075064889676	splash2x.barnes	1000	39	0.900000	1.007000	0.977000	1001396421	102075	49883	353291475	3413785	736605069	228
1496369075574060228	splash2x.barnes	1000	39	0.900000	1.008000	0.978000	1001630619	102100	47561	352619060	3648302	735592205	231
1496369076083206571	splash2x.barnes	1000	39	0.900000	1.011000	0.981000	1001536896	98052	44368	352639847	3696241	734246675	227
1496369076592439248	splash2x.barnes	1000	39	0.900000	1.010000	0.980000	1001400678	100147	44687	352828316	3803388	734961453	227
1496369077101666216	splash2x.barnes	1000	39	0.900000	1.011000	0.981000	1001395272	98053	47739	352826071	3671856	735994033	226
1496369077610811477	splash2x.barnes	1000	39	0.900000	1.010000	0.980000	1001383896	101439	47550	352612381	3714958	735369416	225
1496369078120240945	splash2x.barnes	1000	39	0.900000	1.011000	0.981000	1001393173	97692	46021	352707527	3571960	736499474	223
1496369078629438038	splash2x.barnes	1000	39	0.900000	1.011000	0.981000	1001380742	102391	49762	352733263	3568791	737288889	229
1496369079138612923	splash2x.barnes	1000	39	0.900000	1.011000	0.981000	1001433819	101637	54048	352990121	3404025	738155668	230
1496369079647761433	splash2x.barnes	1000	39	0.900000	1.005000	0.975000	1001390958	104232	58481	353347581	3378308	737417001	229
1496369080156980943	splash2x.barnes	1000	39	0.900000	1.005000	0.975000	1001381868	100824	48905	353650507	3415547	737513396	226
1496369080666349912	splash2x.barnes	1000	39	0.900000	1.001000	0.971000	757142108	78957	41498	249964450	2558871	523137205	183
1496369081175728588	splash2x.barnes	1000	38	0.900000	0.789000	0.766000	972689113	329693	141977	269594031	2858086	614248858	1532
1496369081685244223	splash2x.barnes	1000	39	0.900000	0.935000	0.907000	1001502249	103120	48884	353141258	3427438	736193546	227
1496369082194490191	splash2x.barnes	1000	39	0.900000	1.006000	0.976000	1001401482	104544	48528	352335772	3542467	735228111	232
1496369082703712535	splash2x.barnes	1000	39	0.900000	1.010000	0.980000	1001411343	101632	45471	352516381	3697164	733922032	228
1496369083213047544	splash2x.barnes	1000	39	0.900000	1.010000	0.980000	1001408562	99617	42081	352659678	3830443	734148992	229
1496369083722236055	splash2x.barnes	1000	39	0.900000	1.010000	0.980000	1001407749	100119	47130	352776985	3717427	735001250	227
1496369084231521481	splash2x.barnes	1000	39	0.900000	1.012000	0.982000	1001427939	101861	44208	352825147	3540289	735542827	229
1496369084740676158	splash2x.barnes	1000	39	0.900000	1.012000	0.982000	1001427540	98272	43909	352387259	3714891	734992114	227
1496369085250022460	splash2x.barnes	1000	39	0.900000	1.012000	0.982000	1001415975	101995	48084	352751384	3538475	736776426	229
1496369085759232845	splash2x.barnes	1000	39	0.900000	1.011000	0.981000	1001616993	100064	50224	352551743	3575306	737861409	229
1496369086268377022	splash2x.barnes	1000	39	0.900000	1.011000	0.981000	1001454711	104792	56888	352704046	3267080	736743121	230
1496369086777611198	splash2x.barnes	1000	39	0.900000	1.006000	0.976000	1001427547	102624	59088	353842791	3278152	738034002	228
1496369087286852417	splash2x.barnes	1000	39	0.900000	1.005000	0.975000	1001451578	103459	52931	353588658	3544321	735968483	228
1496369087796158010	splash2x.barnes	1000	39	0.900000	1.008000	0.978000	1000546817	102261	52658	343504601	3495923	715967649	228
1496369088305321853	splash2x.barnes	1000	39	0.900000	1.004000	0.974000	357155732	850690	266970	102742382	1206597	215853266	3625
1496369088815549237	splash2x.fmm	1000	39	0.900000	0.348000	0.339000	552610749	6311709	1871829	130935570	2127930	258561691	30120
1496369089325744746	splash2x.fmm	1000	38	0.900000	0.538000	0.520000	553487694	6417768	1904929	128156847	2160725	250542634	30764
1496369089836437045	splash2x.fmm	1000	38	0.900000	0.538000	0.520000	552212657	6340179	1890127	129892828	2147162	256951082	30464
1496369090346459804	splash2x.fmm	1000	38	0.900000	0.539000	0.521000	552161613	6268289	1867769	131761282	2135587	264062940	30092
1496369090856891271	splash2x.fmm	1000	38	0.900000	0.541000	0.524000	571050030	5183181	1560072	124036492	1883628	259826021	24780
1496369091366326323	splash2x.fmm	1000	37	0.900000	0.574000	0.555000	502772091	396556	195601	77111891	527075	212077715	2433
1496369091876131874	splash2x.fmm	1000	37	0.900000	0.498000	0.482000	810784018	3495088	2900338	177600138	3982916	304355609	40469
1496369092386192882	splash2x.fmm	1000	37	0.900000	0.827000	0.802000	582364449	2776914	1929322	135969001	3511120	232531296	30762
1496369092895653059	splash2x.fmm	1000	38	0.900000	0.537000	0.519000	612177783	83545	33392	105358800	3688192	318451969	176
1496369093404870569	splash2x.fmm	1000	38	0.900000	0.535000	0.517000	1001610572	128108	45875	191244451	6246417	817506202	235
1496369093914209329	splash2x.fmm	1000	38	0.900000	0.892000	0.866000	1001576298	122866	44185	189908810	6088710	836954984	227
1496369094423379672	splash2x.fmm	1000	38	0.900000	0.909000	0.882000	1001583804	123522	45019	195982142	5543596	865670586	231
1496369094932601432	splash2x.fmm	1000	38	0.900000	0.915000	0.888000	1001571696	124251	43985	196564022	5348415	866210659	228
1496369095441787609	splash2x.fmm	1000	38	0.900000	0.919000	0.892000	1001666619	125132	44584	191274974	5971796	843138406	231
1496369095951045702	splash2x.fmm	1000	38	0.900000	0.905000	0.878000	1001620203	118955	42057	262048322	1615360	1173714034	227
1496369096460459421	splash2x.fmm	1000	38	0.900000	1.038000	1.007000	943924165	146046	56272	174991120	3552828	681897253	384
1496369096969784264	splash2x.fmm	1000	38	0.900000	0.812000	0.788000	1001439885	131664	48195	198134889	5306619	786096321	293
1496369097478937232	splash2x.fmm	1000	38	0.900000	0.904000	0.877000	1001422371	127460	45524	188429386	6092138	829656788	229
1496369097988288742	splash2x.fmm	1000	38	0.900000	0.900000	0.873000	1001398338	122766	44470	194264090	5638554	857602901	227
1496369098497529127	splash2x.fmm	1000	38	0.900000	0.908000	0.881000	1001396961	130294	46153	200166283	4882933	881922140	231
1496369099006958470	splash2x.fmm	1000	38	0.900000	0.940000	0.912000	1001395689	123970	43766	193269178	5830022	853246060	230
1496369099516250855	splash2x.fmm	1000	38	0.900000	0.922000	0.895000	1001535843	126466	43393	236234402	3221185	1053024231	228
1496369100025564740	splash2x.fmm	1000	38	0.900000	1.044000	1.013000	972525264	124193	43196	210682769	1457778	909249903	245
1496369100534763000	splash2x.fmm	1000	39	0.900000	0.827000	0.802000	1000874648	136789	57159	195460601	5860444	715526700	337
1496369101043961594	splash2x.fmm	1000	38	0.900000	0.898000	0.871000	1001402751	124077	44569	185299347	6446008	815611263	227
1496369101553128187	splash2x.fmm	1000	39	0.900000	0.905000	0.878000	1001393655	126005	44553	194692311	5581212	859133589	228
1496369102062367114	splash2x.fmm	1000	39	0.900000	0.911000	0.884000	1001389761	126228	44772	194633450	5494704	856521917	226
1496369102571636499	splash2x.fmm	1000	39	0.900000	0.911000	0.884000	1001388699	126718	44737	191615209	5948115	845736773	233
1496369103080753467	splash2x.fmm	1000	39	0.900000	0.906000	0.879000	1001575302	124124	43900	214263583	4585629	950180266	228
1496369103590120561	splash2x.fmm	1000	39	0.900000	1.015000	0.985000	975360655	126168	43398	250298728	455549	1112746477	240
1496369104099352071	splash2x.fmm	1000	39	0.900000	0.818000	0.794000	1000235201	130767	52677	176568131	5545365	607809714	314
1496369104608723122	splash2x.fmm	1000	39	0.900000	0.882000	0.856000	1001388411	125667	44699	185641801	6389980	817156673	228
1496369105118018091	splash2x.fmm	1000	39	0.900000	0.893000	0.867000	1001578767	123920	43674	192963949	5750055	850636923	226
1496369105627310517	splash2x.fmm	1000	39	0.900000	0.911000	0.884000	1001440644	127791	45362	195957028	5378295	863819985	228
1496369106136657485	splash2x.fmm	1000	39	0.900000	0.929000	0.902000	1001444193	122231	43960	193821284	5675428	854984970	228
1496369106645944995	splash2x.fmm	1000	39	0.900000	0.923000	0.896000	1001582256	129443	45487	195576010	5647284	862575564	231
1496369107155139089	splash2x.fmm	1000	39	0.900000	0.972000	0.943000	981740939	119910	43213	275858174	256056	1234674364	230
1496369107664393349	splash2x.fmm	1000	39	0.900000	0.919000	0.892000	1000670065	144480	51163	175497330	4283876	599073743	333
1496369108173668359	splash2x.fmm	1000	39	0.900000	0.904000	0.877000	1001450055	123822	44463	185458570	6471864	816751987	227
1496369108682918036	splash2x.fmm	1000	39	0.900000	0.895000	0.869000	1001439345	127958	45795	190535391	6042512	839549623	229
1496369109192129796	splash2x.fmm	1000	39	0.900000	0.912000	0.885000	1001435895	122747	43981	191961848	5937683	846500929	227
1496369109701385222	splash2x.fmm	1000	39	0.900000	0.928000	0.901000	1001464275	126318	45474	196363400	5313420	865256655	231
1496369110210533607	splash2x.fmm	1000	39	0.900000	0.920000	0.893000	1001438556	123138	43650	271245585	983048	1216080277	227
1496369110719839034	splash2x.fmm	1000	39	0.900000	1.045000	1.014000	768455338	530605	172296	150351073	1573702	539994830	1889
1496369111229948376	splash2x.radiosity	1000	38	0.900000	0.668000	0.647000	384466226	4267265	1250460	93601563	1461157	187022515	20216
1496369111740448718	splash2x.radiosity	1000	38	0.900000	0.543000	0.526000	554392287	6422116	1880196	127802838	2153007	248183266	30669
1496369112250376227	splash2x.radiosity	1000	38	0.900000	0.540000	0.522000	553060873	6360069	1879260	128978372	2150836	253387790	30326
1496369112760667194	splash2x.radiosity	1000	38	0.900000	0.540000	0.522000	553034382	6289438	1856363	131418878	2132842	261507426	30125
1496369113271043119	splash2x.radiosity	1000	37	0.900000	0.541000	0.523000	558766256	6203611	1832885	134990310	2126113	272815550	29424
1496369113781373294	splash2x.radiosity	1000	37	0.900000	0.541000	0.523000	535210263	3499616	1911055	140594794	2530267	239732192	33330
1496369114291504470	splash2x.radiosity	1000	38	0.900000	0.558000	0.541000	510491402	2523678	1564720	137733146	2224551	269447857	29148
1496369114801587479	splash2x.radiosity	1000	38	0.900000	0.552000	0.534000	510903406	2712191	1722376	143310901	2447289	246704342	32801
1496369115311522154	splash2x.radiosity	1000	38	0.900000	0.524000	0.507000	505683711	2846005	1339373	157459193	1473934	265973769	41834
1496369115821356664	splash2x.radiosity	1000	37	0.900000	0.531000	0.514000	502695808	997599	436960	72222654	598401	133016670	13918
1496369116331241298	splash2x.radiosity	1000	38	0.900000	0.513000	0.496000	794533303	1271413	515357	256982245	1008019	683001569	17678
1496369116840425933	splash2x.radiosity	1000	38	0.900000	0.709000	0.687000	1001395025	185019	100746	373310309	1058635	1155611985	279
1496369117349431860	splash2x.radiosity	1000	38	0.900000	1.080000	1.048000	1001391545	184737	93609	368247483	1140238	1152492613	276
1496369117858517912	splash2x.radiosity	1000	38	0.900000	1.084000	1.052000	1001407733	176140	93624	370553380	1076532	1155083796	245
1496369118367564755	splash2x.radiosity	1000	38	0.900000	1.080000	1.048000	1001410466	187421	79041	377998193	1047360	1143373291	281
1496369118876741557	splash2x.radiosity	1000	38	0.900000	1.072000	1.040000	1001411920	187916	64276	381677888	1029879	1135911662	303
1496369119386018859	splash2x.radiosity	1000	38	0.900000	1.069000	1.037000	1001404640	197457	83734	379791319	915877	1112787989	366
1496369119894975244	splash2x.radiosity	1000	39	0.900000	1.063000	1.032000	1001380435	204077	103520	376481298	860135	1114115675	387
1496369120403955421	splash2x.radiosity	1000	39	0.900000	1.061000	1.030000	1001404303	193950	85317	380077394	957192	1107162720	367
1496369120912997515	splash2x.radiosity	1000	39	0.900000	1.061000	1.030000	1001392244	203133	79755	383748627	984581	1116716328	403
1496369121422072609	splash2x.radiosity	1000	39	0.900000	1.063000	1.032000	1001385988	196736	69536	387806497	908998	1130071087	355
1496369121931153452	splash2x.radiosity	1000	39	0.900000	1.069000	1.037000	1001388969	190823	62653	377126824	1042545	1140888221	314
1496369122440145463	splash2x.radiosity	1000	39	0.900000	1.069000	1.037000	1001378599	192620	67850	378139705	1037452	1139067994	312
1496369122949405098	splash2x.radiosity	1000	39	0.900000	1.067000	1.036000	1001580618	192436	66815	381241721	996464	1132521883	363
1496369123458432816	splash2x.radiosity	1000	39	0.900000	1.063000	1.032000	1001407597	195194	76774	374898988	845858	1098301129	388
1496369123967489410	splash2x.radiosity	1000	39	0.900000	1.048000	1.017000	1001393451	199591	67355	381874790	880174	1114896374	452
1496369124476622212	splash2x.radiosity	1000	39	0.900000	1.053000	1.022000	1001493444	217012	72825	379219583	843944	1061794798	592
1496369124985725139	splash2x.radiosity	1000	39	0.900000	1.048000	1.017000	1001313820	191048	66012	377207873	964134	1107980241	367
1496369125494852149	splash2x.radiosity	1000	39	0.900000	1.057000	1.026000	1001307387	200621	73043	376236318	949593	1072950765	442
1496369126003857951	splash2x.radiosity	1000	39	0.900000	1.053000	1.022000	1001395109	207336	71874	387254542	841094	1092811847	519
1496369126513006836	splash2x.radiosity	1000	39	0.900000	1.058000	1.027000	1001513042	198071	69546	380738328	870318	1084240335	371
1496369127022092263	splash2x.radiosity	1000	39	0.900000	1.053000	1.022000	1001306787	210750	77391	386071807	872951	1096484688	454
1496369127531214148	splash2x.radiosity	1000	39	0.900000	1.049000	1.018000	1001295746	195300	71465	390318858	886467	1137728226	413
1496369128040381950	splash2x.radiosity	1000	39	0.900000	1.060000	1.029000	1001306378	192084	78276	383703975	808724	1161864994	372
1496369128549434502	splash2x.radiosity	1000	39	0.900000	1.064000	1.033000	1001483397	207682	74210	381839791	794166	1097533691	541
1496369129058440762	splash2x.radiosity	1000	39	0.900000	1.042000	1.011000	1001458599	191834	59756	379079955	680465	1099568676	415
1496369129567525689	splash2x.radiosity	1000	39	0.900000	1.046000	1.015000	1001470090	206128	64553	377520383	682695	1108906887	514
1496369130076596366	splash2x.radiosity	1000	39	0.900000	1.028000	0.998000	1001596454	200531	62263	382195465	621607	1124467377	475
1496369130585622043	splash2x.radiosity	1000	39	0.900000	1.047000	1.016000	1001330175	210382	69631	393718220	861691	1096988747	506
1496369131094833886	splash2x.radiosity	1000	39	0.900000	1.038000	1.007000	1001459279	209282	71608	399168106	1012587	1028608340	558
1496369131603900438	splash2x.radiosity	1000	39	0.900000	1.037000	1.006000	1001463078	199593	71843	396504201	955033	1042547117	516
1496369132112899199	splash2x.radiosity	1000	39	0.900000	1.053000	1.022000	1001438892	200795	72345	394079611	957359	1071257302	567
1496369132621934667	splash2x.radiosity	1000	39	0.900000	1.052000	1.022000	1001467554	196666	73653	399691350	857933	1095057609	487
1496369133131145469	splash2x.radiosity	1000	39	0.900000	1.057000	1.026000	1001442037	200552	71183	397738128	1055092	1076971843	532
1496369133640155104	splash2x.radiosity	1000	39	0.900000	1.042000	1.011000	1001585549	197395	77375	386395063	1016748	1096789974	401
1496369134149192240	splash2x.radiosity	1000	39	0.900000	1.046000	1.015000	1001552498	208584	76986	392948115	1000461	1082650151	680
1496369134658246208	splash2x.radiosity	1000	39	0.900000	1.035000	1.004000	1001312152	205990	84710	383666145	988447	1092848843	518
1496369135167363219	splash2x.radiosity	1000	39	0.900000	1.049000	1.018000	1001303754	206975	77896	387475189	993537	1087045462	535
1496369135676428396	splash2x.radiosity	1000	39	0.900000	1.052000	1.021000	1001300041	203749	79409	385116524	1097776	1079251061	472
1496369136185516572	splash2x.radiosity	1000	39	0.900000	1.059000	1.028000	1001313065	209351	80028	386543152	1009073	1105083351	570
1496369136694648458	splash2x.radiosity	1000	39	0.900000	1.044000	1.013000	1001310499	203429	78080	374533693	912143	1128792061	491
1496369137203704176	splash2x.radiosity	1000	39	0.900000	1.052000	1.021000	1001528384	212576	77062	375244401	810251	1107870808	602
1496369137712838770	splash2x.radiosity	1000	39	0.900000	1.037000	1.006000	1001304264	226290	75190	385608801	638701	1109895883	785
1496369138221917405	splash2x.radiosity	1000	39	0.900000	1.030000	1.000000	1001171870	226187	77125	383876471	644522	1087750106	797
1496369138731133540	splash2x.radiosity	1000	39	0.900000	1.043000	1.012000	1001308870	224778	81786	383362215	1158823	1026733393	648
1496369139240241800	splash2x.radiosity	1000	39	0.900000	1.035000	1.004000	1001328993	236635	87184	375334438	1224620	1035693639	734
1496369139749334769	splash2x.radiosity	1000	39	0.900000	1.022000	0.992000	1001305185	246757	87492	379306480	1122610	1057305443	1052
1496369140258512154	splash2x.radiosity	1000	39	0.900000	1.036000	1.005000	1001305154	237543	90928	365702129	1450096	985500526	751
1496369140767742497	splash2x.radiosity	1000	39	0.900000	1.019000	0.989000	1001247340	243059	90782	349567302	1598380	959162129	817
1496369141277038757	splash2x.radiosity	1000	39	0.900000	1.012000	0.982000	1000904518	277712	92542	285536409	2788774	748822119	744
1496369141786442226	splash2x.radiosity	1000	39	0.900000	0.971000	0.942000	865851323	208883	74947	182449058	2917163	457775627	1028
1496369142295508027	splash2x.radiosity	1000	39	0.900000	0.845000	0.820000	501146638	62209	27665	132852522	924397	401512624	131
1496369142804637663	splash2x.radiosity	1000	38	0.900000	0.472000	0.456000	501044956	60930	26547	137488698	798939	415731746	129
1496369143313713048	splash2x.radiosity	1000	38	0.900000	0.472000	0.456000	501024305	61581	25374	125825040	892554	379991084	128
1496369143822775475	splash2x.radiosity	1000	38	0.900000	0.471000	0.455000	457730624	558809	177809	124230837	899347	294608547	1801
1496369144332799275	splash2x.raytrace	1000	38	0.900000	0.491000	0.475000	434889022	4853285	1425094	105213313	1654120	209332206	23081
1496369144843026826	splash2x.raytrace	1000	37	0.900000	0.346000	0.337000	553242283	6410799	1875429	127750979	2138633	248210345	30564
1496369145353517292	splash2x.raytrace	1000	37	0.900000	0.538000	0.520000	553211153	6361760	1862029	129367051	2133465	254368613	30291
1496369145863604343	splash2x.raytrace	1000	37	0.900000	0.539000	0.521000	552646430	6266314	1848943	131572264	2122529	262332357	30034
1496369146373716269	splash2x.raytrace	1000	37	0.900000	0.541000	0.523000	567708964	6344002	1889751	135445430	2182092	271701215	30168
1496369146883046237	splash2x.raytrace	1000	37	0.900000	0.545000	0.527000	743249643	2393415	315682	217470752	1236065	606255448	4016
1496369147392309122	splash2x.raytrace	1000	38	0.900000	0.840000	0.815000	1001413856	201680	55896	282177386	1702665	684424363	384
1496369147901613132	splash2x.raytrace	1000	38	0.900000	1.102000	1.070000	1001305524	201067	53938	284116348	1710812	680780544	315
1496369148410760517	splash2x.raytrace	1000	38	0.900000	1.107000	1.074000	1001301053	171082	49981	283203498	1719387	685219627	263
1496369148920144527	splash2x.raytrace	1000	38	0.900000	1.101000	1.069000	1001305856	183819	51915	286051594	1724920	690205894	301
1496369149429304954	splash2x.raytrace	1000	38	0.900000	1.103000	1.071000	1001292877	182456	52729	285164424	1668943	683531428	287
1496369149938400922	splash2x.raytrace	1000	38	0.900000	1.105000	1.072000	1001310876	217587	56336	284088507	1667623	669782838	364
1496369150447589474	splash2x.raytrace	1000	38	0.900000	1.103000	1.071000	1001302532	219106	57899	285527531	1670105	671913270	350
1496369150956846442	splash2x.raytrace	1000	38	0.900000	1.106000	1.073000	1001308773	184472	53855	282120774	1643489	679013932	339
1496369151466124119	splash2x.raytrace	1000	39	0.900000	1.103000	1.072000	1001432331	196128	54017	285134098	1648437	681629620	291
1496369151975221712	splash2x.raytrace	1000	39	0.900000	1.107000	1.074000	1001306811	198650	56442	287569969	1679069	689123167	381
1496369152484431056	splash2x.raytrace	1000	39	0.900000	1.108000	1.075000	1001307432	198762	57803	284618908	1663609	682915999	379
1496369152993679399	splash2x.raytrace	1000	39	0.900000	1.106000	1.073000	1001305498	192019	56550	283895255	1663668	681525619	330
1496369153502868243	splash2x.raytrace	1000	39	0.900000	1.106000	1.075000	1001556261	207711	56890	284162157	1626018	671076488	324
1496369154012283002	splash2x.raytrace	1000	39	0.900000	1.108000	1.075000	1001412018	200277	54993	283610553	1619213	675257556	323
1496369154521614346	splash2x.raytrace	1000	39	0.900000	1.104000	1.073000	1001401064	206036	56209	281130018	1619038	673972548	344
1496369155031097772	splash2x.raytrace	1000	39	0.900000	1.103000	1.071000	1001688152	198360	55317	286051493	1638449	682926243	327
1496369155540251741	splash2x.raytrace	1000	39	0.900000	1.113000	1.081000	1001389064	210080	56412	285620162	1643941	679434857	342
1496369156049692709	splash2x.raytrace	1000	39	0.900000	1.112000	1.080000	1001407074	203152	55082	285459429	1636835	680325648	323
1496369156558973802	splash2x.raytrace	1000	39	0.900000	1.110000	1.078000	1001417198	209390	57663	286683700	1643290	677686356	370
1496369157068204145	splash2x.raytrace	1000	39	0.900000	1.108000	1.076000	1001416102	201660	58095	286296357	1647499	682115308	376
1496369157577448780	splash2x.raytrace	1000	39	0.900000	1.108000	1.076000	1001393158	187052	54138	286683950	1622151	682574595	276
1496369158086847707	splash2x.raytrace	1000	39	0.900000	1.108000	1.076000	1001396422	186174	52311	284446977	1605879	674790568	264
1496369158596194383	splash2x.raytrace	1000	39	0.900000	1.109000	1.076000	1001541517	185899	55704	282531120	1594757	669727803	296
1496369159105383519	splash2x.raytrace	1000	39	0.900000	1.107000	1.076000	1001411978	177421	54049	285550146	1594825	672397464	288
1496369159614609862	splash2x.raytrace	1000	39	0.900000	1.108000	1.076000	1001402869	179697	54396	286802772	1606864	675624023	282
1496369160123902705	splash2x.raytrace	1000	39	0.900000	1.111000	1.079000	1001408201	197638	54538	288030501	1616724	676519921	295
1496369160633125507	splash2x.raytrace	1000	39	0.900000	1.113000	1.081000	1001420786	200277	56133	288391881	1613057	677038273	326
1496369161142345725	splash2x.raytrace	1000	39	0.900000	1.114000	1.081000	1001417495	195438	55261	288871023	1605502	675955867	305
1496369161651585652	splash2x.raytrace	1000	39	0.900000	1.114000	1.082000	1001400367	198488	56783	288815129	1619249	675291200	315
1496369162160695371	splash2x.raytrace	1000	39	0.900000	1.110000	1.077000	1001509926	199859	56248	287372648	1616275	675711286	320
1496369162669977256	splash2x.raytrace	1000	39	0.900000	1.110000	1.078000	1001407597	196835	57234	285976436	1595702	676019149	328
1496369163179756015	splash2x.raytrace	1000	39	0.900000	1.106000	1.073000	1001570842	177432	53513	286814024	1591386	685045779	295
1496369163689021567	splash2x.raytrace	1000	39	0.900000	1.112000	1.080000	1001584598	175958	53955	286057738	1584089	682535597	280
1496369164198211077	splash2x.raytrace	1000	39	0.900000	1.109000	1.077000	1001558850	182036	54263	287139328	1609891	677365219	303
1496369164707514295	splash2x.raytrace	1000	39	0.900000	1.112000	1.080000	1001549850	184907	54779	287707565	1605984	678939996	292
1496369165216731347	splash2x.raytrace	1000	39	0.900000	1.111000	1.079000	1001563809	193207	56664	286478074	1606601	674008273	311
1496369165726035607	splash2x.raytrace	1000	39	0.900000	1.111000	1.079000	1001556425	198173	54552	290999635	1621449	678209408	267
1496369166235214950	splash2x.raytrace	1000	39	0.900000	1.116000	1.084000	1001537932	196154	52992	290854545	1619461	674859703	266
1496369166744457210	splash2x.raytrace	1000	39	0.900000	1.118000	1.086000	1001519404	197734	54581	288848845	1613439	672050426	290
1496369167253696720	splash2x.raytrace	1000	39	0.900000	1.109000	1.077000	1001521827	194436	56236	288353511	1609015	671734499	340
1496369167763010438	splash2x.raytrace	1000	39	0.900000	1.112000	1.079000	1001519283	199614	57043	289054163	1616163	673355257	332
1496369168272328573	splash2x.raytrace	1000	39	0.900000	1.111000	1.078000	1001517425	184750	53818	285269944	1586730	678588953	315
1496369168781589708	splash2x.raytrace	1000	39	0.900000	1.104000	1.071000	1001701353	175420	53598	283759208	1601016	685226322	305
1496369169290693177	splash2x.raytrace	1000	39	0.900000	1.110000	1.077000	1001507957	196039	54740	288822167	1643079	680896567	293
1496369169799909520	splash2x.raytrace	1000	39	0.900000	1.113000	1.081000	1001604612	193182	54769	289209091	1640933	680103605	291
1496369170309254863	splash2x.raytrace	1000	39	0.900000	1.113000	1.081000	1001838014	188812	56162	289858984	1634483	678718180	313
1496369170818457874	splash2x.raytrace	1000	39	0.900000	1.115000	1.082000	1001501715	195840	53462	290556687	1637273	678339499	273
1496369171327636842	splash2x.raytrace	1000	39	0.900000	1.115000	1.083000	1001881000	200012	55833	290148903	1639452	676493050	307
1496369171836911435	splash2x.raytrace	1000	39	0.900000	1.116000	1.083000	1001549133	198876	55424	290031725	1643073	677078621	304
1496369172346181904	splash2x.raytrace	1000	39	0.900000	1.113000	1.080000	1001698548	199088	57833	289238318	1623632	674591813	326
1496369172855392205	splash2x.raytrace	1000	39	0.900000	1.112000	1.079000	1001404100	184954	54195	287317220	1591022	680798136	350
1496369173364603049	splash2x.raytrace	1000	39	0.900000	1.111000	1.078000	1001417441	204007	60213	288283896	1665452	684590070	383
1496369173873834476	splash2x.raytrace	1000	39	0.900000	1.105000	1.072000	1001464127	208022	56346	287740103	1639244	679075981	319
1496369174382993569	splash2x.raytrace	1000	39	0.900000	1.109000	1.076000	1001423364	198102	56677	289235540	1636743	681544694	328
1496369174892258079	splash2x.raytrace	1000	39	0.900000	1.110000	1.077000	1001648778	197689	55312	288787254	1633504	680445034	318
1496369175401514547	splash2x.raytrace	1000	39	0.900000	1.110000	1.077000	1001407346	197914	55676	288688455	1631782	675415395	311
1496369175910628724	splash2x.raytrace	1000	39	0.900000	1.113000	1.080000	1001406053	199193	54291	290331565	1632324	677855909	294
1496369176419992151	splash2x.raytrace	1000	39	0.900000	1.114000	1.081000	1001413223	201097	56410	290155081	1617676	681272890	312
1496369176929305577	splash2x.raytrace	1000	39	0.900000	1.110000	1.077000	1001408955	187293	52484	288859926	1572509	687385635	321
1496369177438463921	splash2x.raytrace	1000	39	0.900000	1.104000	1.071000	1001411388	210459	58003	288369957	1622787	686117011	443
1496369177947923347	splash2x.raytrace	1000	39	0.900000	1.103000	1.071000	1001384631	210506	57874	289080750	1657334	682326109	429
1496369178457206191	splash2x.raytrace	1000	39	0.900000	1.104000	1.071000	1001498693	222915	59757	291433479	1690046	684240180	396
1496369178966434242	splash2x.raytrace	1000	39	0.900000	1.112000	1.079000	781602913	596891	185052	223112642	1317401	527643822	2323
1496369179476631043	splash2x.water_nsquared	1000	39	0.900000	1.100000	1.068000	482697115	5477527	1608622	115993477	1850983	230648736	25898
1496369179986952426	splash2x.water_nsquared	1000	39	0.900000	0.536000	0.518000	553703714	6468678	1901269	128252166	2156569	250580001	30764
1496369180497209102	splash2x.water_nsquared	1000	38	0.900000	0.538000	0.520000	553263674	6410610	1892231	129309653	2141010	254925058	30477
1496369181007471985	splash2x.water_nsquared	1000	38	0.900000	0.540000	0.522000	552178466	6317534	1873080	131618749	2129870	263509187	30113
1496369181517865619	splash2x.water_nsquared	1000	38	0.900000	0.542000	0.524000	581289348	6344279	1892116	136614928	2183005	276017155	30155
1496369182027354962	splash2x.water_nsquared	1000	38	0.900000	0.578000	0.559000	754023034	1542690	149811	407705193	459579	1196515940	2059
1496369182536661805	splash2x.water_nsquared	1000	38	0.900000	1.297000	1.260000	1001536107	132896	41890	672627784	567748	1808806104	232
1496369183045943190	splash2x.water_nsquared	1000	39	0.900000	1.296000	1.259000	1001413588	127369	39572	667450967	559912	1805100370	227
1496369183555148033	splash2x.water_nsquared	1000	39	0.900000	1.292000	1.255000	1001408312	133153	40591	664873798	556894	1808032466	229
1496369184064308377	splash2x.water_nsquared	1000	39	0.900000	1.290000	1.253000	1001388723	127981	39617	663069881	553730	1811639852	227
1496369184573365387	splash2x.water_nsquared	1000	39	0.900000	1.288000	1.251000	1001387497	131153	40385	659749501	549890	1810834886	228
1496369185082547856	splash2x.water_nsquared	1000	40	0.900000	1.286000	1.249000	1001665222	129615	40342	657182828	546381	1812507321	227
1496369185591842991	splash2x.water_nsquared	1000	40	0.900000	1.289000	1.252000	1001392951	132662	41268	654509418	542880	1815458989	229
1496369186101083626	splash2x.water_nsquared	1000	40	0.900000	1.288000	1.251000	1001391104	130187	40023	650146013	536027	1812052711	227
1496369186610269427	splash2x.water_nsquared	1000	40	0.900000	1.283000	1.247000	1001386886	133739	42010	647773394	534028	1814762287	232
1496369187119582354	splash2x.water_nsquared	1000	40	0.900000	1.282000	1.246000	870660320	116849	36675	556098473	458068	1570891969	202
1496369187628710906	splash2x.water_nsquared	1000	40	0.900000	1.093000	1.061000	540893331	88032	29530	316269993	268072	929462705	162
1496369188137957624	splash2x.water_nsquared	1000	40	0.900000	0.773000	0.749000	1001392068	135935	42733	658879125	556152	1748591529	228
1496369188647160801	splash2x.water_nsquared	1000	40	0.900000	1.306000	1.269000	1001498790	140518	44240	654913001	552260	1749252721	232
1496369189156420769	splash2x.water_nsquared	1000	40	0.900000	1.303000	1.266000	1001395869	136640	42194	651567154	547070	1750704305	227
1496369189665582654	splash2x.water_nsquared	1000	40	0.900000	1.300000	1.263000	1001388324	140958	44334	648448954	543822	1752576149	229
1496369190174740956	splash2x.water_nsquared	1000	40	0.900000	1.300000	1.263000	1001384913	136210	43290	645586168	537997	1755634756	226
1496369190683866008	splash2x.water_nsquared	1000	40	0.900000	1.298000	1.261000	1001392259	142448	45686	642354335	534654	1756395863	232
1496369191193067560	splash2x.water_nsquared	1000	40	0.900000	1.295000	1.258000	1001381677	136194	43173	640108917	530591	1757313034	227
1496369191702375611	splash2x.water_nsquared	1000	40	0.900000	1.296000	1.261000	1001387045	138715	44537	637324866	528021	1754766722	229
1496369192211620288	splash2x.water_nsquared	1000	40	0.900000	1.296000	1.259000	1001680688	138334	44450	636869609	526027	1760766253	229
1496369192721086215	splash2x.water_nsquared	1000	40	0.900000	1.291000	1.256000	1001392778	138918	44971	634867245	523746	1766243840	227
1496369193230459266	splash2x.water_nsquared	1000	40	0.900000	1.296000	1.261000	753641868	103596	36118	468179025	383376	1331394795	178
1496369193739679526	splash2x.water_nsquared	1000	40	0.900000	0.957000	0.929000	709813977	115506	37537	423448974	367178	1182278765	199
1496369194248843036	splash2x.water_nsquared	1000	40	0.900000	1.038000	1.008000	1001403551	136563	43651	657562707	555076	1751069514	227
1496369194758072046	splash2x.water_nsquared	1000	40	0.900000	1.308000	1.271000	1001394220	141749	45341	653372544	549810	1749237423	231
1496369195267300598	splash2x.water_nsquared	1000	40	0.900000	1.303000	1.266000	1001413802	137919	43916	650770573	545648	1750591969	225
1496369195776764733	splash2x.water_nsquared	1000	40	0.900000	1.302000	1.266000	1001467184	141672	44875	648215714	543444	1751927239	231
1496369196286098826	splash2x.water_nsquared	1000	40	0.900000	1.300000	1.264000	1001385718	134194	42531	646041767	538663	1757057238	227
1496369196795343336	splash2x.water_nsquared	1000	40	0.900000	1.298000	1.262000	1001372766	140907	44556	642464800	534543	1756908479	229
1496369197304570888	splash2x.water_nsquared	1000	40	0.900000	1.294000	1.257000	1001383557	137657	45098	640800428	531603	1761634408	226
1496369197813740898	splash2x.water_nsquared	1000	40	0.900000	1.294000	1.257000	1001394969	141191	44924	636345888	525666	1757766110	229
1496369198323058533	splash2x.water_nsquared	1000	40	0.900000	1.295000	1.258000	1001374979	138209	45163	635215611	524133	1759392163	227
1496369198832329918	splash2x.water_nsquared	1000	40	0.900000	1.295000	1.258000	1001533700	143567	46295	633155758	523195	1757713146	232
1496369199341578636	splash2x.water_nsquared	1000	40	0.900000	0.743000	0.720000	870245972	133447	42651	538928543	469799	1453470999	234
1496369199851242479	splash2x.water_nsquared	1000	40	0.900000	0.733000	0.711000	1001516341	119473	42707	656455187	553397	1752599749	226
1496369200360497156	splash2x.water_nsquared	1000	40	0.900000	1.307000	1.270000	1001524502	140849	45277	651876566	547649	1751292822	229
1496369200869717249	splash2x.water_nsquared	1000	40	0.900000	1.305000	1.268000	1001549989	135351	42937	649516220	543645	1754688551	227
1496369201378859009	splash2x.water_nsquared	1000	40	0.900000	1.300000	1.263000	1001662574	139887	45018	646583311	540563	1754854515	229
1496369201888038061	splash2x.water_nsquared	1000	40	0.900000	1.299000	1.262000	1001700898	138566	43392	644073756	536624	1754718464	229
1496369202397254738	splash2x.water_nsquared	1000	40	0.900000	1.298000	1.261000	1001420870	143116	45965	640901917	533638	1752682972	232
1496369202906526498	splash2x.water_nsquared	1000	40	0.900000	1.297000	1.260000	1001408193	136652	43780	640706093	530510	1763053061	222
1496369203415720758	splash2x.water_nsquared	1000	40	0.900000	1.296000	1.259000	1001395429	139573	43844	637387981	526617	1762929258	225
1496369203924990601	splash2x.water_nsquared	1000	40	0.900000	1.293000	1.256000	1001395826	136884	42945	633939926	520945	1762232772	222
1496369204434136278	splash2x.water_nsquared	1000	40	0.900000	1.290000	1.253000	923371632	133012	41799	578820373	477866	1617148750	213
1496369204943407538	splash2x.water_nsquared	1000	40	0.900000	1.291000	1.254000	530092436	84627	29332	313114068	263854	915242026	149
1496369205452560798	splash2x.water_nsquared	1000	40	0.900000	0.740000	0.717000	1001570697	128697	43419	621279585	547829	1707713004	231
1496369205961889558	splash2x.water_nsquared	1000	40	0.900000	1.296000	1.259000	1001380268	124989	42150	617099783	541185	1706513098	227
1496369206471182651	splash2x.water_nsquared	1000	40	0.900000	1.296000	1.259000	1001393099	128538	43607	614980905	538355	1710615338	232
1496369206980329995	splash2x.water_nsquared	1000	40	0.900000	1.295000	1.258000	1001394936	124247	42190	612760681	533500	1714827066	227
1496369207489445880	splash2x.water_nsquared	1000	40	0.900000	1.288000	1.251000	1001386615	127530	43586	610651488	530113	1718599334	227
1496369207998609890	splash2x.water_nsquared	1000	40	0.900000	1.285000	1.249000	1001400978	125184	41646	608622877	525564	1723285350	227
1496369208507832567	splash2x.water_nsquared	1000	40	0.900000	1.285000	1.249000	1001398115	128958	43245	607045266	523158	1726118000	228
1496369209017060952	splash2x.water_nsquared	1000	40	0.900000	1.283000	1.247000	1001723883	126987	43110	606542244	521414	1731081032	228
1496369209526395712	splash2x.water_nsquared	1000	40	0.900000	1.283000	1.247000	1001393015	127753	43347	604747267	519079	1731235939	228
1496369210035574972	splash2x.water_nsquared	1000	40	0.900000	1.282000	1.246000	1001401666	127161	42958	604415281	516943	1741453065	227
1496369210544806524	splash2x.water_nsquared	1000	40	0.900000	1.284000	1.248000	727855515	106890	35643	435872083	369687	1287719853	179
1496369211053981534	splash2x.water_nsquared	1000	40	0.900000	0.741000	0.718000	256022904	419656	132991	132281269	254850	393954441	1747
