#Timestamp	CPU(0) Frequency(MHz)	CPU(0) Temperature(C)	A7 Voltage(V)	A7 Current(A)	A7 Power(W)	CPU(4) Frequency(MHz)	CPU(4) Temperature(C)	A15 Voltage(V)	A15 Current(A)	A15 Power(W)	GPU Frequency(MHz)	GPU Temperature(C)	GPU Voltage(V)	GPU Current(A)	GPU Power(W)	RAM Voltage(V)	RAM Current(A)	RAM Power(W)
1496368961456285046	1400 41 1.200000 0.232000 0.291000 1000 38 0.900000 0.331000 0.323000 600 40 0.900000 0.072000 0.071000 1.200000 0.049000 0.059000
1496368961966713846	1400 41 1.200000 0.106000 0.134000 1000 38 0.900000 0.538000 0.520000 600 40 0.900000 0.071000 0.070000 1.200000 0.015000 0.018000
1496368962476928188	1400 41 1.200000 0.099000 0.126000 1000 38 0.900000 0.540000 0.522000 600 40 0.900000 0.071000 0.070000 1.200000 0.014000 0.016000
1496368962986954988	1400 41 1.200000 0.098000 0.124000 1000 38 0.900000 0.541000 0.523000 600 40 0.900000 0.071000 0.070000 1.200000 0.014000 0.017000
1496368963497287789	1400 41 1.200000 0.100000 0.127000 1000 38 0.900000 0.542000 0.524000 600 40 0.900000 0.071000 0.070000 1.200000 0.014000 0.017000
1496368964007540172	1400 40 1.200000 0.099000 0.126000 1000 38 0.900000 0.573000 0.554000 600 40 0.900000 0.071000 0.070000 1.200000 0.059000 0.071000
1496368964517465140	1400 40 1.200000 0.098000 0.124000 1000 38 0.900000 0.535000 0.517000 600 40 0.900000 0.071000 0.070000 1.200000 0.055000 0.066000
1496368965027446857	1400 40 1.200000 0.102000 0.129000 1000 38 0.900000 0.534000 0.516000 600 40 0.900000 0.071000 0.070000 1.200000 0.061000 0.074000
1496368965536932117	1400 43 1.200000 0.103000 0.131000 1000 38 0.900000 0.535000 0.518000 600 41 0.900000 0.071000 0.070000 1.200000 0.060000 0.073000
1496368966046468835	1400 43 1.200000 0.104000 0.132000 1000 39 0.900000 0.980000 0.951000 600 41 0.900000 0.072000 0.071000 1.200000 0.051000 0.062000
1496368966555758553	1400 44 1.200000 0.104000 0.132000 1000 39 0.900000 1.031000 1.001000 600 41 0.900000 0.072000 0.071000 1.200000 0.044000 0.053000
1496368967064975938	1400 44 1.200000 0.099000 0.126000 1000 39 0.900000 1.032000 1.002000 600 41 0.900000 0.072000 0.071000 1.200000 0.040000 0.048000
1496368967574313406	1400 44 1.200000 0.099000 0.126000 1000 39 0.900000 1.002000 0.972000 600 41 0.900000 0.072000 0.071000 1.200000 0.039000 0.047000
1496368968083509000	1400 44 1.200000 0.097000 0.123000 1000 39 0.900000 1.001000 0.971000 600 41 0.900000 0.072000 0.071000 1.200000 0.042000 0.051000
1496368968592852093	1400 44 1.200000 0.102000 0.129000 1000 39 0.900000 0.983000 0.954000 600 41 0.900000 0.072000 0.071000 1.200000 0.043000 0.052000
1496368969102183269	1400 44 1.200000 0.105000 0.133000 1000 39 0.900000 0.962000 0.934000 600 42 0.900000 0.072000 0.071000 1.200000 0.036000 0.043000
1496368969611677821	1400 43 1.200000 0.106000 0.134000 1000 39 0.900000 0.968000 0.939000 600 42 0.900000 0.072000 0.071000 1.200000 0.035000 0.042000
1496368970121346497	1400 43 1.200000 0.102000 0.129000 1000 39 0.900000 0.948000 0.920000 600 41 0.900000 0.072000 0.071000 1.200000 0.025000 0.030000
1496368970631021131	1400 43 1.200000 0.100000 0.127000 1000 39 0.900000 0.953000 0.925000 600 42 0.900000 0.072000 0.071000 1.200000 0.025000 0.030000
1496368971140415183	1400 43 1.200000 0.099000 0.126000 1000 39 0.900000 0.950000 0.922000 600 42 0.900000 0.072000 0.071000 1.200000 0.026000 0.031000
1496368971649664401	1400 44 1.200000 0.098000 0.124000 1000 39 0.900000 0.962000 0.934000 600 41 0.900000 0.072000 0.071000 1.200000 0.034000 0.041000
1496368972159034994	1400 44 1.200000 0.104000 0.132000 1000 39 0.900000 1.000000 0.971000 600 42 0.900000 0.072000 0.071000 1.200000 0.035000 0.042000
1496368972668167963	1400 44 1.200000 0.106000 0.134000 1000 39 0.900000 1.007000 0.977000 600 41 0.900000 0.072000 0.071000 1.200000 0.024000 0.029000
1496368973177303140	1400 44 1.200000 0.102000 0.129000 1000 39 0.900000 1.019000 0.989000 600 42 0.900000 0.072000 0.071000 1.200000 0.020000 0.024000
1496368973686458733	1400 44 1.200000 0.100000 0.127000 1000 39 0.900000 1.010000 0.980000 600 42 0.900000 0.072000 0.071000 1.200000 0.021000 0.025000
1496368974195475785	1400 44 1.200000 0.098000 0.124000 1000 39 0.900000 1.022000 0.992000 600 42 0.900000 0.072000 0.071000 1.200000 0.024000 0.029000
1496368974704822253	1400 44 1.200000 0.101000 0.128000 1000 39 0.900000 1.004000 0.974000 600 42 0.900000 0.072000 0.071000 1.200000 0.023000 0.027000
1496368975213867180	1400 44 1.200000 0.102000 0.129000 1000 39 0.900000 1.015000 0.985000 600 42 0.900000 0.072000 0.071000 1.200000 0.027000 0.032000
1496368975722935649	1400 44 1.200000 0.096000 0.122000 1000 39 0.900000 0.986000 0.957000 600 42 0.900000 0.072000 0.071000 1.200000 0.019000 0.023000
1496368976232055826	1400 44 1.200000 0.098000 0.124000 1000 39 0.900000 0.984000 0.955000 600 42 0.900000 0.072000 0.071000 1.200000 0.020000 0.024000
1496368976741200211	1400 44 1.200000 0.098000 0.124000 1000 39 0.900000 0.987000 0.958000 600 41 0.900000 0.072000 0.071000 1.200000 0.020000 0.024000
1496368977250120263	1400 44 1.200000 0.098000 0.124000 1000 39 0.900000 0.986000 0.957000 600 42 0.900000 0.072000 0.071000 1.200000 0.019000 0.023000
1496368977759173732	1400 44 1.200000 0.097000 0.123000 1000 39 0.900000 0.972000 0.943000 600 42 0.900000 0.072000 0.071000 1.200000 0.019000 0.023000
1496368978268172534	1400 44 1.200000 0.096000 0.122000 1000 39 0.900000 0.987000 0.958000 600 42 0.900000 0.072000 0.071000 1.200000 0.021000 0.025000
1496368978777443294	1400 44 1.200000 0.099000 0.126000 1000 39 0.900000 0.983000 0.954000 600 42 0.900000 0.072000 0.071000 1.200000 0.022000 0.026000
1496368979286714471	1400 43 1.200000 0.102000 0.129000 1000 39 0.900000 0.975000 0.946000 600 41 0.900000 0.072000 0.071000 1.200000 0.021000 0.025000
1496368979795957022	1400 44 1.200000 0.098000 0.124000 1000 39 0.900000 0.974000 0.945000 600 42 0.900000 0.072000 0.071000 1.200000 0.021000 0.025000
1496368980305096699	1400 44 1.200000 0.102000 0.129000 1000 39 0.900000 0.982000 0.953000 600 41 0.900000 0.072000 0.071000 1.200000 0.021000 0.025000
1496368980814284959	1400 44 1.200000 0.100000 0.127000 1000 39 0.900000 0.971000 0.942000 600 41 0.900000 0.072000 0.071000 1.200000 0.023000 0.027000
1496368981323460553	1400 43 1.200000 0.098000 0.124000 1000 39 0.900000 0.965000 0.937000 600 41 0.900000 0.072000 0.071000 1.200000 0.017000 0.020000
1496368981832972521	1400 44 1.200000 0.099000 0.126000 1000 39 0.900000 0.966000 0.937000 600 42 0.900000 0.072000 0.071000 1.200000 0.015000 0.018000
1496368982342842571	1400 44 1.200000 0.134000 0.170000 1000 39 0.900000 0.952000 0.924000 600 42 0.900000 0.072000 0.071000 1.200000 0.032000 0.038000
1496368982852385748	1400 43 1.200000 0.111000 0.141000 1000 39 0.900000 0.954000 0.926000 600 42 0.900000 0.072000 0.071000 1.200000 0.027000 0.032000
1496368983361821299	1400 43 1.200000 0.109000 0.138000 1000 39 0.900000 0.949000 0.921000 600 41 0.900000 0.072000 0.071000 1.200000 0.025000 0.030000
1496368983871043934	1400 44 1.200000 0.101000 0.128000 1000 39 0.900000 0.966000 0.937000 600 41 0.900000 0.072000 0.071000 1.200000 0.018000 0.021000
1496368984380307153	1400 44 1.200000 0.099000 0.126000 1000 39 0.900000 0.960000 0.932000 600 41 0.900000 0.072000 0.071000 1.200000 0.021000 0.025000
1496368984889750621	1400 40 1.200000 0.099000 0.126000 1000 38 0.900000 0.689000 0.668000 600 41 0.900000 0.072000 0.071000 1.200000 0.019000 0.023000
1496368985399160797	1400 40 1.200000 0.096000 0.122000 1000 38 0.900000 0.504000 0.487000 600 41 0.900000 0.072000 0.071000 1.200000 0.015000 0.018000
1496368985908649265	1400 40 1.200000 0.096000 0.122000 1000 38 0.900000 0.504000 0.487000 600 40 0.900000 0.071000 0.070000 1.200000 0.015000 0.018000
1496368986418152358	1400 39 1.200000 0.097000 0.123000 1000 38 0.900000 0.504000 0.487000 600 40 0.900000 0.071000 0.070000 1.200000 0.014000 0.017000
1496368986927964909	1400 40 1.200000 0.099000 0.126000 1000 38 0.900000 0.504000 0.487000 600 40 0.900000 0.071000 0.070000 1.200000 0.029000 0.035000
1496368987438383626	1400 40 1.200000 0.184000 0.232000 1000 38 0.900000 0.311000 0.303000 600 40 0.900000 0.071000 0.070000 1.200000 0.045000 0.054000
1496368987948783801	1400 40 1.200000 0.104000 0.132000 1000 38 0.900000 0.538000 0.520000 600 40 0.900000 0.071000 0.070000 1.200000 0.016000 0.019000
1496368988459037560	1400 40 1.200000 0.105000 0.133000 1000 37 0.900000 0.539000 0.521000 600 40 0.900000 0.071000 0.070000 1.200000 0.015000 0.018000
1496368988969155027	1400 40 1.200000 0.099000 0.126000 1000 37 0.900000 0.541000 0.523000 600 40 0.900000 0.071000 0.070000 1.200000 0.015000 0.018000
1496368989478605953	1400 39 1.200000 0.100000 0.127000 1000 37 0.900000 0.543000 0.526000 600 39 0.900000 0.070000 0.069000 1.200000 0.018000 0.021000
1496368989987991046	1400 39 1.200000 0.096000 0.122000 1000 37 0.900000 0.604000 0.585000 600 40 0.900000 0.070000 0.069000 1.200000 0.032000 0.038000
1496368990497250640	1400 39 1.200000 0.095000 0.121000 1000 37 0.900000 0.603000 0.583000 600 40 0.900000 0.071000 0.070000 1.200000 0.036000 0.043000
1496368991007052441	1400 39 1.200000 0.103000 0.131000 1000 37 0.900000 0.507000 0.490000 600 40 0.900000 0.070000 0.069000 1.200000 0.056000 0.068000
1496368991516339326	1400 39 1.200000 0.104000 0.132000 1000 37 0.900000 0.518000 0.501000 600 40 0.900000 0.070000 0.069000 1.200000 0.042000 0.051000
1496368992025631211	1400 39 1.200000 0.102000 0.129000 1000 37 0.900000 0.497000 0.481000 600 40 0.900000 0.070000 0.069000 1.200000 0.053000 0.064000
1496368992535032512	1400 39 1.200000 0.099000 0.126000 1000 37 0.900000 0.526000 0.509000 600 40 0.900000 0.070000 0.069000 1.200000 0.047000 0.057000
1496368993044257730	1400 39 1.200000 0.095000 0.120000 1000 37 0.900000 0.517000 0.500000 600 40 0.900000 0.070000 0.069000 1.200000 0.039000 0.047000
1496368993553612949	1400 39 1.200000 0.095000 0.121000 1000 37 0.900000 0.518000 0.501000 600 39 0.900000 0.070000 0.069000 1.200000 0.045000 0.054000
1496368994063049583	1400 39 1.200000 0.099000 0.126000 1000 37 0.900000 0.503000 0.486000 600 40 0.900000 0.070000 0.069000 1.200000 0.048000 0.058000
1496368994572348635	1400 39 1.200000 0.102000 0.129000 1000 37 0.900000 0.532000 0.514000 600 39 0.900000 0.070000 0.069000 1.200000 0.042000 0.051000
1496368995081633145	1400 39 1.200000 0.103000 0.131000 1000 37 0.900000 0.496000 0.480000 600 39 0.900000 0.070000 0.069000 1.200000 0.033000 0.040000
1496368995590812988	1400 39 1.200000 0.099000 0.126000 1000 37 0.900000 0.502000 0.485000 600 39 0.900000 0.070000 0.069000 1.200000 0.035000 0.042000
1496368996100173582	1400 38 1.200000 0.096000 0.122000 1000 37 0.900000 0.487000 0.471000 600 39 0.900000 0.070000 0.069000 1.200000 0.034000 0.041000
1496368996609384133	1400 39 1.200000 0.096000 0.122000 1000 37 0.900000 0.484000 0.468000 600 39 0.900000 0.070000 0.069000 1.200000 0.036000 0.043000
1496368997118669393	1400 39 1.200000 0.099000 0.126000 1000 37 0.900000 0.526000 0.509000 600 39 0.900000 0.070000 0.069000 1.200000 0.033000 0.040000
1496368997628011737	1400 39 1.200000 0.102000 0.130000 1000 37 0.900000 0.543000 0.526000 600 40 0.900000 0.070000 0.069000 1.200000 0.029000 0.035000
1496368998137740204	1400 39 1.200000 0.094000 0.119000 1000 37 0.900000 0.826000 0.801000 600 40 0.900000 0.070000 0.069000 1.200000 0.004000 0.004000
1496368998647119839	1400 39 1.200000 0.094000 0.119000 1000 37 0.900000 0.544000 0.526000 600 40 0.900000 0.070000 0.069000 1.200000 0.033000 0.040000
1496368999157067848	1400 39 1.200000 0.096000 0.122000 1000 37 0.900000 0.542000 0.525000 600 39 0.900000 0.070000 0.069000 1.200000 0.038000 0.046000
1496368999666554025	1400 42 1.200000 0.098000 0.124000 1000 37 0.900000 0.712000 0.690000 600 40 0.900000 0.070000 0.069000 1.200000 0.050000 0.060000
1496369000175775410	1400 42 1.200000 0.096000 0.122000 1000 38 0.900000 1.006000 0.976000 600 40 0.900000 0.070000 0.069000 1.200000 0.050000 0.060000
1496369000685229253	1400 43 1.200000 0.095000 0.120000 1000 38 0.900000 1.009000 0.979000 600 40 0.900000 0.071000 0.070000 1.200000 0.049000 0.059000
1496369001194554763	1400 42 1.200000 0.097000 0.123000 1000 38 0.900000 0.766000 0.743000 600 40 0.900000 0.071000 0.070000 1.200000 0.044000 0.053000
1496369001703817523	1400 43 1.200000 0.099000 0.126000 1000 38 0.900000 0.983000 0.954000 600 41 0.900000 0.071000 0.070000 1.200000 0.049000 0.059000
1496369002213271241	1400 43 1.200000 0.099000 0.126000 1000 38 0.900000 0.987000 0.958000 600 41 0.900000 0.071000 0.070000 1.200000 0.047000 0.057000
1496369002722586042	1400 43 1.200000 0.099000 0.126000 1000 38 0.900000 0.987000 0.958000 600 41 0.900000 0.071000 0.070000 1.200000 0.047000 0.057000
1496369003232181094	1400 42 1.200000 0.101000 0.128000 1000 39 0.900000 0.854000 0.829000 600 41 0.900000 0.071000 0.070000 1.200000 0.054000 0.065000
1496369003741868311	1400 43 1.200000 0.108000 0.137000 1000 39 0.900000 0.888000 0.862000 600 41 0.900000 0.071000 0.070000 1.200000 0.137000 0.167000
1496369004251605779	1400 43 1.200000 0.109000 0.138000 1000 39 0.900000 0.877000 0.851000 600 41 0.900000 0.072000 0.071000 1.200000 0.136000 0.166000
1496369004761219997	1400 43 1.200000 0.108000 0.137000 1000 39 0.900000 0.906000 0.879000 600 41 0.900000 0.072000 0.071000 1.200000 0.143000 0.174000
1496369005270613548	1400 43 1.200000 0.106000 0.134000 1000 39 0.900000 0.927000 0.900000 600 41 0.900000 0.072000 0.071000 1.200000 0.141000 0.172000
1496369005780003433	1400 43 1.200000 0.103000 0.131000 1000 39 0.900000 0.931000 0.904000 600 41 0.900000 0.072000 0.071000 1.200000 0.137000 0.167000
1496369006289369068	1400 43 1.200000 0.106000 0.134000 1000 39 0.900000 0.915000 0.888000 600 41 0.900000 0.072000 0.071000 1.200000 0.140000 0.171000
1496369006798807036	1400 43 1.200000 0.104000 0.132000 1000 39 0.900000 0.941000 0.912000 600 42 0.900000 0.072000 0.071000 1.200000 0.140000 0.171000
1496369007308215754	1400 43 1.200000 0.104000 0.132000 1000 39 0.900000 0.925000 0.898000 600 42 0.900000 0.072000 0.071000 1.200000 0.135000 0.164000
1496369007817768556	1400 43 1.200000 0.103000 0.131000 1000 39 0.900000 0.877000 0.851000 600 42 0.900000 0.072000 0.071000 1.200000 0.142000 0.173000
1496369008327273190	1400 43 1.200000 0.103000 0.131000 1000 39 0.900000 0.874000 0.848000 600 42 0.900000 0.072000 0.071000 1.200000 0.141000 0.172000
1496369008836939783	1400 43 1.200000 0.104000 0.132000 1000 39 0.900000 0.877000 0.851000 600 42 0.900000 0.072000 0.071000 1.200000 0.139000 0.169000
1496369009346479334	1400 44 1.200000 0.108000 0.137000 1000 39 0.900000 0.919000 0.892000 600 42 0.900000 0.072000 0.071000 1.200000 0.140000 0.171000
1496369009856170760	1400 44 1.200000 0.109000 0.138000 1000 40 0.900000 0.868000 0.842000 600 42 0.900000 0.072000 0.071000 1.200000 0.141000 0.172000
1496369010365383104	1400 44 1.200000 0.107000 0.136000 1000 39 0.900000 0.958000 0.930000 600 42 0.900000 0.072000 0.071000 1.200000 0.047000 0.057000
1496369010874549031	1400 44 1.200000 0.102000 0.129000 1000 39 0.900000 0.988000 0.959000 600 42 0.900000 0.072000 0.071000 1.200000 0.048000 0.058000
1496369011383762582	1400 44 1.200000 0.098000 0.124000 1000 39 0.900000 0.993000 0.964000 600 42 0.900000 0.072000 0.071000 1.200000 0.048000 0.058000
1496369011893105176	1400 43 1.200000 0.098000 0.124000 1000 39 0.900000 0.829000 0.804000 600 41 0.900000 0.072000 0.071000 1.200000 0.048000 0.058000
1496369012402669560	1400 41 1.200000 0.103000 0.131000 1000 38 0.900000 0.624000 0.605000 600 41 0.900000 0.072000 0.071000 1.200000 0.060000 0.072000
1496369012912374361	1400 40 1.200000 0.105000 0.133000 1000 38 0.900000 0.476000 0.460000 600 41 0.900000 0.072000 0.071000 1.200000 0.042000 0.051000
1496369013422560745	1400 41 1.200000 0.130000 0.165000 1000 38 0.900000 0.469000 0.455000 600 40 0.900000 0.072000 0.071000 1.200000 0.067000 0.081000
1496369013932817670	1400 41 1.200000 0.104000 0.132000 1000 38 0.900000 0.538000 0.520000 600 40 0.900000 0.071000 0.070000 1.200000 0.017000 0.020000
1496369014443073554	1400 40 1.200000 0.102000 0.129000 1000 38 0.900000 0.540000 0.522000 600 40 0.900000 0.071000 0.070000 1.200000 0.016000 0.019000
1496369014953456979	1400 40 1.200000 0.104000 0.132000 1000 38 0.900000 0.541000 0.523000 600 40 0.900000 0.071000 0.070000 1.200000 0.014000 0.017000
1496369015463140780	1400 40 1.200000 0.104000 0.132000 1000 38 0.900000 0.540000 0.522000 600 40 0.900000 0.071000 0.070000 1.200000 0.014000 0.017000
1496369015972302540	1400 40 1.200000 0.097000 0.123000 1000 38 0.900000 0.493000 0.477000 600 39 0.900000 0.071000 0.070000 1.200000 0.015000 0.018000
1496369016481786175	1400 40 1.200000 0.099000 0.126000 1000 37 0.900000 0.435000 0.421000 600 39 0.900000 0.070000 0.069000 1.200000 0.012000 0.014000
1496369016991239560	1400 40 1.200000 0.096000 0.122000 1000 37 0.900000 0.435000 0.421000 600 39 0.900000 0.070000 0.069000 1.200000 0.014000 0.017000
1496369017500424195	1400 40 1.200000 0.097000 0.123000 1000 37 0.900000 0.436000 0.422000 600 39 0.900000 0.070000 0.069000 1.200000 0.015000 0.018000
1496369018009630163	1400 40 1.200000 0.101000 0.128000 1000 37 0.900000 0.435000 0.421000 600 39 0.900000 0.070000 0.069000 1.200000 0.013000 0.015000
1496369018518906215	1400 40 1.200000 0.100000 0.127000 1000 37 0.900000 0.436000 0.422000 600 39 0.900000 0.070000 0.069000 1.200000 0.013000 0.015000
1496369019028139517	1400 39 1.200000 0.101000 0.128000 1000 37 0.900000 0.435000 0.421000 600 39 0.900000 0.070000 0.069000 1.200000 0.012000 0.014000
1496369019537291193	1400 39 1.200000 0.100000 0.127000 1000 37 0.900000 0.436000 0.422000 600 39 0.900000 0.070000 0.069000 1.200000 0.012000 0.014000
1496369020046521620	1400 39 1.200000 0.095000 0.121000 1000 37 0.900000 0.435000 0.421000 600 38 0.900000 0.070000 0.069000 1.200000 0.012000 0.014000
1496369020555681880	1400 39 1.200000 0.094000 0.119000 1000 37 0.900000 0.435000 0.421000 600 38 0.900000 0.070000 0.069000 1.200000 0.012000 0.014000
1496369021064984849	1400 39 1.200000 0.093000 0.118000 1000 36 0.900000 0.435000 0.421000 600 39 0.900000 0.070000 0.069000 1.200000 0.012000 0.014000
1496369021574199525	1400 39 1.200000 0.094000 0.119000 1000 37 0.900000 0.435000 0.421000 600 38 0.900000 0.070000 0.069000 1.200000 0.014000 0.017000
1496369022083633160	1400 39 1.200000 0.096000 0.122000 1000 36 0.900000 0.435000 0.421000 600 38 0.900000 0.070000 0.069000 1.200000 0.014000 0.017000
1496369022592943170	1400 39 1.200000 0.094000 0.119000 1000 37 0.900000 0.435000 0.421000 600 38 0.900000 0.070000 0.069000 1.200000 0.013000 0.015000
1496369023102192930	1400 39 1.200000 0.093000 0.118000 1000 36 0.900000 0.435000 0.421000 600 38 0.900000 0.070000 0.069000 1.200000 0.012000 0.014000
1496369023611671106	1400 39 1.200000 0.096000 0.122000 1000 36 0.900000 0.435000 0.421000 600 38 0.900000 0.070000 0.069000 1.200000 0.013000 0.015000
1496369024121032075	1400 39 1.200000 0.096000 0.122000 1000 36 0.900000 0.435000 0.421000 600 38 0.900000 0.070000 0.069000 1.200000 0.013000 0.015000
1496369024630232293	1400 39 1.200000 0.099000 0.126000 1000 36 0.900000 0.435000 0.421000 600 38 0.900000 0.070000 0.069000 1.200000 0.014000 0.017000
1496369025139439345	1400 39 1.200000 0.101000 0.128000 1000 36 0.900000 0.435000 0.421000 600 38 0.900000 0.070000 0.069000 1.200000 0.015000 0.018000
1496369025648623563	1400 39 1.200000 0.101000 0.128000 1000 36 0.900000 0.435000 0.421000 600 38 0.900000 0.070000 0.069000 1.200000 0.014000 0.016000
1496369026157864573	1400 39 1.200000 0.098000 0.124000 1000 36 0.900000 0.434000 0.420000 600 38 0.900000 0.070000 0.069000 1.200000 0.013000 0.015000
1496369026667267166	1400 41 1.200000 0.096000 0.122000 1000 37 0.900000 0.752000 0.729000 600 39 0.900000 0.070000 0.069000 1.200000 0.034000 0.041000
1496369027177079634	1400 40 1.200000 0.097000 0.123000 1000 37 0.900000 1.005000 0.975000 600 39 0.900000 0.070000 0.069000 1.200000 0.038000 0.046000
1496369027686773060	1400 41 1.200000 0.100000 0.127000 1000 37 0.900000 0.758000 0.735000 600 40 0.900000 0.070000 0.069000 1.200000 0.048000 0.058000
1496369028196052278	1400 42 1.200000 0.103000 0.131000 1000 38 0.900000 0.838000 0.813000 600 40 0.900000 0.070000 0.069000 1.200000 0.049000 0.059000
1496369028705278205	1400 42 1.200000 0.101000 0.128000 1000 38 0.900000 1.022000 0.992000 600 40 0.900000 0.070000 0.069000 1.200000 0.003000 0.003000
1496369029214430465	1400 43 1.200000 0.096000 0.122000 1000 38 0.900000 1.023000 0.993000 600 40 0.900000 0.070000 0.069000 1.200000 0.005000 0.006000
1496369029723704559	1400 43 1.200000 0.096000 0.122000 1000 38 0.900000 1.018000 0.988000 600 40 0.900000 0.071000 0.070000 1.200000 0.005000 0.006000
1496369030232876277	1400 43 1.200000 0.095000 0.121000 1000 38 0.900000 1.029000 1.000000 600 40 0.900000 0.071000 0.070000 1.200000 0.007000 0.008000
1496369030742157787	1400 43 1.200000 0.095000 0.121000 1000 38 0.900000 1.032000 1.002000 600 40 0.900000 0.071000 0.070000 1.200000 0.003000 0.003000
1496369031251484714	1400 43 1.200000 0.102000 0.129000 1000 38 0.900000 1.028000 0.998000 600 40 0.900000 0.071000 0.070000 1.200000 0.004000 0.004000
1496369031760656015	1400 43 1.200000 0.102000 0.130000 1000 38 0.900000 1.028000 0.998000 600 40 0.900000 0.071000 0.070000 1.200000 0.005000 0.006000
1496369032269937359	1400 43 1.200000 0.101000 0.128000 1000 38 0.900000 1.025000 0.995000 600 41 0.900000 0.071000 0.070000 1.200000 0.004000 0.004000
1496369032779121702	1400 43 1.200000 0.101000 0.128000 1000 38 0.900000 1.033000 1.003000 600 41 0.900000 0.071000 0.070000 1.200000 0.007000 0.008000
1496369033288221296	1400 43 1.200000 0.096000 0.122000 1000 38 0.900000 1.034000 1.004000 600 41 0.900000 0.071000 0.070000 1.200000 0.005000 0.006000
1496369033797417348	1400 43 1.200000 0.096000 0.122000 1000 38 0.900000 1.030000 1.000000 600 41 0.900000 0.071000 0.070000 1.200000 0.004000 0.004000
1496369034306704774	1400 43 1.200000 0.096000 0.122000 1000 38 0.900000 1.039000 1.008000 600 41 0.900000 0.071000 0.070000 1.200000 0.003000 0.003000
1496369034815995284	1400 43 1.200000 0.097000 0.123000 1000 38 0.900000 1.037000 1.006000 600 41 0.900000 0.071000 0.070000 1.200000 0.004000 0.004000
1496369035325108544	1400 43 1.200000 0.096000 0.122000 1000 38 0.900000 1.028000 0.998000 600 41 0.900000 0.071000 0.070000 1.200000 0.005000 0.006000
1496369035834359971	1400 43 1.200000 0.101000 0.128000 1000 38 0.900000 1.022000 0.992000 600 41 0.900000 0.071000 0.070000 1.200000 0.006000 0.007000
1496369036343541731	1400 43 1.200000 0.098000 0.124000 1000 38 0.900000 1.040000 1.009000 600 41 0.900000 0.071000 0.070000 1.200000 0.006000 0.007000
1496369036852812283	1400 43 1.200000 0.098000 0.124000 1000 38 0.900000 1.031000 1.001000 600 41 0.900000 0.071000 0.070000 1.200000 0.003000 0.003000
1496369037362157001	1400 43 1.200000 0.101000 0.128000 1000 39 0.900000 1.034000 1.004000 600 41 0.900000 0.072000 0.071000 1.200000 0.003000 0.003000
1496369037871463178	1400 43 1.200000 0.097000 0.123000 1000 38 0.900000 1.027000 0.997000 600 41 0.900000 0.072000 0.071000 1.200000 0.003000 0.003000
1496369038380794104	1400 43 1.200000 0.105000 0.133000 1000 39 0.900000 1.029000 0.999000 600 41 0.900000 0.071000 0.070000 1.200000 0.005000 0.006000
1496369038890134739	1400 43 1.200000 0.102000 0.129000 1000 39 0.900000 1.022000 0.992000 600 41 0.900000 0.072000 0.071000 1.200000 0.006000 0.007000
1496369039399341833	1400 43 1.200000 0.099000 0.126000 1000 38 0.900000 1.012000 0.982000 600 41 0.900000 0.071000 0.070000 1.200000 0.021000 0.025000
1496369039908564926	1400 43 1.200000 0.098000 0.124000 1000 39 0.900000 0.924000 0.897000 600 41 0.900000 0.072000 0.071000 1.200000 0.053000 0.064000
1496369040417830019	1400 43 1.200000 0.101000 0.128000 1000 39 0.900000 0.889000 0.863000 600 41 0.900000 0.072000 0.071000 1.200000 0.058000 0.070000
1496369040927188696	1400 43 1.200000 0.102000 0.129000 1000 39 0.900000 0.935000 0.907000 600 41 0.900000 0.071000 0.070000 1.200000 0.048000 0.058000
1496369041436697580	1400 43 1.200000 0.104000 0.132000 1000 38 0.900000 0.923000 0.896000 600 41 0.900000 0.072000 0.071000 1.200000 0.048000 0.058000
1496369041947029256	1400 41 1.200000 0.183000 0.231000 1000 38 0.900000 0.392000 0.382000 600 40 0.900000 0.072000 0.071000 1.200000 0.035000 0.042000
1496369042457580514	1400 40 1.200000 0.103000 0.131000 1000 38 0.900000 0.539000 0.521000 600 40 0.900000 0.071000 0.070000 1.200000 0.015000 0.018000
1496369042967620065	1400 40 1.200000 0.100000 0.127000 1000 38 0.900000 0.538000 0.520000 600 40 0.900000 0.071000 0.070000 1.200000 0.014000 0.017000
1496369043478086031	1400 40 1.200000 0.099000 0.126000 1000 38 0.900000 0.540000 0.522000 600 40 0.900000 0.071000 0.070000 1.200000 0.017000 0.020000
1496369043988086957	1400 40 1.200000 0.098000 0.124000 1000 37 0.900000 0.541000 0.523000 600 40 0.900000 0.071000 0.070000 1.200000 0.016000 0.019000
1496369044497698716	1400 42 1.200000 0.104000 0.132000 1000 38 0.900000 0.736000 0.713000 600 40 0.900000 0.071000 0.070000 1.200000 0.061000 0.074000
1496369045007077310	1400 43 1.200000 0.106000 0.135000 1000 38 0.900000 1.077000 1.045000 600 41 0.900000 0.071000 0.070000 1.200000 0.177000 0.216000
1496369045516623028	1400 44 1.200000 0.106000 0.135000 1000 39 0.900000 1.076000 1.044000 600 41 0.900000 0.072000 0.071000 1.200000 0.176000 0.215000
1496369046026132704	1400 44 1.200000 0.111000 0.141000 1000 39 0.900000 1.079000 1.047000 600 42 0.900000 0.072000 0.071000 1.200000 0.178000 0.217000
1496369046535473005	1400 44 1.200000 0.112000 0.142000 1000 40 0.900000 1.078000 1.046000 600 42 0.900000 0.072000 0.071000 1.200000 0.177000 0.216000
1496369047044897265	1400 44 1.200000 0.115000 0.146000 1000 40 0.900000 1.079000 1.048000 600 42 0.900000 0.072000 0.071000 1.200000 0.178000 0.217000
1496369047554426733	1400 44 1.200000 0.112000 0.142000 1000 40 0.900000 1.079000 1.048000 600 42 0.900000 0.072000 0.071000 1.200000 0.178000 0.217000
1496369048063941076	1400 45 1.200000 0.111000 0.141000 1000 40 0.900000 1.079000 1.047000 600 42 0.900000 0.072000 0.071000 1.200000 0.177000 0.216000
1496369048573386003	1400 45 1.200000 0.109000 0.138000 1000 40 0.900000 1.081000 1.050000 600 42 0.900000 0.072000 0.071000 1.200000 0.176000 0.215000
1496369049082922304	1400 45 1.200000 0.110000 0.140000 1000 40 0.900000 1.080000 1.049000 600 42 0.900000 0.072000 0.071000 1.200000 0.176000 0.215000
1496369049592384855	1400 45 1.200000 0.114000 0.145000 1000 40 0.900000 1.080000 1.049000 600 43 0.900000 0.073000 0.072000 1.200000 0.176000 0.215000
1496369050101820823	1400 45 1.200000 0.116000 0.147000 1000 40 0.900000 1.077000 1.046000 600 43 0.900000 0.073000 0.072000 1.200000 0.176000 0.215000
1496369050611322666	1400 45 1.200000 0.114000 0.145000 1000 40 0.900000 1.075000 1.043000 600 43 0.900000 0.073000 0.072000 1.200000 0.176000 0.214000
1496369051120742343	1400 45 1.200000 0.109000 0.138000 1000 40 0.900000 1.077000 1.045000 600 43 0.900000 0.073000 0.072000 1.200000 0.176000 0.215000
1496369051630211311	1400 45 1.200000 0.107000 0.136000 1000 41 0.900000 1.078000 1.046000 600 43 0.900000 0.073000 0.072000 1.200000 0.176000 0.215000
1496369052139722696	1400 45 1.200000 0.109000 0.138000 1000 40 0.900000 1.071000 1.039000 600 43 0.900000 0.073000 0.072000 1.200000 0.176000 0.214000
1496369052649245789	1400 45 1.200000 0.108000 0.137000 1000 41 0.900000 1.072000 1.040000 600 43 0.900000 0.073000 0.072000 1.200000 0.175000 0.213000
1496369053158859048	1400 45 1.200000 0.116000 0.147000 1000 41 0.900000 1.072000 1.041000 600 43 0.900000 0.073000 0.072000 1.200000 0.177000 0.216000
1496369053668296475	1400 45 1.200000 0.115000 0.146000 1000 41 0.900000 1.073000 1.041000 600 43 0.900000 0.073000 0.072000 1.200000 0.177000 0.216000
1496369054177724068	1400 45 1.200000 0.110000 0.139000 1000 41 0.900000 1.073000 1.042000 600 43 0.900000 0.073000 0.072000 1.200000 0.176000 0.214000
1496369054687257952	1400 45 1.200000 0.109000 0.138000 1000 41 0.900000 1.074000 1.043000 600 43 0.900000 0.073000 0.072000 1.200000 0.176000 0.214000
1496369055196701337	1400 45 1.200000 0.112000 0.142000 1000 41 0.900000 1.072000 1.040000 600 43 0.900000 0.073000 0.072000 1.200000 0.176000 0.214000
1496369055706274305	1400 45 1.200000 0.109000 0.138000 1000 41 0.900000 1.072000 1.040000 600 43 0.900000 0.073000 0.072000 1.200000 0.176000 0.214000
1496369056215628356	1400 45 1.200000 0.108000 0.137000 1000 41 0.900000 1.072000 1.040000 600 43 0.900000 0.073000 0.072000 1.200000 0.176000 0.214000
1496369056725805115	1400 43 1.200000 0.174000 0.219000 1000 40 0.900000 0.820000 0.797000 600 42 0.900000 0.073000 0.072000 1.200000 0.140000 0.170000
1496369057236211249	1400 42 1.200000 0.102000 0.130000 1000 39 0.900000 0.538000 0.520000 600 41 0.900000 0.072000 0.071000 1.200000 0.018000 0.021000
1496369057746578382	1400 42 1.200000 0.101000 0.128000 1000 39 0.900000 0.540000 0.522000 600 41 0.900000 0.072000 0.071000 1.200000 0.017000 0.020000
1496369058256588058	1400 41 1.200000 0.109000 0.138000 1000 39 0.900000 0.543000 0.525000 600 41 0.900000 0.072000 0.071000 1.200000 0.016000 0.019000
1496369058766924483	1400 41 1.200000 0.107000 0.136000 1000 38 0.900000 0.544000 0.526000 600 41 0.900000 0.072000 0.071000 1.200000 0.015000 0.018000
1496369059277466950	1400 40 1.200000 0.105000 0.133000 1000 38 0.900000 0.583000 0.565000 600 40 0.900000 0.072000 0.071000 1.200000 0.030000 0.036000
1496369059786852001	1400 43 1.200000 0.101000 0.128000 1000 38 0.900000 0.838000 0.813000 600 41 0.900000 0.071000 0.070000 1.200000 0.085000 0.103000
1496369060296182219	1400 43 1.200000 0.096000 0.122000 1000 39 0.900000 1.008000 0.978000 600 41 0.900000 0.072000 0.071000 1.200000 0.022000 0.026000
1496369060805529771	1400 43 1.200000 0.103000 0.131000 1000 39 0.900000 1.008000 0.978000 600 41 0.900000 0.072000 0.071000 1.200000 0.022000 0.026000
1496369061314830989	1400 43 1.200000 0.106000 0.134000 1000 39 0.900000 1.011000 0.981000 600 41 0.900000 0.072000 0.071000 1.200000 0.020000 0.024000
1496369061824069374	1400 43 1.200000 0.101000 0.128000 1000 39 0.900000 1.011000 0.981000 600 41 0.900000 0.072000 0.071000 1.200000 0.021000 0.025000
1496369062333215593	1400 43 1.200000 0.100000 0.127000 1000 39 0.900000 1.013000 0.983000 600 41 0.900000 0.072000 0.071000 1.200000 0.021000 0.025000
1496369062842545061	1400 43 1.200000 0.099000 0.126000 1000 39 0.900000 1.012000 0.982000 600 41 0.900000 0.072000 0.071000 1.200000 0.021000 0.025000
1496369063351785779	1400 43 1.200000 0.099000 0.126000 1000 39 0.900000 1.011000 0.981000 600 41 0.900000 0.072000 0.071000 1.200000 0.019000 0.023000
1496369063861158498	1400 43 1.200000 0.101000 0.128000 1000 39 0.900000 1.012000 0.982000 600 41 0.900000 0.072000 0.071000 1.200000 0.019000 0.023000
1496369064370374216	1400 43 1.200000 0.104000 0.132000 1000 39 0.900000 1.012000 0.982000 600 41 0.900000 0.072000 0.071000 1.200000 0.020000 0.024000
1496369064879585601	1400 43 1.200000 0.099000 0.126000 1000 39 0.900000 1.011000 0.981000 600 41 0.900000 0.072000 0.071000 1.200000 0.022000 0.026000
1496369065388828069	1400 43 1.200000 0.098000 0.124000 1000 39 0.900000 1.008000 0.978000 600 41 0.900000 0.072000 0.071000 1.200000 0.023000 0.027000
1496369065898054663	1400 43 1.200000 0.096000 0.122000 1000 39 0.900000 1.006000 0.976000 600 41 0.900000 0.072000 0.071000 1.200000 0.024000 0.029000
1496369066407292214	1400 43 1.200000 0.097000 0.123000 1000 39 0.900000 1.004000 0.974000 600 41 0.900000 0.072000 0.071000 1.200000 0.026000 0.031000
1496369066916705516	1400 42 1.200000 0.098000 0.124000 1000 39 0.900000 0.705000 0.683000 600 41 0.900000 0.072000 0.071000 1.200000 0.034000 0.041000
1496369067425984109	1400 43 1.200000 0.097000 0.123000 1000 39 0.900000 1.005000 0.975000 600 41 0.900000 0.072000 0.071000 1.200000 0.023000 0.027000
1496369067935330702	1400 43 1.200000 0.104000 0.132000 1000 39 0.900000 1.008000 0.978000 600 41 0.900000 0.072000 0.071000 1.200000 0.022000 0.026000
1496369068444511629	1400 43 1.200000 0.104000 0.132000 1000 39 0.900000 1.012000 0.982000 600 41 0.900000 0.072000 0.071000 1.200000 0.020000 0.024000
1496369068953705348	1400 43 1.200000 0.098000 0.124000 1000 39 0.900000 1.011000 0.981000 600 41 0.900000 0.072000 0.071000 1.200000 0.020000 0.024000
1496369069462991941	1400 43 1.200000 0.099000 0.126000 1000 39 0.900000 1.012000 0.982000 600 41 0.900000 0.072000 0.071000 1.200000 0.020000 0.024000
1496369069972296826	1400 43 1.200000 0.099000 0.126000 1000 39 0.900000 1.011000 0.981000 600 41 0.900000 0.072000 0.071000 1.200000 0.021000 0.025000
1496369070481463836	1400 43 1.200000 0.102000 0.129000 1000 39 0.900000 1.012000 0.982000 600 41 0.900000 0.072000 0.071000 1.200000 0.022000 0.026000
1496369070990714638	1400 43 1.200000 0.104000 0.132000 1000 39 0.900000 1.012000 0.983000 600 41 0.900000 0.072000 0.071000 1.200000 0.021000 0.025000
1496369071499943939	1400 43 1.200000 0.103000 0.131000 1000 39 0.900000 1.011000 0.981000 600 41 0.900000 0.072000 0.071000 1.200000 0.021000 0.025000
1496369072009148033	1400 43 1.200000 0.101000 0.128000 1000 39 0.900000 1.009000 0.979000 600 41 0.900000 0.072000 0.071000 1.200000 0.020000 0.024000
1496369072518343585	1400 43 1.200000 0.101000 0.128000 1000 39 0.900000 1.006000 0.976000 600 41 0.900000 0.072000 0.071000 1.200000 0.021000 0.025000
1496369073027614178	1400 43 1.200000 0.098000 0.124000 1000 39 0.900000 1.008000 0.978000 600 41 0.900000 0.072000 0.071000 1.200000 0.022000 0.026000
1496369073536862855	1400 43 1.200000 0.096000 0.122000 1000 39 0.900000 1.004000 0.974000 600 41 0.900000 0.072000 0.071000 1.200000 0.022000 0.026000
1496369074046362823	1400 42 1.200000 0.097000 0.123000 1000 39 0.900000 0.884000 0.858000 600 41 0.900000 0.071000 0.070000 1.200000 0.027000 0.032000
1496369074555523749	1400 43 1.200000 0.099000 0.126000 1000 39 0.900000 0.905000 0.878000 600 41 0.900000 0.071000 0.070000 1.200000 0.023000 0.027000
1496369075064889676	1400 43 1.200000 0.098000 0.124000 1000 39 0.900000 1.007000 0.977000 600 41 0.900000 0.072000 0.071000 1.200000 0.021000 0.025000
1496369075574060228	1400 43 1.200000 0.101000 0.128000 1000 39 0.900000 1.008000 0.978000 600 41 0.900000 0.072000 0.071000 1.200000 0.020000 0.024000
1496369076083206571	1400 43 1.200000 0.099000 0.126000 1000 39 0.900000 1.011000 0.981000 600 41 0.900000 0.072000 0.071000 1.200000 0.019000 0.023000
1496369076592439248	1400 43 1.200000 0.100000 0.127000 1000 39 0.900000 1.010000 0.980000 600 41 0.900000 0.072000 0.071000 1.200000 0.020000 0.024000
1496369077101666216	1400 43 1.200000 0.101000 0.128000 1000 39 0.900000 1.011000 0.981000 600 41 0.900000 0.072000 0.071000 1.200000 0.020000 0.024000
1496369077610811477	1400 43 1.200000 0.103000 0.131000 1000 39 0.900000 1.010000 0.980000 600 41 0.900000 0.072000 0.071000 1.200000 0.020000 0.024000
1496369078120240945	1400 43 1.200000 0.099000 0.126000 1000 39 0.900000 1.011000 0.981000 600 41 0.900000 0.072000 0.071000 1.200000 0.021000 0.025000
1496369078629438038	1400 43 1.200000 0.098000 0.124000 1000 39 0.900000 1.011000 0.981000 600 41 0.900000 0.072000 0.071000 1.200000 0.021000 0.025000
1496369079138612923	1400 43 1.200000 0.096000 0.122000 1000 39 0.900000 1.011000 0.981000 600 41 0.900000 0.072000 0.071000 1.200000 0.020000 0.024000
1496369079647761433	1400 43 1.200000 0.096000 0.122000 1000 39 0.900000 1.005000 0.975000 600 41 0.900000 0.072000 0.071000 1.200000 0.023000 0.027000
1496369080156980943	1400 43 1.200000 0.099000 0.126000 1000 39 0.900000 1.005000 0.975000 600 41 0.900000 0.072000 0.071000 1.200000 0.024000 0.029000
1496369080666349912	1400 43 1.200000 0.103000 0.131000 1000 39 0.900000 1.001000 0.971000 600 41 0.900000 0.072000 0.071000 1.200000 0.024000 0.029000
1496369081175728588	1400 41 1.200000 0.106000 0.135000 1000 38 0.900000 0.789000 0.766000 600 41 0.900000 0.072000 0.071000 1.200000 0.033000 0.040000
1496369081685244223	1400 43 1.200000 0.105000 0.133000 1000 39 0.900000 0.935000 0.907000 600 41 0.900000 0.071000 0.070000 1.200000 0.068000 0.082000
1496369082194490191	1400 43 1.200000 0.099000 0.126000 1000 39 0.900000 1.006000 0.976000 600 41 0.900000 0.072000 0.071000 1.200000 0.021000 0.025000
1496369082703712535	1400 43 1.200000 0.097000 0.123000 1000 39 0.900000 1.010000 0.980000 600 41 0.900000 0.072000 0.071000 1.200000 0.022000 0.026000
1496369083213047544	1400 43 1.200000 0.100000 0.127000 1000 39 0.900000 1.010000 0.980000 600 41 0.900000 0.072000 0.071000 1.200000 0.020000 0.024000
1496369083722236055	1400 43 1.200000 0.103000 0.131000 1000 39 0.900000 1.010000 0.980000 600 41 0.900000 0.072000 0.071000 1.200000 0.020000 0.024000
1496369084231521481	1400 43 1.200000 0.104000 0.132000 1000 39 0.900000 1.012000 0.982000 600 41 0.900000 0.072000 0.071000 1.200000 0.020000 0.024000
1496369084740676158	1400 43 1.200000 0.102000 0.129000 1000 39 0.900000 1.012000 0.982000 600 41 0.900000 0.072000 0.071000 1.200000 0.020000 0.024000
1496369085250022460	1400 43 1.200000 0.102000 0.129000 1000 39 0.900000 1.012000 0.982000 600 41 0.900000 0.072000 0.071000 1.200000 0.019000 0.023000
1496369085759232845	1400 43 1.200000 0.099000 0.126000 1000 39 0.900000 1.011000 0.981000 600 41 0.900000 0.072000 0.071000 1.200000 0.019000 0.023000
1496369086268377022	1400 43 1.200000 0.098000 0.124000 1000 39 0.900000 1.011000 0.981000 600 41 0.900000 0.072000 0.071000 1.200000 0.018000 0.021000
1496369086777611198	1400 43 1.200000 0.096000 0.122000 1000 39 0.900000 1.006000 0.976000 600 41 0.900000 0.072000 0.071000 1.200000 0.022000 0.026000
1496369087286852417	1400 43 1.200000 0.097000 0.123000 1000 39 0.900000 1.005000 0.975000 600 41 0.900000 0.072000 0.071000 1.200000 0.023000 0.027000
1496369087796158010	1400 43 1.200000 0.097000 0.123000 1000 39 0.900000 1.008000 0.978000 600 41 0.900000 0.072000 0.071000 1.200000 0.022000 0.026000
1496369088305321853	1400 41 1.200000 0.097000 0.123000 1000 39 0.900000 1.004000 0.974000 600 41 0.900000 0.072000 0.071000 1.200000 0.022000 0.026000
1496369088815549237	1400 41 1.200000 0.176000 0.222000 1000 39 0.900000 0.348000 0.339000 600 40 0.900000 0.072000 0.071000 1.200000 0.042000 0.051000
1496369089325744746	1400 41 1.200000 0.100000 0.127000 1000 38 0.900000 0.538000 0.520000 600 40 0.900000 0.071000 0.070000 1.200000 0.016000 0.019000
1496369089836437045	1400 41 1.200000 0.103000 0.131000 1000 38 0.900000 0.538000 0.520000 600 40 0.900000 0.071000 0.070000 1.200000 0.017000 0.020000
1496369090346459804	1400 40 1.200000 0.105000 0.133000 1000 38 0.900000 0.539000 0.521000 600 40 0.900000 0.071000 0.070000 1.200000 0.016000 0.019000
1496369090856891271	1400 40 1.200000 0.105000 0.133000 1000 38 0.900000 0.541000 0.524000 600 40 0.900000 0.071000 0.070000 1.200000 0.016000 0.019000
1496369091366326323	1400 39 1.200000 0.100000 0.127000 1000 37 0.900000 0.574000 0.555000 600 40 0.900000 0.071000 0.070000 1.200000 0.021000 0.025000
1496369091876131874	1400 39 1.200000 0.096000 0.122000 1000 37 0.900000 0.498000 0.482000 600 40 0.900000 0.070000 0.069000 1.200000 0.024000 0.029000
1496369092386192882	1400 39 1.200000 0.101000 0.128000 1000 37 0.900000 0.827000 0.802000 600 40 0.900000 0.070000 0.069000 1.200000 0.075000 0.091000
1496369092895653059	1400 41 1.200000 0.106000 0.134000 1000 38 0.900000 0.537000 0.519000 600 40 0.900000 0.071000 0.070000 1.200000 0.048000 0.058000
1496369093404870569	1400 42 1.200000 0.103000 0.131000 1000 38 0.900000 0.535000 0.517000 600 40 0.900000 0.071000 0.070000 1.200000 0.060000 0.073000
1496369093914209329	1400 42 1.200000 0.099000 0.126000 1000 38 0.900000 0.892000 0.866000 600 40 0.900000 0.071000 0.070000 1.200000 0.026000 0.031000
1496369094423379672	1400 42 1.200000 0.097000 0.123000 1000 38 0.900000 0.909000 0.882000 600 40 0.900000 0.071000 0.070000 1.200000 0.025000 0.030000
1496369094932601432	1400 43 1.200000 0.098000 0.124000 1000 38 0.900000 0.915000 0.888000 600 40 0.900000 0.071000 0.070000 1.200000 0.026000 0.031000
1496369095441787609	1400 43 1.200000 0.101000 0.128000 1000 38 0.900000 0.919000 0.892000 600 40 0.900000 0.071000 0.070000 1.200000 0.025000 0.030000
1496369095951045702	1400 43 1.200000 0.096000 0.122000 1000 38 0.900000 0.905000 0.878000 600 40 0.900000 0.071000 0.070000 1.200000 0.025000 0.030000
1496369096460459421	1400 42 1.200000 0.096000 0.122000 1000 38 0.900000 1.038000 1.007000 600 41 0.900000 0.071000 0.070000 1.200000 0.029000 0.035000
1496369096969784264	1400 43 1.200000 0.099000 0.126000 1000 38 0.900000 0.812000 0.788000 600 41 0.900000 0.071000 0.070000 1.200000 0.067000 0.081000
1496369097478937232	1400 43 1.200000 0.099000 0.126000 1000 38 0.900000 0.904000 0.877000 600 41 0.900000 0.071000 0.070000 1.200000 0.025000 0.030000
1496369097988288742	1400 43 1.200000 0.097000 0.123000 1000 38 0.900000 0.900000 0.873000 600 41 0.900000 0.071000 0.070000 1.200000 0.026000 0.031000
1496369098497529127	1400 43 1.200000 0.100000 0.127000 1000 38 0.900000 0.908000 0.881000 600 41 0.900000 0.071000 0.070000 1.200000 0.027000 0.032000
1496369099006958470	1400 43 1.200000 0.102000 0.129000 1000 38 0.900000 0.940000 0.912000 600 41 0.900000 0.071000 0.070000 1.200000 0.028000 0.034000
1496369099516250855	1400 43 1.200000 0.104000 0.132000 1000 38 0.900000 0.922000 0.895000 600 41 0.900000 0.071000 0.070000 1.200000 0.026000 0.031000
1496369100025564740	1400 43 1.200000 0.096000 0.122000 1000 38 0.900000 1.044000 1.013000 600 41 0.900000 0.071000 0.070000 1.200000 0.024000 0.029000
1496369100534763000	1400 43 1.200000 0.101000 0.128000 1000 39 0.900000 0.827000 0.802000 600 41 0.900000 0.071000 0.070000 1.200000 0.080000 0.097000
1496369101043961594	1400 43 1.200000 0.097000 0.123000 1000 38 0.900000 0.898000 0.871000 600 41 0.900000 0.072000 0.071000 1.200000 0.034000 0.041000
1496369101553128187	1400 43 1.200000 0.096000 0.122000 1000 39 0.900000 0.905000 0.878000 600 41 0.900000 0.071000 0.070000 1.200000 0.026000 0.031000
1496369102062367114	1400 43 1.200000 0.096000 0.122000 1000 39 0.900000 0.911000 0.884000 600 41 0.900000 0.072000 0.071000 1.200000 0.025000 0.030000
1496369102571636499	1400 43 1.200000 0.104000 0.132000 1000 39 0.900000 0.911000 0.884000 600 41 0.900000 0.071000 0.070000 1.200000 0.026000 0.031000
1496369103080753467	1400 43 1.200000 0.104000 0.132000 1000 39 0.900000 0.906000 0.879000 600 41 0.900000 0.071000 0.070000 1.200000 0.026000 0.031000
1496369103590120561	1400 43 1.200000 0.101000 0.128000 1000 39 0.900000 1.015000 0.985000 600 41 0.900000 0.072000 0.071000 1.200000 0.018000 0.021000
1496369104099352071	1400 43 1.200000 0.103000 0.131000 1000 39 0.900000 0.818000 0.794000 600 41 0.900000 0.072000 0.071000 1.200000 0.112000 0.136000
1496369104608723122	1400 43 1.200000 0.100000 0.127000 1000 39 0.900000 0.882000 0.856000 600 41 0.900000 0.072000 0.071000 1.200000 0.051000 0.062000
1496369105118018091	1400 43 1.200000 0.099000 0.126000 1000 39 0.900000 0.893000 0.867000 600 41 0.900000 0.071000 0.070000 1.200000 0.026000 0.031000
1496369105627310517	1400 43 1.200000 0.102000 0.129000 1000 39 0.900000 0.911000 0.884000 600 41 0.900000 0.071000 0.070000 1.200000 0.026000 0.031000
1496369106136657485	1400 43 1.200000 0.106000 0.135000 1000 39 0.900000 0.929000 0.902000 600 41 0.900000 0.071000 0.070000 1.200000 0.027000 0.032000
1496369106645944995	1400 43 1.200000 0.103000 0.131000 1000 39 0.900000 0.923000 0.896000 600 41 0.900000 0.071000 0.070000 1.200000 0.026000 0.031000
1496369107155139089	1400 44 1.200000 0.099000 0.126000 1000 39 0.900000 0.972000 0.943000 600 41 0.900000 0.072000 0.071000 1.200000 0.019000 0.023000
1496369107664393349	1400 43 1.200000 0.099000 0.125000 1000 39 0.900000 0.919000 0.892000 600 41 0.900000 0.072000 0.071000 1.200000 0.109000 0.133000
1496369108173668359	1400 43 1.200000 0.102000 0.129000 1000 39 0.900000 0.904000 0.877000 600 41 0.900000 0.072000 0.071000 1.200000 0.025000 0.030000
1496369108682918036	1400 43 1.200000 0.102000 0.129000 1000 39 0.900000 0.895000 0.869000 600 41 0.900000 0.072000 0.071000 1.200000 0.027000 0.032000
1496369109192129796	1400 43 1.200000 0.096000 0.122000 1000 39 0.900000 0.912000 0.885000 600 41 0.900000 0.072000 0.071000 1.200000 0.026000 0.031000
1496369109701385222	1400 43 1.200000 0.096000 0.122000 1000 39 0.900000 0.928000 0.901000 600 41 0.900000 0.071000 0.070000 1.200000 0.027000 0.032000
1496369110210533607	1400 43 1.200000 0.097000 0.123000 1000 39 0.900000 0.920000 0.893000 600 41 0.900000 0.072000 0.071000 1.200000 0.026000 0.031000
1496369110719839034	1400 44 1.200000 0.097000 0.123000 1000 39 0.900000 1.045000 1.014000 600 41 0.900000 0.072000 0.071000 1.200000 0.026000 0.031000
1496369111229948376	1400 41 1.200000 0.098000 0.124000 1000 38 0.900000 0.668000 0.647000 600 41 0.900000 0.071000 0.070000 1.200000 0.067000 0.081000
1496369111740448718	1400 41 1.200000 0.099000 0.126000 1000 38 0.900000 0.543000 0.526000 600 40 0.900000 0.072000 0.071000 1.200000 0.035000 0.042000
1496369112250376227	1400 41 1.200000 0.107000 0.136000 1000 38 0.900000 0.540000 0.522000 600 40 0.900000 0.071000 0.070000 1.200000 0.017000 0.020000
1496369112760667194	1400 40 1.200000 0.104000 0.132000 1000 38 0.900000 0.540000 0.522000 600 40 0.900000 0.071000 0.070000 1.200000 0.017000 0.020000
1496369113271043119	1400 40 1.200000 0.099000 0.126000 1000 37 0.900000 0.541000 0.523000 600 40 0.900000 0.071000 0.070000 1.200000 0.018000 0.021000
1496369113781373294	1400 40 1.200000 0.099000 0.126000 1000 37 0.900000 0.541000 0.523000 600 40 0.900000 0.071000 0.070000 1.200000 0.017000 0.020000
1496369114291504470	1400 41 1.200000 0.104000 0.132000 1000 38 0.900000 0.558000 0.541000 600 39 0.900000 0.070000 0.069000 1.200000 0.042000 0.051000
1496369114801587479	1400 41 1.200000 0.105000 0.133000 1000 38 0.900000 0.552000 0.534000 600 39 0.900000 0.071000 0.070000 1.200000 0.063000 0.076000
1496369115311522154	1400 41 1.200000 0.104000 0.132000 1000 38 0.900000 0.524000 0.507000 600 39 0.900000 0.071000 0.070000 1.200000 0.040000 0.048000
1496369115821356664	1400 41 1.200000 0.101000 0.128000 1000 37 0.900000 0.531000 0.514000 600 39 0.900000 0.070000 0.069000 1.200000 0.042000 0.051000
1496369116331241298	1400 41 1.200000 0.101000 0.128000 1000 38 0.900000 0.513000 0.496000 600 39 0.900000 0.070000 0.069000 1.200000 0.137000 0.168000
1496369116840425933	1400 43 1.200000 0.101000 0.128000 1000 38 0.900000 0.709000 0.687000 600 40 0.900000 0.070000 0.069000 1.200000 0.020000 0.024000
1496369117349431860	1400 43 1.200000 0.102000 0.129000 1000 38 0.900000 1.080000 1.048000 600 40 0.900000 0.071000 0.070000 1.200000 0.005000 0.006000
1496369117858517912	1400 43 1.200000 0.097000 0.123000 1000 38 0.900000 1.084000 1.052000 600 40 0.900000 0.071000 0.070000 1.200000 0.005000 0.006000
1496369118367564755	1400 43 1.200000 0.096000 0.122000 1000 38 0.900000 1.080000 1.048000 600 41 0.900000 0.071000 0.070000 1.200000 0.005000 0.006000
1496369118876741557	1400 43 1.200000 0.095000 0.121000 1000 38 0.900000 1.072000 1.040000 600 41 0.900000 0.071000 0.070000 1.200000 0.006000 0.007000
1496369119386018859	1400 43 1.200000 0.098000 0.124000 1000 38 0.900000 1.069000 1.037000 600 41 0.900000 0.071000 0.070000 1.200000 0.007000 0.008000
1496369119894975244	1400 43 1.200000 0.099000 0.126000 1000 39 0.900000 1.063000 1.032000 600 41 0.900000 0.071000 0.070000 1.200000 0.006000 0.007000
1496369120403955421	1400 44 1.200000 0.101000 0.128000 1000 39 0.900000 1.061000 1.030000 600 41 0.900000 0.072000 0.071000 1.200000 0.009000 0.010000
1496369120912997515	1400 44 1.200000 0.104000 0.132000 1000 39 0.900000 1.061000 1.030000 600 41 0.900000 0.071000 0.070000 1.200000 0.009000 0.010000
1496369121422072609	1400 44 1.200000 0.104000 0.132000 1000 39 0.900000 1.063000 1.032000 600 41 0.900000 0.072000 0.071000 1.200000 0.009000 0.010000
1496369121931153452	1400 44 1.200000 0.101000 0.128000 1000 39 0.900000 1.069000 1.037000 600 41 0.900000 0.071000 0.070000 1.200000 0.008000 0.009000
1496369122440145463	1400 44 1.200000 0.096000 0.122000 1000 39 0.900000 1.069000 1.037000 600 41 0.900000 0.071000 0.070000 1.200000 0.007000 0.008000
1496369122949405098	1400 43 1.200000 0.097000 0.123000 1000 39 0.900000 1.067000 1.036000 600 41 0.900000 0.072000 0.071000 1.200000 0.007000 0.008000
1496369123458432816	1400 44 1.200000 0.098000 0.124000 1000 39 0.900000 1.063000 1.032000 600 41 0.900000 0.072000 0.071000 1.200000 0.008000 0.009000
1496369123967489410	1400 44 1.200000 0.097000 0.123000 1000 39 0.900000 1.048000 1.017000 600 41 0.900000 0.072000 0.071000 1.200000 0.009000 0.010000
1496369124476622212	1400 44 1.200000 0.096000 0.122000 1000 39 0.900000 1.053000 1.022000 600 41 0.900000 0.071000 0.070000 1.200000 0.007000 0.008000
1496369124985725139	1400 44 1.200000 0.104000 0.132000 1000 39 0.900000 1.048000 1.017000 600 41 0.900000 0.072000 0.071000 1.200000 0.009000 0.010000
1496369125494852149	1400 44 1.200000 0.101000 0.128000 1000 39 0.900000 1.057000 1.026000 600 41 0.900000 0.072000 0.071000 1.200000 0.008000 0.009000
1496369126003857951	1400 44 1.200000 0.098000 0.124000 1000 39 0.900000 1.053000 1.022000 600 41 0.900000 0.072000 0.071000 1.200000 0.008000 0.009000
1496369126513006836	1400 44 1.200000 0.098000 0.124000 1000 39 0.900000 1.058000 1.027000 600 41 0.900000 0.072000 0.071000 1.200000 0.008000 0.009000
1496369127022092263	1400 44 1.200000 0.100000 0.127000 1000 39 0.900000 1.053000 1.022000 600 41 0.900000 0.071000 0.070000 1.200000 0.009000 0.010000
1496369127531214148	1400 44 1.200000 0.101000 0.128000 1000 39 0.900000 1.049000 1.018000 600 41 0.900000 0.072000 0.071000 1.200000 0.009000 0.010000
1496369128040381950	1400 44 1.200000 0.104000 0.132000 1000 39 0.900000 1.060000 1.029000 600 41 0.900000 0.072000 0.071000 1.200000 0.009000 0.010000
1496369128549434502	1400 44 1.200000 0.104000 0.132000 1000 39 0.900000 1.064000 1.033000 600 41 0.900000 0.072000 0.071000 1.200000 0.009000 0.010000
1496369129058440762	1400 44 1.200000 0.101000 0.128000 1000 39 0.900000 1.042000 1.011000 600 41 0.900000 0.072000 0.071000 1.200000 0.009000 0.010000
1496369129567525689	1400 44 1.200000 0.098000 0.124000 1000 39 0.900000 1.046000 1.015000 600 41 0.900000 0.072000 0.071000 1.200000 0.008000 0.009000
1496369130076596366	1400 44 1.200000 0.097000 0.123000 1000 39 0.900000 1.028000 0.998000 600 41 0.900000 0.071000 0.070000 1.200000 0.010000 0.012000
1496369130585622043	1400 44 1.200000 0.101000 0.128000 1000 39 0.900000 1.047000 1.016000 600 41 0.900000 0.072000 0.071000 1.200000 0.009000 0.010000
1496369131094833886	1400 44 1.200000 0.099000 0.126000 1000 39 0.900000 1.038000 1.007000 600 41 0.900000 0.072000 0.071000 1.200000 0.010000 0.012000
1496369131603900438	1400 44 1.200000 0.096000 0.122000 1000 39 0.900000 1.037000 1.006000 600 41 0.900000 0.072000 0.071000 1.200000 0.010000 0.012000
1496369132112899199	1400 44 1.200000 0.097000 0.123000 1000 39 0.900000 1.053000 1.022000 600 41 0.900000 0.072000 0.071000 1.200000 0.011000 0.013000
1496369132621934667	1400 44 1.200000 0.097000 0.123000 1000 39 0.900000 1.052000 1.022000 600 41 0.900000 0.072000 0.071000 1.200000 0.011000 0.013000
1496369133131145469	1400 44 1.200000 0.097000 0.123000 1000 39 0.900000 1.057000 1.026000 600 41 0.900000 0.072000 0.071000 1.200000 0.009000 0.010000
1496369133640155104	1400 44 1.200000 0.096000 0.122000 1000 39 0.900000 1.042000 1.011000 600 41 0.900000 0.072000 0.071000 1.200000 0.009000 0.010000
1496369134149192240	1400 44 1.200000 0.102000 0.129000 1000 39 0.900000 1.046000 1.015000 600 41 0.900000 0.072000 0.071000 1.200000 0.010000 0.012000
1496369134658246208	1400 44 1.200000 0.103000 0.131000 1000 39 0.900000 1.035000 1.004000 600 41 0.900000 0.072000 0.071000 1.200000 0.011000 0.013000
1496369135167363219	1400 44 1.200000 0.104000 0.132000 1000 39 0.900000 1.049000 1.018000 600 41 0.900000 0.072000 0.071000 1.200000 0.011000 0.013000
1496369135676428396	1400 44 1.200000 0.096000 0.122000 1000 39 0.900000 1.052000 1.021000 600 41 0.900000 0.072000 0.071000 1.200000 0.009000 0.010000
1496369136185516572	1400 44 1.200000 0.100000 0.127000 1000 39 0.900000 1.059000 1.028000 600 41 0.900000 0.072000 0.071000 1.200000 0.011000 0.013000
1496369136694648458	1400 44 1.200000 0.099000 0.125000 1000 39 0.900000 1.044000 1.013000 600 41 0.900000 0.072000 0.071000 1.200000 0.014000 0.017000
1496369137203704176	1400 44 1.200000 0.098000 0.124000 1000 39 0.900000 1.052000 1.021000 600 41 0.900000 0.072000 0.071000 1.200000 0.014000 0.017000
1496369137712838770	1400 44 1.200000 0.101000 0.128000 1000 39 0.900000 1.037000 1.006000 600 41 0.900000 0.072000 0.071000 1.200000 0.013000 0.015000
1496369138221917405	1400 44 1.200000 0.104000 0.132000 1000 39 0.900000 1.030000 1.000000 600 41 0.900000 0.072000 0.071000 1.200000 0.012000 0.014000
1496369138731133540	1400 44 1.200000 0.105000 0.133000 1000 39 0.900000 1.043000 1.012000 600 41 0.900000 0.072000 0.071000 1.200000 0.013000 0.015000
1496369139240241800	1400 44 1.200000 0.102000 0.129000 1000 39 0.900000 1.035000 1.004000 600 41 0.900000 0.072000 0.071000 1.200000 0.018000 0.021000
1496369139749334769	1400 44 1.200000 0.097000 0.123000 1000 39 0.900000 1.022000 0.992000 600 41 0.900000 0.072000 0.071000 1.200000 0.020000 0.024000
1496369140258512154	1400 44 1.200000 0.098000 0.124000 1000 39 0.900000 1.036000 1.005000 600 41 0.900000 0.072000 0.071000 1.200000 0.017000 0.020000
1496369140767742497	1400 44 1.200000 0.097000 0.123000 1000 39 0.900000 1.019000 0.989000 600 41 0.900000 0.072000 0.071000 1.200000 0.028000 0.034000
1496369141277038757	1400 43 1.200000 0.103000 0.131000 1000 39 0.900000 1.012000 0.982000 600 41 0.900000 0.072000 0.071000 1.200000 0.028000 0.034000
1496369141786442226	1400 43 1.200000 0.105000 0.133000 1000 39 0.900000 0.971000 0.942000 600 41 0.900000 0.072000 0.071000 1.200000 0.037000 0.044000
1496369142295508027	1400 42 1.200000 0.107000 0.136000 1000 39 0.900000 0.845000 0.820000 600 41 0.900000 0.072000 0.071000 1.200000 0.070000 0.085000
1496369142804637663	1400 41 1.200000 0.101000 0.128000 1000 38 0.900000 0.472000 0.456000 600 40 0.900000 0.072000 0.071000 1.200000 0.018000 0.021000
1496369143313713048	1400 41 1.200000 0.099000 0.126000 1000 38 0.900000 0.472000 0.456000 600 40 0.900000 0.071000 0.070000 1.200000 0.010000 0.012000
1496369143822775475	1400 41 1.200000 0.097000 0.123000 1000 38 0.900000 0.471000 0.455000 600 39 0.900000 0.071000 0.070000 1.200000 0.010000 0.012000
1496369144332799275	1400 40 1.200000 0.096000 0.122000 1000 38 0.900000 0.491000 0.475000 600 39 0.900000 0.071000 0.070000 1.200000 0.027000 0.032000
1496369144843026826	1400 40 1.200000 0.099000 0.126000 1000 37 0.900000 0.346000 0.337000 600 39 0.900000 0.071000 0.070000 1.200000 0.036000 0.043000
1496369145353517292	1400 40 1.200000 0.098000 0.124000 1000 37 0.900000 0.538000 0.520000 600 39 0.900000 0.070000 0.069000 1.200000 0.018000 0.021000
1496369145863604343	1400 40 1.200000 0.099000 0.126000 1000 37 0.900000 0.539000 0.521000 600 39 0.900000 0.070000 0.069000 1.200000 0.016000 0.019000
1496369146373716269	1400 40 1.200000 0.099000 0.126000 1000 37 0.900000 0.541000 0.523000 600 39 0.900000 0.070000 0.069000 1.200000 0.015000 0.018000
1496369146883046237	1400 39 1.200000 0.097000 0.123000 1000 37 0.900000 0.545000 0.527000 600 39 0.900000 0.070000 0.069000 1.200000 0.018000 0.021000
1496369147392309122	1400 42 1.200000 0.102000 0.129000 1000 38 0.900000 0.840000 0.815000 600 40 0.900000 0.070000 0.069000 1.200000 0.012000 0.014000
1496369147901613132	1400 42 1.200000 0.104000 0.132000 1000 38 0.900000 1.102000 1.070000 600 40 0.900000 0.070000 0.069000 1.200000 0.007000 0.008000
1496369148410760517	1400 42 1.200000 0.101000 0.128000 1000 38 0.900000 1.107000 1.074000 600 41 0.900000 0.071000 0.070000 1.200000 0.006000 0.007000
1496369148920144527	1400 43 1.200000 0.099000 0.126000 1000 38 0.900000 1.101000 1.069000 600 41 0.900000 0.071000 0.070000 1.200000 0.005000 0.006000
1496369149429304954	1400 43 1.200000 0.097000 0.123000 1000 38 0.900000 1.103000 1.071000 600 41 0.900000 0.071000 0.070000 1.200000 0.005000 0.006000
1496369149938400922	1400 43 1.200000 0.099000 0.126000 1000 38 0.900000 1.105000 1.072000 600 41 0.900000 0.071000 0.070000 1.200000 0.007000 0.008000
1496369150447589474	1400 43 1.200000 0.100000 0.127000 1000 38 0.900000 1.103000 1.071000 600 41 0.900000 0.071000 0.070000 1.200000 0.015000 0.018000
1496369150956846442	1400 43 1.200000 0.103000 0.131000 1000 38 0.900000 1.106000 1.073000 600 41 0.900000 0.071000 0.070000 1.200000 0.012000 0.014000
1496369151466124119	1400 43 1.200000 0.104000 0.132000 1000 39 0.900000 1.103000 1.072000 600 41 0.900000 0.072000 0.071000 1.200000 0.018000 0.021000
1496369151975221712	1400 43 1.200000 0.101000 0.128000 1000 39 0.900000 1.107000 1.074000 600 41 0.900000 0.072000 0.071000 1.200000 0.010000 0.012000
1496369152484431056	1400 43 1.200000 0.099000 0.126000 1000 39 0.900000 1.108000 1.075000 600 42 0.900000 0.071000 0.070000 1.200000 0.011000 0.013000
1496369152993679399	1400 43 1.200000 0.098000 0.124000 1000 39 0.900000 1.106000 1.073000 600 42 0.900000 0.072000 0.071000 1.200000 0.018000 0.021000
1496369153502868243	1400 43 1.200000 0.098000 0.124000 1000 39 0.900000 1.106000 1.075000 600 42 0.900000 0.072000 0.071000 1.200000 0.023000 0.027000
1496369154012283002	1400 43 1.200000 0.097000 0.123000 1000 39 0.900000 1.108000 1.075000 600 42 0.900000 0.072000 0.071000 1.200000 0.016000 0.019000
1496369154521614346	1400 43 1.200000 0.096000 0.122000 1000 39 0.900000 1.104000 1.073000 600 42 0.900000 0.072000 0.071000 1.200000 0.028000 0.034000
1496369155031097772	1400 43 1.200000 0.098000 0.124000 1000 39 0.900000 1.103000 1.071000 600 42 0.900000 0.072000 0.071000 1.200000 0.029000 0.035000
1496369155540251741	1400 43 1.200000 0.097000 0.123000 1000 39 0.900000 1.113000 1.081000 600 42 0.900000 0.072000 0.071000 1.200000 0.009000 0.010000
1496369156049692709	1400 44 1.200000 0.097000 0.123000 1000 39 0.900000 1.112000 1.080000 600 42 0.900000 0.072000 0.071000 1.200000 0.014000 0.016000
1496369156558973802	1400 44 1.200000 0.101000 0.128000 1000 39 0.900000 1.110000 1.078000 600 42 0.900000 0.072000 0.071000 1.200000 0.012000 0.014000
1496369157068204145	1400 43 1.200000 0.102000 0.129000 1000 39 0.900000 1.108000 1.076000 600 42 0.900000 0.072000 0.071000 1.200000 0.020000 0.024000
1496369157577448780	1400 44 1.200000 0.098000 0.124000 1000 39 0.900000 1.108000 1.076000 600 42 0.900000 0.072000 0.071000 1.200000 0.026000 0.031000
1496369158086847707	1400 44 1.200000 0.098000 0.124000 1000 39 0.900000 1.108000 1.076000 600 42 0.900000 0.072000 0.071000 1.200000 0.022000 0.026000
1496369158596194383	1400 44 1.200000 0.101000 0.128000 1000 39 0.900000 1.109000 1.076000 600 42 0.900000 0.072000 0.071000 1.200000 0.022000 0.026000
1496369159105383519	1400 44 1.200000 0.100000 0.127000 1000 39 0.900000 1.107000 1.076000 600 42 0.900000 0.072000 0.071000 1.200000 0.026000 0.031000
1496369159614609862	1400 44 1.200000 0.098000 0.124000 1000 39 0.900000 1.108000 1.076000 600 42 0.900000 0.072000 0.071000 1.200000 0.025000 0.030000
1496369160123902705	1400 44 1.200000 0.101000 0.128000 1000 39 0.900000 1.111000 1.079000 600 42 0.900000 0.072000 0.071000 1.200000 0.024000 0.029000
1496369160633125507	1400 44 1.200000 0.104000 0.132000 1000 39 0.900000 1.113000 1.081000 600 42 0.900000 0.072000 0.071000 1.200000 0.012000 0.014000
1496369161142345725	1400 44 1.200000 0.106000 0.134000 1000 39 0.900000 1.114000 1.081000 600 42 0.900000 0.072000 0.071000 1.200000 0.011000 0.013000
1496369161651585652	1400 44 1.200000 0.102000 0.129000 1000 39 0.900000 1.114000 1.082000 600 42 0.900000 0.072000 0.071000 1.200000 0.015000 0.018000
1496369162160695371	1400 44 1.200000 0.097000 0.123000 1000 39 0.900000 1.110000 1.077000 600 42 0.900000 0.072000 0.071000 1.200000 0.018000 0.021000
1496369162669977256	1400 44 1.200000 0.097000 0.123000 1000 39 0.900000 1.110000 1.078000 600 42 0.900000 0.072000 0.071000 1.200000 0.019000 0.023000
1496369163179756015	1400 44 1.200000 0.099000 0.126000 1000 39 0.900000 1.106000 1.073000 600 42 0.900000 0.072000 0.071000 1.200000 0.019000 0.023000
1496369163689021567	1400 44 1.200000 0.101000 0.128000 1000 39 0.900000 1.112000 1.080000 600 42 0.900000 0.072000 0.071000 1.200000 0.016000 0.019000
1496369164198211077	1400 44 1.200000 0.105000 0.133000 1000 39 0.900000 1.109000 1.077000 600 42 0.900000 0.072000 0.071000 1.200000 0.022000 0.026000
1496369164707514295	1400 44 1.200000 0.103000 0.131000 1000 39 0.900000 1.112000 1.080000 600 42 0.900000 0.072000 0.071000 1.200000 0.019000 0.023000
1496369165216731347	1400 44 1.200000 0.100000 0.127000 1000 39 0.900000 1.111000 1.079000 600 42 0.900000 0.072000 0.071000 1.200000 0.019000 0.023000
1496369165726035607	1400 44 1.200000 0.098000 0.124000 1000 39 0.900000 1.111000 1.079000 600 42 0.900000 0.072000 0.071000 1.200000 0.018000 0.021000
1496369166235214950	1400 44 1.200000 0.100000 0.127000 1000 39 0.900000 1.116000 1.084000 600 42 0.900000 0.072000 0.071000 1.200000 0.010000 0.012000
1496369166744457210	1400 44 1.200000 0.099000 0.126000 1000 39 0.900000 1.118000 1.086000 600 42 0.900000 0.072000 0.071000 1.200000 0.010000 0.012000
1496369167253696720	1400 44 1.200000 0.096000 0.122000 1000 39 0.900000 1.109000 1.077000 600 42 0.900000 0.072000 0.071000 1.200000 0.023000 0.027000
1496369167763010438	1400 44 1.200000 0.096000 0.122000 1000 39 0.900000 1.112000 1.079000 600 42 0.900000 0.072000 0.071000 1.200000 0.022000 0.026000
1496369168272328573	1400 44 1.200000 0.098000 0.124000 1000 39 0.900000 1.111000 1.078000 600 42 0.900000 0.072000 0.071000 1.200000 0.018000 0.021000
1496369168781589708	1400 44 1.200000 0.098000 0.124000 1000 39 0.900000 1.104000 1.071000 600 42 0.900000 0.072000 0.071000 1.200000 0.026000 0.031000
1496369169290693177	1400 44 1.200000 0.096000 0.122000 1000 39 0.900000 1.110000 1.077000 600 42 0.900000 0.072000 0.071000 1.200000 0.022000 0.026000
1496369169799909520	1400 44 1.200000 0.102000 0.129000 1000 39 0.900000 1.113000 1.081000 600 42 0.900000 0.072000 0.071000 1.200000 0.017000 0.020000
1496369170309254863	1400 44 1.200000 0.103000 0.131000 1000 39 0.900000 1.113000 1.081000 600 42 0.900000 0.072000 0.071000 1.200000 0.012000 0.014000
1496369170818457874	1400 44 1.200000 0.104000 0.132000 1000 39 0.900000 1.115000 1.082000 600 42 0.900000 0.072000 0.071000 1.200000 0.014000 0.016000
1496369171327636842	1400 44 1.200000 0.104000 0.132000 1000 39 0.900000 1.115000 1.083000 600 42 0.900000 0.072000 0.071000 1.200000 0.014000 0.016000
1496369171836911435	1400 44 1.200000 0.101000 0.128000 1000 39 0.900000 1.116000 1.083000 600 42 0.900000 0.072000 0.071000 1.200000 0.010000 0.012000
1496369172346181904	1400 44 1.200000 0.100000 0.127000 1000 39 0.900000 1.113000 1.080000 600 42 0.900000 0.072000 0.071000 1.200000 0.014000 0.016000
1496369172855392205	1400 44 1.200000 0.099000 0.126000 1000 39 0.900000 1.112000 1.079000 600 42 0.900000 0.072000 0.071000 1.200000 0.017000 0.020000
1496369173364603049	1400 44 1.200000 0.101000 0.128000 1000 39 0.900000 1.111000 1.078000 600 42 0.900000 0.072000 0.071000 1.200000 0.009000 0.010000
1496369173873834476	1400 44 1.200000 0.105000 0.133000 1000 39 0.900000 1.105000 1.072000 600 42 0.900000 0.072000 0.071000 1.200000 0.011000 0.013000
1496369174382993569	1400 44 1.200000 0.105000 0.133000 1000 39 0.900000 1.109000 1.076000 600 42 0.900000 0.072000 0.071000 1.200000 0.011000 0.013000
1496369174892258079	1400 44 1.200000 0.102000 0.129000 1000 39 0.900000 1.110000 1.077000 600 42 0.900000 0.072000 0.071000 1.200000 0.012000 0.014000
1496369175401514547	1400 44 1.200000 0.097000 0.123000 1000 39 0.900000 1.110000 1.077000 600 42 0.900000 0.072000 0.071000 1.200000 0.014000 0.016000
1496369175910628724	1400 44 1.200000 0.099000 0.126000 1000 39 0.900000 1.113000 1.080000 600 42 0.900000 0.072000 0.071000 1.200000 0.015000 0.018000
1496369176419992151	1400 44 1.200000 0.097000 0.123000 1000 39 0.900000 1.114000 1.081000 600 42 0.900000 0.072000 0.071000 1.200000 0.015000 0.018000
1496369176929305577	1400 44 1.200000 0.096000 0.122000 1000 39 0.900000 1.110000 1.077000 600 42 0.900000 0.072000 0.071000 1.200000 0.013000 0.015000
1496369177438463921	1400 44 1.200000 0.096000 0.122000 1000 39 0.900000 1.104000 1.071000 600 42 0.900000 0.072000 0.071000 1.200000 0.012000 0.014000
1496369177947923347	1400 44 1.200000 0.103000 0.131000 1000 39 0.900000 1.103000 1.071000 600 42 0.900000 0.072000 0.071000 1.200000 0.008000 0.009000
1496369178457206191	1400 44 1.200000 0.101000 0.128000 1000 39 0.900000 1.104000 1.071000 600 42 0.900000 0.072000 0.071000 1.200000 0.008000 0.009000
1496369178966434242	1400 44 1.200000 0.099000 0.126000 1000 39 0.900000 1.112000 1.079000 600 42 0.900000 0.072000 0.071000 1.200000 0.011000 0.013000
1496369179476631043	1400 42 1.200000 0.103000 0.131000 1000 39 0.900000 1.100000 1.068000 600 41 0.900000 0.072000 0.071000 1.200000 0.007000 0.008000
1496369179986952426	1400 41 1.200000 0.101000 0.128000 1000 39 0.900000 0.536000 0.518000 600 41 0.900000 0.072000 0.071000 1.200000 0.020000 0.024000
1496369180497209102	1400 41 1.200000 0.099000 0.126000 1000 38 0.900000 0.538000 0.520000 600 40 0.900000 0.072000 0.071000 1.200000 0.015000 0.018000
1496369181007471985	1400 40 1.200000 0.106000 0.134000 1000 38 0.900000 0.540000 0.522000 600 40 0.900000 0.071000 0.070000 1.200000 0.016000 0.019000
1496369181517865619	1400 40 1.200000 0.102000 0.129000 1000 38 0.900000 0.542000 0.524000 600 40 0.900000 0.071000 0.070000 1.200000 0.013000 0.015000
1496369182027354962	1400 42 1.200000 0.102000 0.129000 1000 38 0.900000 0.578000 0.559000 600 40 0.900000 0.071000 0.070000 1.200000 0.030000 0.036000
1496369182536661805	1400 44 1.200000 0.101000 0.128000 1000 38 0.900000 1.297000 1.260000 600 41 0.900000 0.071000 0.070000 1.200000 0.027000 0.032000
1496369183045943190	1400 44 1.200000 0.104000 0.132000 1000 39 0.900000 1.296000 1.259000 600 41 0.900000 0.071000 0.070000 1.200000 0.026000 0.031000
1496369183555148033	1400 45 1.200000 0.103000 0.131000 1000 39 0.900000 1.292000 1.255000 600 42 0.900000 0.072000 0.071000 1.200000 0.026000 0.031000
1496369184064308377	1400 45 1.200000 0.098000 0.124000 1000 39 0.900000 1.290000 1.253000 600 42 0.900000 0.072000 0.071000 1.200000 0.024000 0.029000
1496369184573365387	1400 45 1.200000 0.097000 0.123000 1000 39 0.900000 1.288000 1.251000 600 42 0.900000 0.072000 0.071000 1.200000 0.026000 0.031000
1496369185082547856	1400 45 1.200000 0.101000 0.128000 1000 40 0.900000 1.286000 1.249000 600 42 0.900000 0.072000 0.071000 1.200000 0.025000 0.030000
1496369185591842991	1400 45 1.200000 0.102000 0.129000 1000 40 0.900000 1.289000 1.252000 600 42 0.900000 0.072000 0.071000 1.200000 0.025000 0.030000
1496369186101083626	1400 45 1.200000 0.104000 0.132000 1000 40 0.900000 1.288000 1.251000 600 42 0.900000 0.072000 0.071000 1.200000 0.024000 0.029000
1496369186610269427	1400 46 1.200000 0.106000 0.134000 1000 40 0.900000 1.283000 1.247000 600 42 0.900000 0.072000 0.071000 1.200000 0.023000 0.027000
1496369187119582354	1400 46 1.200000 0.104000 0.132000 1000 40 0.900000 1.282000 1.246000 600 42 0.900000 0.072000 0.071000 1.200000 0.023000 0.027000
1496369187628710906	1400 45 1.200000 0.100000 0.127000 1000 40 0.900000 1.093000 1.061000 600 42 0.900000 0.072000 0.071000 1.200000 0.021000 0.025000
1496369188137957624	1400 45 1.200000 0.099000 0.126000 1000 40 0.900000 0.773000 0.749000 600 42 0.900000 0.072000 0.071000 1.200000 0.007000 0.008000
1496369188647160801	1400 45 1.200000 0.098000 0.124000 1000 40 0.900000 1.306000 1.269000 600 42 0.900000 0.072000 0.071000 1.200000 0.028000 0.034000
1496369189156420769	1400 46 1.200000 0.100000 0.127000 1000 40 0.900000 1.303000 1.266000 600 42 0.900000 0.072000 0.071000 1.200000 0.028000 0.034000
1496369189665582654	1400 46 1.200000 0.099000 0.126000 1000 40 0.900000 1.300000 1.263000 600 42 0.900000 0.073000 0.072000 1.200000 0.027000 0.032000
1496369190174740956	1400 46 1.200000 0.097000 0.123000 1000 40 0.900000 1.300000 1.263000 600 42 0.900000 0.072000 0.071000 1.200000 0.025000 0.030000
1496369190683866008	1400 46 1.200000 0.099000 0.126000 1000 40 0.900000 1.298000 1.261000 600 43 0.900000 0.072000 0.071000 1.200000 0.025000 0.030000
1496369191193067560	1400 46 1.200000 0.099000 0.126000 1000 40 0.900000 1.295000 1.258000 600 43 0.900000 0.072000 0.071000 1.200000 0.026000 0.031000
1496369191702375611	1400 46 1.200000 0.098000 0.124000 1000 40 0.900000 1.296000 1.261000 600 43 0.900000 0.072000 0.071000 1.200000 0.024000 0.029000
1496369192211620288	1400 46 1.200000 0.104000 0.132000 1000 40 0.900000 1.296000 1.259000 600 43 0.900000 0.073000 0.072000 1.200000 0.023000 0.027000
1496369192721086215	1400 46 1.200000 0.098000 0.124000 1000 40 0.900000 1.291000 1.256000 600 43 0.900000 0.073000 0.072000 1.200000 0.025000 0.030000
1496369193230459266	1400 46 1.200000 0.105000 0.133000 1000 40 0.900000 1.296000 1.261000 600 42 0.900000 0.073000 0.072000 1.200000 0.024000 0.029000
1496369193739679526	1400 45 1.200000 0.103000 0.131000 1000 40 0.900000 0.957000 0.929000 600 42 0.900000 0.073000 0.072000 1.200000 0.006000 0.007000
1496369194248843036	1400 46 1.200000 0.101000 0.128000 1000 40 0.900000 1.038000 1.008000 600 42 0.900000 0.072000 0.071000 1.200000 0.027000 0.032000
1496369194758072046	1400 46 1.200000 0.101000 0.128000 1000 40 0.900000 1.308000 1.271000 600 42 0.900000 0.073000 0.072000 1.200000 0.027000 0.032000
1496369195267300598	1400 46 1.200000 0.101000 0.128000 1000 40 0.900000 1.303000 1.266000 600 43 0.900000 0.073000 0.072000 1.200000 0.026000 0.031000
1496369195776764733	1400 46 1.200000 0.104000 0.132000 1000 40 0.900000 1.302000 1.266000 600 43 0.900000 0.072000 0.071000 1.200000 0.027000 0.032000
1496369196286098826	1400 46 1.200000 0.107000 0.136000 1000 40 0.900000 1.300000 1.264000 600 43 0.900000 0.073000 0.072000 1.200000 0.027000 0.032000
1496369196795343336	1400 46 1.200000 0.107000 0.136000 1000 40 0.900000 1.298000 1.262000 600 43 0.900000 0.073000 0.072000 1.200000 0.026000 0.031000
1496369197304570888	1400 46 1.200000 0.099000 0.126000 1000 40 0.900000 1.294000 1.257000 600 43 0.900000 0.073000 0.072000 1.200000 0.026000 0.031000
1496369197813740898	1400 46 1.200000 0.099000 0.126000 1000 40 0.900000 1.294000 1.257000 600 43 0.900000 0.073000 0.072000 1.200000 0.024000 0.029000
1496369198323058533	1400 46 1.200000 0.099000 0.126000 1000 40 0.900000 1.295000 1.258000 600 43 0.900000 0.073000 0.072000 1.200000 0.024000 0.029000
1496369198832329918	1400 46 1.200000 0.099000 0.126000 1000 40 0.900000 1.295000 1.258000 600 43 0.900000 0.073000 0.072000 1.200000 0.023000 0.027000
1496369199341578636	1400 45 1.200000 0.099000 0.126000 1000 40 0.900000 0.743000 0.720000 600 42 0.900000 0.073000 0.072000 1.200000 0.011000 0.013000
1496369199851242479	1400 46 1.200000 0.107000 0.136000 1000 40 0.900000 0.733000 0.711000 600 42 0.900000 0.073000 0.072000 1.200000 0.007000 0.008000
1496369200360497156	1400 46 1.200000 0.104000 0.132000 1000 40 0.900000 1.307000 1.270000 600 43 0.900000 0.072000 0.071000 1.200000 0.028000 0.033000
1496369200869717249	1400 46 1.200000 0.101000 0.128000 1000 40 0.900000 1.305000 1.268000 600 43 0.900000 0.073000 0.072000 1.200000 0.027000 0.032000
1496369201378859009	1400 46 1.200000 0.100000 0.127000 1000 40 0.900000 1.300000 1.263000 600 43 0.900000 0.073000 0.072000 1.200000 0.026000 0.031000
1496369201888038061	1400 46 1.200000 0.101000 0.128000 1000 40 0.900000 1.299000 1.262000 600 43 0.900000 0.073000 0.072000 1.200000 0.025000 0.030000
1496369202397254738	1400 46 1.200000 0.099000 0.126000 1000 40 0.900000 1.298000 1.261000 600 43 0.900000 0.073000 0.072000 1.200000 0.026000 0.031000
1496369202906526498	1400 46 1.200000 0.098000 0.124000 1000 40 0.900000 1.297000 1.260000 600 43 0.900000 0.073000 0.072000 1.200000 0.027000 0.032000
1496369203415720758	1400 46 1.200000 0.106000 0.134000 1000 40 0.900000 1.296000 1.259000 600 43 0.900000 0.073000 0.072000 1.200000 0.023000 0.027000
1496369203924990601	1400 46 1.200000 0.104000 0.132000 1000 40 0.900000 1.293000 1.256000 600 43 0.900000 0.073000 0.072000 1.200000 0.024000 0.029000
1496369204434136278	1400 46 1.200000 0.101000 0.128000 1000 40 0.900000 1.290000 1.253000 600 43 0.900000 0.073000 0.072000 1.200000 0.022000 0.026000
1496369204943407538	1400 46 1.200000 0.101000 0.128000 1000 40 0.900000 1.291000 1.254000 600 42 0.900000 0.073000 0.072000 1.200000 0.022000 0.026000
1496369205452560798	1400 45 1.200000 0.101000 0.128000 1000 40 0.900000 0.740000 0.717000 600 42 0.900000 0.073000 0.072000 1.200000 0.010000 0.012000
1496369205961889558	1400 46 1.200000 0.105000 0.133000 1000 40 0.900000 1.296000 1.259000 600 42 0.900000 0.073000 0.072000 1.200000 0.023000 0.027000
1496369206471182651	1400 46 1.200000 0.100000 0.127000 1000 40 0.900000 1.296000 1.259000 600 43 0.900000 0.073000 0.072000 1.200000 0.024000 0.029000
1496369206980329995	1400 46 1.200000 0.103000 0.131000 1000 40 0.900000 1.295000 1.258000 600 43 0.900000 0.073000 0.072000 1.200000 0.025000 0.030000
1496369207489445880	1400 46 1.200000 0.102000 0.129000 1000 40 0.900000 1.288000 1.251000 600 43 0.900000 0.073000 0.072000 1.200000 0.024000 0.029000
1496369207998609890	1400 46 1.200000 0.100000 0.127000 1000 40 0.900000 1.285000 1.249000 600 43 0.900000 0.072000 0.071000 1.200000 0.024000 0.029000
1496369208507832567	1400 46 1.200000 0.101000 0.128000 1000 40 0.900000 1.285000 1.249000 600 43 0.900000 0.073000 0.072000 1.200000 0.023000 0.027000
1496369209017060952	1400 46 1.200000 0.104000 0.132000 1000 40 0.900000 1.283000 1.247000 600 43 0.900000 0.073000 0.072000 1.200000 0.023000 0.027000
1496369209526395712	1400 46 1.200000 0.107000 0.136000 1000 40 0.900000 1.283000 1.247000 600 43 0.900000 0.073000 0.072000 1.200000 0.021000 0.025000
1496369210035574972	1400 46 1.200000 0.106000 0.134000 1000 40 0.900000 1.282000 1.246000 600 43 0.900000 0.073000 0.072000 1.200000 0.021000 0.025000
1496369210544806524	1400 46 1.200000 0.099000 0.126000 1000 40 0.900000 1.284000 1.248000 600 43 0.900000 0.073000 0.072000 1.200000 0.020000 0.024000
1496369211053981534	1400 45 1.200000 0.098000 0.124000 1000 40 0.900000 0.741000 0.718000 600 42 0.900000 0.073000 0.072000 1.200000 0.010000 0.012000
1496369211563105794	1400 40 1.200000 0.106000 0.135000 1000 39 0.900000 0.198000 0.194000 600 41 0.900000 0.072000 0.071000 1.200000 0.014000 0.017000
1496369212072106804	1400 40 1.200000 0.096000 0.122000 1000 38 0.900000 0.195000 0.191000 600 40 0.900000 0.072000 0.071000 1.200000 0.003000 0.003000
