#Timestamp	Benchmark	CPU(4) Frequency(MHz)	CPU(4) Temperature(C)	A15 Voltage(V)	A15 Current(A)	A15 Power(W)	CPU_CYCLES	EXCEPTION_RETURN	BRANCH_MISPRED	BRANCH_PRED	DATA_MEM_ACCESS	L1I_CACHE_ACCESS	L2D_CACHE_ACCESS
1495874958733655847	parsec.dedup	1400	37	1.000000	0.310000	0.333000	452058672	42290	2779594	43527786	107948089	124099914	7926523
1495874959243593023	parsec.dedup	1400	37	1.000000	0.769000	0.815000	701208254	68136	4376577	64164152	161950225	191886984	12476125
1495874959753420157	parsec.dedup	1400	37	1.000000	0.774000	0.820000	700943664	67620	4346773	66315077	164722249	193252483	12341196
1495874960263182500	parsec.dedup	1400	37	1.000000	0.781000	0.827000	700853484	60687	2142879	50311932	184971873	155733249	14987724
1495874960773223509	parsec.dedup	1400	37	1.000000	0.778000	0.824000	700892936	53054	1859616	49598806	182492376	154110730	14299547
1495874961282658977	parsec.dedup	1400	37	1.000000	0.789000	0.836000	700959058	58968	1876487	47925547	187524300	161857468	15414125
1495874961792378195	parsec.dedup	1400	38	1.000000	0.784000	0.831000	701039198	27400	2430828	61156313	321752474	220431243	9794681
1495874962301717663	parsec.dedup	1400	38	1.000000	0.925000	0.980000	700841084	20365	2798521	65677218	337129195	231497175	8872274
1495874962811352256	parsec.dedup	1400	38	1.000000	0.916000	0.970000	700855776	12940	2688512	66760375	364299043	243539887	6455419
1495874963320697182	parsec.dedup	1400	38	1.000000	0.948000	1.004000	700847172	12624	3224477	72393008	342727396	239564958	6786322
1495874963829995734	parsec.dedup	1400	38	1.000000	0.951000	1.008000	700847888	13322	2905548	71099880	342809739	235476316	6683322
1495874964339158619	parsec.dedup	1400	38	1.000000	0.944000	1.001000	700838704	13581	1875857	73585524	339049474	216152544	6744466
1495874964848494337	parsec.dedup	1400	38	1.000000	0.909000	0.964000	700849940	15438	2105267	67304655	346124509	230473571	7399427
1495874965357638639	parsec.dedup	1400	38	1.000000	0.924000	0.980000	700837584	15355	2107029	71584116	336381618	224211779	7523418
1495874965866907691	parsec.dedup	1400	38	1.000000	0.955000	1.012000	700920857	14979	1989719	67352207	350788016	230612416	7445674
1495874966376326825	parsec.dedup	1400	38	1.000000	0.940000	0.997000	700878027	16695	2241410	58195023	370605841	239854308	8098473
1495874966885506044	parsec.dedup	1400	38	1.000000	0.943000	1.000000	700852574	25225	3204770	58236142	346243202	239314436	10357448
1495874967394829470	parsec.dedup	1400	38	1.000000	0.942000	0.999000	700973890	34480	4174738	74778034	282313619	224711632	12863601
1495874967904220647	parsec.dedup	1400	38	1.000000	0.871000	0.923000	700861616	35242	4224760	74603205	277755680	224288328	12705855
1495874968413528657	parsec.dedup	1400	38	1.000000	0.863000	0.914000	700862376	34741	4240699	74785518	279073518	224781050	12735552
1495874968922976375	parsec.dedup	1400	38	1.000000	0.863000	0.914000	700860552	34051	4253043	75125357	282514150	225839050	12820777
1495874969432434676	parsec.dedup	1400	38	1.000000	0.871000	0.923000	700856832	35790	4279850	74287393	272725185	223629945	12496145
1495874969941945311	parsec.dedup	1400	38	1.000000	0.854000	0.905000	700946984	35174	4278450	74701221	277184693	225064804	12684463
1495874970451469154	parsec.dedup	1400	38	1.000000	0.867000	0.919000	700844680	35435	4057670	72226361	273337698	219966261	13063844
1495874970961077705	parsec.dedup	1400	38	1.000000	0.856000	0.907000	700860794	36585	4082604	72143127	267814036	218923197	12756706
1495874971471024131	parsec.dedup	1400	38	1.000000	0.858000	0.909000	700889366	36036	4066590	72230479	271162983	219561078	12924760
1495874971980512682	parsec.dedup	1400	38	1.000000	0.860000	0.911000	700856504	34814	4155455	72628838	275783976	221839176	13130116
1495874972490012234	parsec.dedup	1400	38	1.000000	0.857000	0.908000	700845128	35335	4366593	74470349	273778916	224345593	12410757
1495874972999440618	parsec.dedup	1400	38	1.000000	0.862000	0.913000	700856320	35738	4294640	73156631	271017058	222650839	12658186
1495874973508844128	parsec.dedup	1400	38	1.000000	0.858000	0.909000	700851260	34298	4314643	73777439	277270769	224320763	12897647
1495874974018235471	parsec.dedup	1400	38	1.000000	0.855000	0.906000	700952832	30012	5622694	93723680	267635842	236882308	10714455
1495874974527701565	parsec.dedup	1400	38	1.000000	0.867000	0.919000	700864728	33855	4771712	84062703	269693087	227906187	11438130
1495874975037118908	parsec.dedup	1400	38	1.000000	0.868000	0.920000	700852101	30420	5680705	91285887	264936513	236919302	10910509
1495874975546542667	parsec.dedup	1400	38	1.000000	0.848000	0.898000	700835827	32906	5470011	100992212	233749288	222207094	8536473
1495874976056100927	parsec.dedup	1400	37	1.000000	0.843000	0.893000	700866456	32322	5506446	98340373	225099774	222139266	8793788
1495874976565468229	parsec.dedup	1400	38	1.000000	0.825000	0.874000	700947216	30047	6302075	96684742	230470190	230359570	9723771
1495874977074788655	parsec.dedup	1400	37	1.000000	0.846000	0.896000	700878110	33678	5675703	96717860	230839678	223690674	8513239
1495874977584126873	parsec.dedup	1400	38	1.000000	0.835000	0.885000	700916654	31118	5603379	100917130	229495278	221075418	8808293
1495874978093480175	parsec.dedup	1400	38	1.000000	0.848000	0.898000	701075728	32412	5739317	100004407	233864926	224832973	8532898
1495874978602835143	parsec.dedup	1400	37	1.000000	0.843000	0.893000	700874502	32292	5727464	105146008	232748842	229131417	8015343
1495874979112144320	parsec.dedup	1400	37	1.000000	0.837000	0.887000	700915062	31630	5865100	103413388	234185270	227873214	8573353
1495874979621519746	parsec.dedup	1400	37	1.000000	0.844000	0.894000	700929162	31525	5680715	100643609	228021254	223032910	8511583
1495874980130748881	parsec.dedup	1400	37	1.000000	0.834000	0.884000	700904486	32532	5831127	102047082	235051927	227240695	8263167
1495874980640205266	parsec.dedup	1400	37	1.000000	0.846000	0.896000	700877360	31355	5810558	103389353	232252388	227681812	8356728
1495874981149568026	parsec.dedup	1400	37	1.000000	0.844000	0.894000	700881448	30902	5827626	107604527	237112853	229957159	8298545
1495874981658928911	parsec.dedup	1400	37	1.000000	0.840000	0.890000	700924444	31698	5628193	102408758	234358711	224182724	8895338
1495874982168198171	parsec.dedup	1400	37	1.000000	0.836000	0.886000	700873422	30698	5794127	100581653	231089399	224935896	8850728
1495874982677674514	parsec.dedup	1400	37	1.000000	0.845000	0.895000	700912750	31155	5759120	102990574	235523634	228290115	8576482
1495874983187200357	parsec.dedup	1400	37	1.000000	0.839000	0.889000	700883125	32301	5575750	103331047	230203014	225359078	8344473
1495874983696614033	parsec.dedup	1400	37	1.000000	0.838000	0.888000	700902331	32021	5589702	100688749	229265580	222281163	8706769
1495874984205942918	parsec.dedup	1400	37	1.000000	0.841000	0.891000	700886124	32884	5620242	101549810	235439795	227496953	8358966
1495874984715321386	parsec.dedup	1400	37	1.000000	0.840000	0.890000	700890036	31712	5691313	101264305	229360567	225615957	8669596
1495874985224693521	parsec.dedup	1400	37	1.000000	0.844000	0.894000	700890769	31438	5738786	95327133	222722114	221306644	9173597
1495874985734140823	parsec.dedup	1400	37	1.000000	0.847000	0.897000	700876335	30565	6199968	103580933	238863169	231815562	8761639
1495874986245317413	parsec.dedup	1400	37	1.000000	0.837000	0.887000	701000530	30529	5931678	95903312	226441238	223916342	9087512
1495874986755559505	parsec.dedup	1400	37	1.000000	0.843000	0.893000	701142618	32041	5634915	99882911	232459299	222660591	8536182
1495874987265279723	parsec.dedup	1400	37	1.000000	0.837000	0.887000	700961702	33249	5712064	98023589	232060429	222984078	8604992
1495874987775010274	parsec.dedup	1400	37	1.000000	0.841000	0.891000	700966066	32345	5644944	100815064	230835013	223093451	8401347
1495874988284443784	parsec.dedup	1400	37	1.000000	0.837000	0.887000	700970648	33361	5630582	101315093	228457396	226038299	8400271
1495874988793856252	parsec.dedup	1400	37	1.000000	0.835000	0.885000	700930876	33189	5810207	101240380	233634222	228404899	8180709
1495874989303279803	parsec.dedup	1400	37	1.000000	0.840000	0.890000	700983242	32298	5855536	102171537	234788067	228225980	8358631
1495874989812697355	parsec.dedup	1400	37	1.000000	0.836000	0.886000	700951998	31679	5640302	97784023	225827887	223720380	8870265
1495874990322155781	parsec.dedup	1400	37	1.000000	0.846000	0.896000	701058580	32540	5776899	98099045	230888631	224918292	8829533
1495874990831623749	parsec.dedup	1400	37	1.000000	0.848000	0.898000	700996264	27377	5584538	93917635	226861726	222939334	8809285
1495874991343147215	parsec.dedup	1400	37	1.000000	0.824000	0.873000	700997761	31817	5552175	99330892	231134954	220485470	8697062
1495874991853209307	parsec.dedup	1400	37	1.000000	0.835000	0.885000	700998168	30803	5700910	98369933	225378872	221613507	9056521
1495874992362555067	parsec.dedup	1400	37	1.000000	0.834000	0.884000	701001913	31546	5689237	95178697	224521479	222259554	9324717
1495874992872038535	parsec.dedup	1400	37	1.000000	0.851000	0.902000	701005008	32638	5593286	102665960	229480314	225433023	8283992
1495874993381576503	parsec.dedup	1400	37	1.000000	0.840000	0.890000	700962622	31558	5737154	101232181	233714683	225702395	8693728
1495874993891176471	parsec.dedup	1400	37	1.000000	0.846000	0.896000	700975284	32373	5564229	102908732	226902501	224341486	8256488
1495874994400648814	parsec.dedup	1400	37	1.000000	0.831000	0.880000	700968856	32144	5684400	102233790	230987236	226936909	8626260
1495874994910172573	parsec.dedup	1400	37	1.000000	0.843000	0.893000	700955700	32138	5667881	105128774	232716474	228016591	8113901
1495874995419606666	parsec.dedup	1400	37	1.000000	0.840000	0.890000	701009302	32080	5745057	102915212	231914378	227909799	8346464
1495874995928895510	parsec.dedup	1400	37	1.000000	0.843000	0.893000	700871126	32311	5827022	96392781	230196460	224743309	8919636
1495874996438204436	parsec.dedup	1400	37	1.000000	0.842000	0.892000	700891668	31670	5746676	103155467	232288720	227268261	8397899
1495874996947678071	parsec.dedup	1400	37	1.000000	0.852000	0.903000	700864370	32778	5652927	99644162	234105898	224755626	8761994
1495874997457179956	parsec.dedup	1400	37	1.000000	0.833000	0.882000	700861222	32119	5625546	101231767	232209347	224310703	8739000
1495874997966614715	parsec.dedup	1400	37	1.000000	0.833000	0.882000	700838269	32013	5653687	102440153	229659668	225298758	8343698
1495874998475977309	parsec.dedup	1400	37	1.000000	0.835000	0.885000	700858081	30917	5700662	107033054	233145331	227940413	8100129
1495874998985521152	parsec.dedup	1400	37	1.000000	0.841000	0.891000	700869880	31830	5675233	102022329	231001515	226671220	8441116
1495874999494982453	parsec.dedup	1400	37	1.000000	0.841000	0.891000	700840414	30643	5824676	101378732	231630491	226116138	8768396
1495875000004336755	parsec.dedup	1400	37	1.000000	0.847000	0.897000	700842608	32247	5820804	102045708	232490889	228613011	8354380
1495875000513750431	parsec.dedup	1400	37	1.000000	0.834000	0.884000	700901233	32503	5662626	97901251	228547078	222258910	8928891
1495875001023284524	parsec.dedup	1400	37	1.000000	0.834000	0.884000	700892123	32140	5687262	102301897	232597357	226263785	8578101
1495875001532677575	parsec.dedup	1400	37	1.000000	0.841000	0.891000	700834038	31892	5536262	99446259	223265843	221537683	8789852
1495875002042055460	parsec.dedup	1400	37	1.000000	0.832000	0.881000	700839772	32438	5622461	104253847	230864280	226259090	8173567
1495875002551558845	parsec.dedup	1400	37	1.000000	0.843000	0.893000	700968382	31140	5422919	97407919	225777445	221785192	8358135
1495875003061025230	parsec.dedup	1400	37	1.000000	0.844000	0.894000	700880172	21443	3917873	81701628	191745185	184932991	8417229
1495875003570947864	parsec.facesim	1400	37	1.000000	0.783000	0.829000	472673328	43721	2903454	45362219	112691474	129825536	8220914
1495875004080720873	parsec.facesim	1400	37	1.000000	0.769000	0.815000	700832067	68148	4369367	64105507	162006810	192080722	12441413
1495875004590753757	parsec.facesim	1400	37	1.000000	0.775000	0.821000	701032950	67413	4344087	66441931	165059606	193588124	12331977
1495875005100645350	parsec.facesim	1400	37	1.000000	0.778000	0.824000	701092579	65769	4283936	69063603	168277873	194337958	12085884
1495875005609911568	parsec.facesim	1400	37	1.000000	0.831000	0.880000	700876507	20048	1322210	114554753	281728841	192789928	6652936
1495875006119748410	parsec.facesim	1400	37	1.000000	0.918000	0.973000	700883724	22567	1033946	81370353	233868417	186476155	8361415
1495875006629019670	parsec.facesim	1400	37	1.000000	0.797000	0.844000	700891516	21141	6407213	91315262	151244526	181949941	7537602
1495875007138117889	parsec.facesim	1400	37	1.000000	0.786000	0.833000	700860276	7563	5332475	83799167	120088423	154722788	5378117
1495875007647285899	parsec.facesim	1400	37	1.000000	0.758000	0.803000	700843940	709	5943760	94737851	159740409	190917117	5053508
1495875008156504243	parsec.facesim	1400	37	1.000000	0.754000	0.799000	700901204	3649	9126268	103474830	123834155	202531311	4151701
1495875008666297377	parsec.facesim	1400	37	1.000000	0.777000	0.823000	700852852	6978	3374687	68982990	134851297	131453148	5538386
1495875009175506304	parsec.facesim	1400	37	1.000000	0.757000	0.802000	700872436	13189	2078233	70816291	150247492	127029443	5420413
1495875009684830063	parsec.facesim	1400	37	1.000000	0.736000	0.780000	700853680	11517	2221306	66906180	137621399	119360953	4469964
1495875010194014824	parsec.facesim	1400	37	1.000000	0.734000	0.778000	700857120	8160	2196471	64511338	132595685	112604223	3664263
1495875010703286334	parsec.facesim	1400	37	1.000000	0.720000	0.763000	700899452	15032	2104318	69502758	142058885	124135990	5226420
1495875011212502802	parsec.facesim	1400	37	1.000000	0.743000	0.787000	700864916	257	13084820	140103780	152235008	281481013	3621465
1495875011721827020	parsec.facesim	1400	37	1.000000	0.819000	0.868000	700838796	224	6320719	85884297	726051996	326837796	68692615
1495875012231117280	parsec.facesim	1400	38	1.000000	1.272000	1.350000	700853086	238	8451342	103421883	612621649	331411561	55709356
1495875012740762956	parsec.facesim	1400	37	1.000000	0.822000	0.871000	700835092	26342	11397080	124321247	184204972	277924733	5950715
1495875013250235383	parsec.facesim	1400	37	1.000000	0.803000	0.851000	700872898	24727	1249935	39710504	320331446	195180162	9655636
1495875013759505309	parsec.facesim	1400	38	1.000000	0.922000	0.977000	700849040	228	909842	34677633	356404422	201822335	9124350
1495875014268686570	parsec.facesim	1400	38	1.000000	0.917000	0.972000	700858760	224	889675	33902208	347413724	197715337	9875078
1495875014777851246	parsec.facesim	1400	38	1.000000	0.915000	0.969000	700978116	228	876961	33261796	339505850	194363159	10549733
1495875015287108173	parsec.facesim	1400	38	1.000000	0.932000	0.987000	700884856	318	745369	36936227	346956744	191604851	9391197
1495875015796792891	parsec.facesim	1400	38	1.000000	0.905000	0.959000	700865056	226	861800	36783813	327272398	191643151	10591975
1495875016305981234	parsec.facesim	1400	38	1.000000	0.904000	0.958000	700872132	248	835462	35879737	319335830	187499540	11743719
1495875016815151619	parsec.facesim	1400	38	1.000000	0.902000	0.956000	700868808	226	817129	35521478	315942822	185633242	12042338
1495875017324310421	parsec.facesim	1400	38	1.000000	0.901000	0.955000	700991916	224	825721	34979210	310526903	183799222	12337895
1495875017833463973	parsec.facesim	1400	38	1.000000	0.900000	0.954000	700977902	250	673594	34412266	294089581	174059065	12362073
1495875018342763733	parsec.facesim	1400	37	1.000000	0.869000	0.921000	700989328	228	22905	6115642	157517041	81270441	14461095
1495875018852007118	parsec.facesim	1400	37	1.000000	0.752000	0.797000	700961540	224	22715	6161591	158654438	81865146	14580861
1495875019361301336	parsec.facesim	1400	37	1.000000	0.752000	0.797000	700980776	226	23641	6224850	159103244	81981582	14900328
1495875019870553846	parsec.facesim	1400	37	1.000000	0.752000	0.797000	701026256	226	21895	6126679	157737022	81377349	14478724
1495875020379794065	parsec.facesim	1400	37	1.000000	0.757000	0.802000	700989048	226	22903	6054731	155380132	80185205	14192465
1495875020889162741	parsec.facesim	1400	37	1.000000	0.757000	0.802000	700990056	224	22015	6117963	157199938	81120865	14427538
1495875021398383793	parsec.facesim	1400	37	1.000000	0.760000	0.805000	700993066	226	22566	6128796	156627750	80661562	14553683
1495875021907716969	parsec.facesim	1400	37	1.000000	0.753000	0.798000	701049974	224	22177	6094994	156983079	80990264	14405171
1495875022416988563	parsec.facesim	1400	38	1.000000	0.754000	0.799000	700986768	228	22849	6154165	158598382	81827652	14585747
1495875022926372406	parsec.facesim	1400	37	1.000000	0.749000	0.793000	700971616	224	21644	6067944	155925258	80443785	14275760
1495875023435711166	parsec.facesim	1400	37	1.000000	0.750000	0.793000	701038356	228	22674	6163411	157529945	81131129	14693571
1495875023945214801	parsec.facesim	1400	37	1.000000	0.761000	0.806000	701011292	224	21885	6095027	156814224	80901937	14361344
1495875024454541269	parsec.facesim	1400	37	1.000000	0.756000	0.799000	700851376	226	22609	6177198	159086447	82089871	14640800
1495875024963800195	parsec.facesim	1400	37	1.000000	0.763000	0.807000	700853040	224	21866	6138388	156961512	81003544	14559343
1495875025473064497	parsec.facesim	1400	37	1.000000	0.751000	0.794000	700860184	224	21846	6141652	158393041	81513829	14645643
1495875025982398090	parsec.facesim	1400	37	1.000000	0.750000	0.793000	700850688	222	21623	6035465	155163356	80043817	14163890
1495875026491699475	parsec.facesim	1400	37	1.000000	0.748000	0.791000	700852662	228	22241	6083965	156600643	80788076	14340166
1495875027001238235	parsec.facesim	1400	37	1.000000	0.755000	0.798000	700895878	225	21606	6125522	157031577	81016177	14536810
1495875027510529703	parsec.facesim	1400	37	1.000000	0.757000	0.800000	700857812	227	22064	6084866	156005629	80322480	14380820
1495875028019911755	parsec.facesim	1400	37	1.000000	0.755000	0.800000	700851072	224	21561	6059383	155923685	80425459	14255596
1495875028529154473	parsec.facesim	1400	37	1.000000	0.755000	0.800000	700854620	226	21995	6055215	155652306	80300765	14212908
1495875029038400192	parsec.facesim	1400	37	1.000000	0.749000	0.792000	700857496	224	21520	6032522	155210757	80055127	14160465
1495875029547689076	parsec.facesim	1400	37	1.000000	0.754000	0.799000	700848604	226	22271	6052910	155592510	80270249	14201438
1495875030057137378	parsec.facesim	1400	38	1.000000	0.752000	0.797000	700850006	239	229860	14024185	204669108	108723154	14018798
1495875030566516013	parsec.facesim	1400	38	1.000000	0.759000	0.804000	700851454	228	834826	37068397	326198240	185449170	11026715
1495875031075763064	parsec.facesim	1400	38	1.000000	0.909000	0.963000	700842956	224	800532	36093616	317713115	180903048	12173738
1495875031585070491	parsec.facesim	1400	38	1.000000	0.907000	0.961000	700900624	228	817720	35676812	313645960	179634255	12484660
1495875032094207626	parsec.facesim	1400	38	1.000000	0.904000	0.958000	700843136	224	786555	35026892	308108749	176893760	12999498
1495875032603355261	parsec.facesim	1400	38	1.000000	0.901000	0.955000	700841312	251	644834	38195172	318685831	177248580	10680819
1495875033112628355	parsec.facesim	1400	38	1.000000	0.921000	0.976000	700845032	1217	690908	91780713	280310570	179057835	7642129
1495875033622205989	parsec.facesim	1400	38	1.000000	0.928000	0.983000	700990104	1323	969255	88294490	181671979	133751844	9296426
1495875034132382915	parsec.freqmine	1400	37	1.000000	0.729000	0.771000	476481163	35976	2462113	45213068	112405673	123259576	8631942
1495875034642416757	parsec.freqmine	1400	37	1.000000	0.767000	0.813000	700959799	68225	4378103	63620608	161148759	191459676	12459190
1495875035152414391	parsec.freqmine	1400	37	1.000000	0.774000	0.820000	700931294	67532	4353613	65896286	164213254	193163143	12337434
1495875035662233817	parsec.freqmine	1400	37	1.000000	0.781000	0.827000	700854700	66357	4339201	69263775	168478351	195123822	12174389
1495875036171364785	parsec.freqmine	1400	37	1.000000	0.738000	0.780000	700856243	19383	1438664	42253243	92703434	80668028	3879385
1495875036680603795	parsec.freqmine	1400	37	1.000000	0.652000	0.689000	700847298	1719	505055	34996047	68153936	42109238	850688
1495875037189870055	parsec.freqmine	1400	37	1.000000	0.653000	0.690000	700839542	1818	482729	35006234	68344339	41895937	879639
1495875037699138107	parsec.freqmine	1400	36	1.000000	0.653000	0.690000	700835912	1708	472954	34985639	68139530	41579162	862343
1495875038208277909	parsec.freqmine	1400	36	1.000000	0.653000	0.690000	700848118	1707	487619	34971666	68111471	41794577	854461
1495875038717610377	parsec.freqmine	1400	36	1.000000	0.652000	0.689000	700847914	1711	471588	34961449	68101508	41508760	862828
1495875039226836262	parsec.freqmine	1400	36	1.000000	0.652000	0.689000	700846049	1707	461330	34958099	68076645	41343865	858986
1495875039736170897	parsec.freqmine	1400	36	1.000000	0.652000	0.689000	700907515	1714	475304	34965622	68113514	41583259	861015
1495875040245340824	parsec.freqmine	1400	36	1.000000	0.652000	0.689000	700847860	1716	495870	34975300	68130858	41930034	860853
1495875040754684542	parsec.freqmine	1400	36	1.000000	0.652000	0.689000	700842400	1713	477098	34965295	68113646	41628787	861424
1495875041263860094	parsec.freqmine	1400	36	1.000000	0.652000	0.689000	700854692	1718	470807	34986855	68143998	41544207	859978
1495875041773162187	parsec.freqmine	1400	36	1.000000	0.652000	0.689000	700849258	1707	461863	34958814	68073938	41343661	860212
1495875042282306447	parsec.freqmine	1400	36	1.000000	0.652000	0.689000	700848170	1712	475759	34982252	68143323	41604575	856781
1495875042791744874	parsec.freqmine	1400	36	1.000000	0.652000	0.689000	700853464	1707	475906	34960512	68094527	41581527	862702
1495875043301027425	parsec.freqmine	1400	36	1.000000	0.652000	0.689000	700935710	1717	473161	34983654	68156399	41575901	860800
1495875043810257686	parsec.freqmine	1400	36	1.000000	0.652000	0.689000	700923206	1714	479127	34989990	68155573	41678534	861460
1495875044319495362	parsec.freqmine	1400	36	1.000000	0.652000	0.689000	700852732	1717	466915	34973503	68133011	41456203	860287
1495875044828741539	parsec.freqmine	1400	36	1.000000	0.783000	0.829000	700854472	3237	2082623	38069206	123980088	137747035	4320150
1495875045337919966	parsec.freqmine	1400	37	1.000000	0.914000	0.968000	700840616	2432	2971370	35815839	167436852	211795769	7044614
1495875045847166559	parsec.freqmine	1400	37	1.000000	0.915000	0.969000	700850160	7676	3426709	45359253	161034679	195658108	12729824
1495875046356666694	parsec.freqmine	1400	36	1.000000	0.716000	0.757000	700867082	15694	1612083	100440408	148878304	67389198	30900551
1495875046866053495	parsec.freqmine	1400	37	1.000000	0.771000	0.817000	700827028	24992	2172258	57687013	164262709	110850097	22205504
1495875047375201547	parsec.freqmine	1400	37	1.000000	0.767000	0.813000	700925182	244	8096719	117609573	418534976	301295329	2953963
1495875047884422599	parsec.freqmine	1400	37	1.000000	0.924000	0.979000	700859168	224	7710553	119113877	432053702	304701080	3142035
1495875048393759359	parsec.freqmine	1400	37	1.000000	0.947000	1.003000	700952474	224	7699749	118567118	433161667	304046763	3373923
1495875048902851744	parsec.freqmine	1400	37	1.000000	0.959000	1.016000	700829624	238	8407312	115780213	406084994	296927592	3453332
1495875049411974171	parsec.freqmine	1400	37	1.000000	0.956000	1.013000	700845036	234	8380212	116778297	416641836	303530633	2487026
1495875049921292722	parsec.freqmine	1400	37	1.000000	0.944000	1.000000	700845831	224	7403459	120295277	439087677	303374898	1749155
1495875050430407899	parsec.freqmine	1400	37	1.000000	0.946000	1.002000	700844826	224	7756060	118956129	434484501	305206599	1946968
1495875050939565784	parsec.freqmine	1400	37	1.000000	0.948000	1.004000	700846394	224	7698869	118754974	436027330	304424889	2007929
1495875051448698836	parsec.freqmine	1400	37	1.000000	0.951000	1.008000	700951233	230	7773025	118271696	423962260	298196021	2247938
1495875051957928721	parsec.freqmine	1400	37	1.000000	0.944000	1.000000	700979326	224	7401604	119828378	440393778	302942863	1554746
1495875052467471064	parsec.freqmine	1400	37	1.000000	0.944000	1.000000	701034959	224	7555180	119337711	438058980	303806250	1749856
1495875052976720199	parsec.freqmine	1400	37	1.000000	0.948000	1.004000	700847463	224	7967385	118089096	432486519	305793333	1932801
1495875053485820501	parsec.freqmine	1400	38	1.000000	0.946000	1.002000	700848966	224	8166574	118348590	428291977	307450651	2092228
1495875053995136928	parsec.freqmine	1400	37	1.000000	0.947000	1.003000	700859678	230	7810720	119315189	427244993	302661924	2035335
1495875054504395813	parsec.freqmine	1400	37	1.000000	0.943000	0.999000	700855921	224	7612885	119906352	436251820	304596497	1697786
1495875055013573781	parsec.freqmine	1400	38	1.000000	0.945000	1.001000	700850328	224	7961065	119326304	431728730	307088769	1726856
1495875055522692250	parsec.freqmine	1400	37	1.000000	0.946000	1.002000	700956885	226	7866038	119125687	433217940	305898967	1933200
1495875056031927010	parsec.freqmine	1400	37	1.000000	0.949000	1.005000	700845806	224	8417714	117360985	424850188	308958269	2189155
1495875056541250520	parsec.freqmine	1400	38	1.000000	0.945000	1.001000	700849213	228	7991631	117553003	426541490	302290908	2230326
1495875057050377197	parsec.freqmine	1400	37	1.000000	0.944000	1.000000	700861459	224	7631170	118020568	438608840	303037498	1913635
1495875057559482874	parsec.freqmine	1400	37	1.000000	0.948000	1.004000	700851654	224	8177462	117159472	430582876	306661093	2058904
1495875058068621550	parsec.freqmine	1400	38	1.000000	0.948000	1.004000	700854902	224	7849283	117012830	427948168	300074562	2444592
1495875058577807810	parsec.freqmine	1400	37	1.000000	0.940000	0.996000	700853589	230	7966494	117271761	431888885	304952292	2079940
1495875059087042362	parsec.freqmine	1400	38	1.000000	0.945000	1.001000	700850915	224	7613935	118443490	438264969	303362625	1811703
1495875059596329705	parsec.freqmine	1400	37	1.000000	0.948000	1.004000	700931156	226	7994997	116560471	434012760	305237315	2027504
1495875060105516216	parsec.freqmine	1400	37	1.000000	0.948000	1.004000	700853088	220	8332904	115860583	419303798	302038272	2582158
1495875060614676892	parsec.freqmine	1400	38	1.000000	0.940000	0.996000	700839842	228	7699833	117649004	432109958	300699205	2132625
1495875061123785861	parsec.freqmine	1400	38	1.000000	0.948000	1.004000	700873847	226	8162336	116076721	426412199	303311260	2296889
1495875061632970704	parsec.freqmine	1400	37	1.000000	0.948000	1.004000	700855620	224	8196909	116084239	431082426	306291918	2092282
1495875062142261631	parsec.freqmine	1400	38	1.000000	0.948000	1.004000	700963969	224	8193623	115889972	423494107	302213039	2451184
1495875062651534974	parsec.freqmine	1400	38	1.000000	0.942000	0.998000	700860370	238	7335615	116184699	398857748	273926662	3583335
1495875063160804734	parsec.freqmine	1400	37	1.000000	0.922000	0.977000	700851492	273	3933258	111258611	259989923	151138532	9287479
1495875063670078078	parsec.freqmine	1400	37	1.000000	0.806000	0.854000	700913130	350	5904340	109423226	292882695	205038062	7166445
1495875064179251546	parsec.freqmine	1400	37	1.000000	0.872000	0.924000	700845906	519	7462988	107344322	329288422	249288240	5521349
1495875064688503014	parsec.freqmine	1400	37	1.000000	0.814000	0.862000	700841096	2194	9175033	95516164	233461175	242466536	9142645
1495875065197720650	parsec.freqmine	1400	37	1.000000	0.855000	0.906000	700849442	1298	9298952	100163097	236805779	251402002	9809303
1495875065707024576	parsec.freqmine	1400	37	1.000000	0.866000	0.917000	700846738	1224	9369406	102157585	240487716	259193311	10121152
1495875066216287628	parsec.freqmine	1400	37	1.000000	0.868000	0.920000	700840028	1372	10180788	98410629	235576630	270428712	9841404
1495875066726281637	parsec.streamcluster	1400	37	1.000000	0.503000	0.536000	477412913	43548	2863607	45244720	112579479	129573886	8273038
1495875067236308729	parsec.streamcluster	1400	37	1.000000	0.503000	0.536000	700878627	68221	4373221	63956428	161306075	191230918	12565273
1495875067746255447	parsec.streamcluster	1400	37	1.000000	0.778000	0.824000	701021655	67376	4340172	66307447	164533997	192896445	12411243
1495875068256114289	parsec.streamcluster	1400	37	1.000000	0.777000	0.823000	700885396	65687	4276738	69090580	168086775	193804550	12189552
1495875068765461424	parsec.streamcluster	1400	37	1.000000	0.781000	0.827000	700982669	15112	1337239	45851106	258018190	172278202	21874341
1495875069274759101	parsec.streamcluster	1400	38	1.000000	0.938000	0.994000	700855192	224	1067961	28208087	248587249	165522335	28815948
1495875069784100360	parsec.streamcluster	1400	38	1.000000	0.958000	1.015000	700854510	226	1058830	28273037	248782186	165428310	28835171
1495875070293350204	parsec.streamcluster	1400	38	1.000000	0.959000	1.016000	700851926	224	1054245	28240429	248489053	165139339	28806142
1495875070802683130	parsec.streamcluster	1400	38	1.000000	0.959000	1.016000	700843606	228	1075622	28347026	249211475	166056093	28880288
1495875071311995640	parsec.streamcluster	1400	38	1.000000	0.958000	1.015000	700848752	224	1064127	28306127	248993479	165668755	28856231
1495875071821385109	parsec.streamcluster	1400	38	1.000000	0.960000	1.017000	701026256	228	1055570	28254243	248598828	165227646	28823492
1495875072330664077	parsec.streamcluster	1400	38	1.000000	0.961000	1.018000	700867362	224	1061835	28260910	248582574	165391902	28811101
1495875072840102212	parsec.streamcluster	1400	38	1.000000	0.961000	1.018000	700856414	226	1065514	28312327	249082324	165749283	28870934
1495875073349369305	parsec.streamcluster	1400	39	1.000000	0.958000	1.015000	700852720	224	1063963	28323700	249182815	165784394	28881408
1495875073858547857	parsec.streamcluster	1400	39	1.000000	0.960000	1.017000	700845242	226	1068254	28336467	249216126	165897925	28883539
1495875074368082658	parsec.streamcluster	1400	39	1.000000	0.961000	1.018000	700840966	226	1028932	28132258	248307870	164409645	28830227
1495875074877499959	parsec.streamcluster	1400	39	1.000000	0.957000	1.014000	700839972	228	982564	28051989	247879427	162989522	28836750
1495875075386923678	parsec.streamcluster	1400	39	1.000000	0.959000	1.016000	700841390	220	965244	27979046	247935919	162648390	28857118
1495875075896294896	parsec.streamcluster	1400	39	1.000000	0.956000	1.013000	700904356	228	938204	27896047	247189766	161610556	28785102
1495875076405585614	parsec.streamcluster	1400	39	1.000000	0.957000	1.014000	700830434	224	938669	27941098	247701672	161920486	28840149
1495875076914848832	parsec.streamcluster	1400	39	1.000000	0.957000	1.014000	700821536	224	907071	27824350	247148911	160840334	28839471
1495875077424189134	parsec.streamcluster	1400	39	1.000000	0.956000	1.014000	700860190	226	903202	27814609	247153886	160745097	28833941
1495875077933495686	parsec.streamcluster	1400	39	1.000000	0.956000	1.014000	700957834	228	892824	27746019	246422549	160068740	28829570
1495875078442803404	parsec.streamcluster	1400	39	1.000000	0.957000	1.014000	700854840	228	877246	27712918	246665507	159834012	28859414
1495875078952085289	parsec.streamcluster	1400	39	1.000000	0.955000	1.012000	700857010	224	880152	27706856	246507597	159824562	28826630
1495875079461469799	parsec.streamcluster	1400	39	1.000000	0.955000	1.012000	700921006	228	881753	27733365	245860700	159474821	28819094
1495875079970923725	parsec.streamcluster	1400	39	1.000000	0.954000	1.011000	700857968	224	864209	27627913	245479204	158844448	28831303
1495875080480147818	parsec.streamcluster	1400	39	1.000000	0.954000	1.011000	700862358	226	859013	27505556	245509049	158719774	28869028
1495875080989496578	parsec.streamcluster	1400	39	1.000000	0.955000	1.012000	700963334	224	857945	27593961	245807579	158881869	28889313
1495875081498761880	parsec.streamcluster	1400	39	1.000000	0.955000	1.012000	700867300	226	861227	27628973	246039736	159097598	28914131
1495875082008132932	parsec.streamcluster	1400	39	1.000000	0.955000	1.012000	700856844	224	859577	27629383	246111679	159095740	28927945
1495875082517560233	parsec.streamcluster	1400	39	1.000000	0.956000	1.013000	700855152	228	860419	27524320	245693274	158848659	28878775
1495875083026933326	parsec.streamcluster	1400	39	1.000000	0.954000	1.011000	700856060	224	857575	27683471	245602763	158751919	28866678
1495875083536237711	parsec.streamcluster	1400	39	1.000000	0.953000	1.010000	700950486	228	857147	27660892	245534826	158655566	28977660
1495875084045514263	parsec.streamcluster	1400	39	1.000000	0.955000	1.012000	700855406	224	847224	27472880	244719526	157986336	28880000
1495875084554825023	parsec.streamcluster	1400	39	1.000000	0.951000	1.008000	700840572	226	849686	27492035	245612216	158547379	28983878
1495875085064138741	parsec.streamcluster	1400	39	1.000000	0.954000	1.011000	700862828	224	849151	27542612	245442731	158454143	28951834
1495875085573425376	parsec.streamcluster	1400	39	1.000000	0.955000	1.012000	700850260	226	850160	27505234	245691076	158614371	28992673
1495875086082725261	parsec.streamcluster	1400	39	1.000000	0.954000	1.011000	700849656	224	846438	27482044	244825734	158047407	28884419
1495875086592251521	parsec.streamcluster	1400	39	1.000000	0.955000	1.012000	652689156	3121	951140	27393960	224713366	149287147	25575881
1495875087101561239	splash2x.barnes	1400	39	1.000000	0.954000	1.011000	527362547	49687	3262319	50579424	125807399	145264919	9228267
1495875087611297707	splash2x.barnes	1400	38	1.000000	0.723000	0.767000	701011611	68322	4368939	64193637	162109699	192103945	12427658
1495875088121339299	splash2x.barnes	1400	38	1.000000	0.776000	0.822000	701075531	67526	4350791	66909217	165662615	194013786	12299013
1495875088631560266	splash2x.barnes	1400	38	1.000000	0.780000	0.826000	700951275	66450	4236012	67850308	166510645	192860337	12057146
1495875089141441900	splash2x.barnes	1400	38	1.000000	0.781000	0.827000	701025672	19824	2277387	56347376	153694447	153268837	13468913
1495875089650970910	splash2x.barnes	1400	38	1.000000	0.854000	0.905000	700961084	3496	2343991	41585157	142675953	122324065	14969088
1495875090160128045	splash2x.barnes	1400	38	1.000000	0.791000	0.838000	700946058	222	1577469	41342409	240870790	169550261	11139213
1495875090669380805	splash2x.barnes	1400	38	1.000000	0.922000	0.977000	701021666	228	1504366	41368166	241468638	168996984	12273456
1495875091178601940	splash2x.barnes	1400	38	1.000000	0.926000	0.981000	700938761	226	1460652	41410779	241783735	168522711	12389130
1495875091687835117	splash2x.barnes	1400	38	1.000000	0.928000	0.983000	700856443	226	1489808	41359262	241436294	168713145	12214203
1495875092197014043	splash2x.barnes	1400	38	1.000000	0.926000	0.981000	700839478	224	1468860	41379962	241549530	168429550	12305964
1495875092706221720	splash2x.barnes	1400	38	1.000000	0.926000	0.981000	700843458	226	1468732	41418271	241735912	168452309	12163630
1495875093215391397	splash2x.barnes	1400	38	1.000000	0.927000	0.982000	700845194	224	1450108	41378625	241549514	168010135	12204980
1495875093724687199	splash2x.barnes	1400	38	1.000000	0.926000	0.981000	700838638	228	1607090	41385670	240764697	169480011	11234210
1495875094233828917	splash2x.barnes	1400	38	1.000000	0.922000	0.978000	700849142	224	1600922	41332747	240843533	169663147	10904787
1495875094742986677	splash2x.barnes	1400	38	1.000000	0.921000	0.976000	700842316	228	1616935	41376602	240591711	169711328	10655191
1495875095252169604	splash2x.barnes	1400	38	1.000000	0.925000	0.980000	700934414	226	1502321	41484628	241935194	169456893	11734282
1495875095761371114	splash2x.barnes	1400	38	1.000000	0.926000	0.981000	700844960	226	1487699	41492065	242195396	169322910	11866175
1495875096270679832	splash2x.barnes	1400	38	1.000000	0.926000	0.981000	700839976	224	1512008	41547134	242397052	170242868	11725903
1495875096780060092	splash2x.barnes	1400	38	1.000000	0.927000	0.982000	700847564	226	1459763	41515868	242166589	169260824	12062919
1495875097289222019	splash2x.barnes	1400	38	1.000000	0.927000	0.982000	700847456	224	1480667	41484578	242081117	169511846	11868854
1495875097798364446	splash2x.barnes	1400	38	1.000000	0.927000	0.982000	700845512	226	1468518	41459924	241802350	168805717	11950913
1495875098307518414	splash2x.barnes	1400	38	1.000000	0.926000	0.981000	700847009	224	1500234	41493136	241620475	169031590	11666641
1495875098817027216	splash2x.barnes	1400	38	1.000000	0.925000	0.980000	700845091	228	1643911	41340148	240681132	170120627	10392592
1495875099326251892	splash2x.barnes	1400	38	1.000000	0.921000	0.977000	700924904	226	1594446	41308057	240880514	169601836	10838246
1495875099835607194	splash2x.barnes	1400	38	1.000000	0.921000	0.976000	700829396	2214	1413108	46628623	193471469	140749270	10516847
1495875100344849954	splash2x.barnes	1400	38	1.000000	0.778000	0.824000	700988768	2842	1591230	48345005	182831018	136868236	11402883
1495875100854147464	splash2x.barnes	1400	38	1.000000	0.922000	0.977000	700853560	226	1558373	41505715	242242648	170495489	10431685
1495875101363263182	splash2x.barnes	1400	38	1.000000	0.925000	0.980000	700858949	224	1503490	41530591	242576318	170156255	11316921
1495875101872530067	splash2x.barnes	1400	38	1.000000	0.926000	0.981000	700852391	226	1462479	41490070	242461265	169688453	11857793
1495875102381763661	splash2x.barnes	1400	38	1.000000	0.924000	0.979000	700846984	224	1483096	41540784	242691706	169896781	11137046
1495875102891089212	splash2x.barnes	1400	38	1.000000	0.926000	0.981000	700840876	228	1452168	41469749	242339338	169246743	11668558
1495875103400221639	splash2x.barnes	1400	38	1.000000	0.924000	0.979000	700907900	226	1460779	41529682	242612652	169482614	11321376
1495875103909381108	splash2x.barnes	1400	38	1.000000	0.925000	0.980000	700825742	226	1464843	41483476	242220703	169036472	11360642
1495875104418668159	splash2x.barnes	1400	38	1.000000	0.922000	0.977000	700830698	224	1617239	41658994	242718777	171139340	9414709
1495875104927812670	splash2x.barnes	1400	38	1.000000	0.920000	0.975000	700831094	226	1627664	41570836	242460432	171351042	9661602
1495875105436967930	splash2x.barnes	1400	38	1.000000	0.918000	0.973000	700818610	224	1592366	41549904	242165210	170539291	10021388
1495875105946247648	splash2x.barnes	1400	38	1.000000	0.925000	0.980000	700805846	226	1497475	41581607	242844019	170402088	11426110
1495875106455387033	splash2x.barnes	1400	38	1.000000	0.927000	0.982000	700889429	228	1509388	41616666	243094373	170969254	11582243
1495875106964826085	splash2x.barnes	1400	38	1.000000	0.925000	0.980000	701238508	224	1476871	41577579	242772754	169792824	11807376
1495875107474139303	splash2x.barnes	1400	38	1.000000	0.927000	0.982000	700917684	224	1485156	41589558	242782491	170050752	11802028
1495875107983323980	splash2x.barnes	1400	38	1.000000	0.925000	0.980000	700957255	224	1460724	41538650	242507788	169218349	11825016
1495875108492470531	splash2x.barnes	1400	38	1.000000	0.926000	0.981000	700950741	226	1577944	41597017	242354382	170546972	10562297
1495875109001772291	splash2x.barnes	1400	38	1.000000	0.925000	0.980000	700950443	224	1581853	41557122	242576666	170836560	9787892
1495875109510990551	splash2x.barnes	1400	38	1.000000	0.922000	0.977000	701042893	226	1599673	41585858	242763488	171018518	9715278
1495875110020287561	splash2x.barnes	1400	38	1.000000	0.918000	0.973000	700882351	4126	1413977	54599152	169199075	127403452	9473585
1495875110529634988	splash2x.barnes	1400	37	1.000000	0.821000	0.870000	700962980	936	1576264	40342045	207018270	149826460	11622193
1495875111039002998	splash2x.barnes	1400	38	1.000000	0.811000	0.858000	700887103	224	1560507	41621830	242736770	170132380	10205162
1495875111548217341	splash2x.barnes	1400	38	1.000000	0.918000	0.973000	700870313	226	1504773	41620683	243091425	169644955	10999998
1495875112057397060	splash2x.barnes	1400	38	1.000000	0.924000	0.979000	700885720	224	1479681	41615686	242855778	169233079	11140242
1495875112566564112	splash2x.barnes	1400	38	1.000000	0.925000	0.980000	700876094	226	1480565	41594445	243006199	169411522	10947268
1495875113075773413	splash2x.barnes	1400	38	1.000000	0.923000	0.978000	700875519	224	1470954	41639942	242982260	169127342	11207181
1495875113585016132	splash2x.barnes	1400	38	1.000000	0.923000	0.978000	700873619	226	1457360	41572575	242786721	168713970	11242706
1495875114094130309	splash2x.barnes	1400	38	1.000000	0.924000	0.979000	700880144	224	1521748	41670298	242932327	169691765	10273480
1495875114603241360	splash2x.barnes	1400	38	1.000000	0.922000	0.977000	700879156	230	1583074	41705252	242946503	170476171	9422911
1495875115112441829	splash2x.barnes	1400	38	1.000000	0.919000	0.974000	700883252	224	1664865	41611665	242328561	171034359	9198186
1495875115621736380	splash2x.barnes	1400	38	1.000000	0.918000	0.973000	700877092	226	1548368	41621083	242632298	170147573	10575807
1495875116130825474	splash2x.barnes	1400	38	1.000000	0.925000	0.980000	700881749	224	1511696	41646919	242918865	170071022	11306457
1495875116640070234	splash2x.barnes	1400	38	1.000000	0.926000	0.981000	700875283	226	1504214	41641048	242988134	170071642	11155140
1495875117149166578	splash2x.barnes	1400	38	1.000000	0.925000	0.980000	700883784	224	1494835	41646947	242944912	170107149	11453512
1495875117658295463	splash2x.barnes	1400	38	1.000000	0.926000	0.981000	700881908	226	1476741	41557832	242564370	169450497	11755539
1495875118167671723	splash2x.barnes	1400	37	1.000000	0.926000	0.981000	700882532	224	1484121	41600800	242606450	169691064	11693927
1495875118676927816	splash2x.barnes	1400	38	1.000000	0.926000	0.981000	700882104	230	1451806	41551163	242452016	168831235	11791613
1495875119186199618	splash2x.barnes	1400	38	1.000000	0.925000	0.980000	700974546	224	1606617	41680605	242785982	170949178	9736279
1495875119695335295	splash2x.barnes	1400	38	1.000000	0.919000	0.974000	700874738	226	1605899	41670384	243071046	170849895	9599709
1495875120204453471	splash2x.barnes	1400	38	1.000000	0.919000	0.974000	700848992	224	1618639	41645785	242901680	171055714	9321385
1495875120713764481	splash2x.barnes	1400	37	1.000000	0.918000	0.973000	700849532	4850	1412113	53265497	133007123	106201075	11433094
1495875121222895283	splash2x.barnes	1400	37	1.000000	0.807000	0.855000	700848512	224	1616154	41638416	242539483	170769512	9241554
1495875121732085835	splash2x.barnes	1400	38	1.000000	0.918000	0.973000	700854606	226	1492080	41524014	242442731	169449915	11208864
1495875122241260762	splash2x.barnes	1400	38	1.000000	0.924000	0.979000	700856492	224	1485736	41550947	242604063	169524753	11499466
1495875122750365939	splash2x.barnes	1400	38	1.000000	0.926000	0.981000	700859482	230	1493827	41584257	242665113	169580084	11210087
1495875123259483657	splash2x.barnes	1400	38	1.000000	0.924000	0.979000	700856072	224	1469080	41535259	242585609	169210726	11459897
1495875123768717834	splash2x.barnes	1400	38	1.000000	0.925000	0.980000	700852866	226	1477196	41622192	242765803	169420165	11056596
1495875124277856386	splash2x.barnes	1400	38	1.000000	0.924000	0.979000	700853286	224	1454966	41524734	242490495	168754433	11287328
1495875124787186229	splash2x.barnes	1400	38	1.000000	0.923000	0.978000	700847908	222	1546465	41644009	242563353	169888992	10090149
1495875125296410239	splash2x.barnes	1400	38	1.000000	0.918000	0.973000	700844860	224	1633320	41670726	242752589	170994120	8943259
1495875125805592249	splash2x.barnes	1400	38	1.000000	0.917000	0.972000	700844232	226	1618359	41667962	242668111	170872625	9270692
1495875126314802551	splash2x.barnes	1400	38	1.000000	0.920000	0.975000	700855220	224	1520652	41655785	242940979	170148030	10740783
1495875126824131352	splash2x.barnes	1400	38	1.000000	0.924000	0.979000	700856842	228	1511739	41596099	242825207	169867381	11139429
1495875127333209904	splash2x.barnes	1400	38	1.000000	0.924000	0.979000	701009174	226	1538304	41704045	243244745	170604636	10764955
1495875127842399164	splash2x.barnes	1400	37	1.000000	0.923000	0.978000	700855776	226	1478407	41645603	243104435	169834608	11477648
1495875128351625508	splash2x.barnes	1400	38	1.000000	0.925000	0.980000	700862386	224	1483055	41660793	243104044	169819619	11260279
1495875128860988309	splash2x.barnes	1400	38	1.000000	0.926000	0.981000	700968166	226	1471358	41594239	242778113	169176148	11182957
1495875129370067195	splash2x.barnes	1400	38	1.000000	0.925000	0.980000	700853830	224	1455355	41651789	242884617	169186915	10865593
1495875129879252371	splash2x.barnes	1400	38	1.000000	0.922000	0.977000	700847470	226	1622557	41683958	242936984	171085471	8921946
1495875130388369423	splash2x.barnes	1400	38	1.000000	0.918000	0.973000	700839546	224	1571606	41674073	243299406	170879918	9279654
1495875130897651308	splash2x.barnes	1400	38	1.000000	0.917000	0.972000	700931274	3037	1447515	40577031	209983132	154010714	9499536
1495875131407672734	splash2x.fmm	1400	37	1.000000	0.483000	0.514000	477901085	44536	2937792	45920647	114058063	131425134	8363153
1495875131917667535	splash2x.fmm	1400	37	1.000000	0.777000	0.823000	700959839	68170	4365706	64246433	162150876	192161612	12479666
1495875132427831335	splash2x.fmm	1400	37	1.000000	0.780000	0.826000	700851197	67516	4333272	66650022	165402166	193681845	12318619
1495875132937980010	splash2x.fmm	1400	37	1.000000	0.777000	0.823000	700945205	65902	4258564	68760348	167828799	193816666	12106136
1495875133447751103	splash2x.fmm	1400	37	1.000000	0.771000	0.817000	700876568	14373	1091996	42354377	105262554	97635751	4758620
1495875133957719029	splash2x.fmm	1400	37	1.000000	0.751000	0.794000	700856068	53419	1975038	45722894	138517173	141552083	11681409
1495875134467077205	splash2x.fmm	1400	37	1.000000	0.788000	0.835000	700847108	232	4298552	44460051	104927759	155632042	13346865
1495875134976372632	splash2x.fmm	1400	37	1.000000	0.831000	0.880000	700851064	237	442986	25117553	136252742	150311243	4205342
1495875135485495851	splash2x.fmm	1400	37	1.000000	0.835000	0.883000	700834900	226	360337	26832006	138320360	160538033	3753467
1495875135994674402	splash2x.fmm	1400	37	1.000000	0.855000	0.904000	700863956	224	371296	25464107	132470509	153943664	3750444
1495875136503839537	splash2x.fmm	1400	37	1.000000	0.847000	0.897000	700957348	226	372261	25012636	130582818	151481440	3728980
1495875137013092464	splash2x.fmm	1400	37	1.000000	0.833000	0.882000	700860732	224	359418	26656744	137522227	159698466	3799389
1495875137522434641	splash2x.fmm	1400	37	1.000000	0.851000	0.902000	700854060	226	365291	26469858	136748871	158782729	3801622
1495875138031654401	splash2x.fmm	1400	37	1.000000	0.853000	0.904000	700975444	224	353661	31496950	158887722	185992419	3669125
1495875138540954119	splash2x.fmm	1400	37	1.000000	0.837000	0.887000	700927452	232	340362	41893984	199500071	234329928	3847477
1495875139050157796	splash2x.fmm	1400	37	1.000000	0.938000	0.994000	700866640	233	2605482	47443555	95218953	130507247	10070123
1495875139559408764	splash2x.fmm	1400	37	1.000000	0.739000	0.783000	700857928	231	1025420	28908307	133493000	139713507	6030204
1495875140068672357	splash2x.fmm	1400	37	1.000000	0.831000	0.880000	700847972	224	371872	25282751	131742628	152832294	3702741
1495875140577865118	splash2x.fmm	1400	37	1.000000	0.822000	0.871000	700868264	226	367316	26685462	137714618	159973153	3716992
1495875141087078419	splash2x.fmm	1400	37	1.000000	0.840000	0.890000	700855380	222	367703	26784823	138102936	160538008	3771157
1495875141596347471	splash2x.fmm	1400	37	1.000000	0.850000	0.901000	700850720	224	385331	24415341	128107882	148741878	3753095
1495875142105578398	splash2x.fmm	1400	37	1.000000	0.828000	0.877000	700971808	224	370508	25952480	134578366	156443497	3720673
1495875142614798241	splash2x.fmm	1400	37	1.000000	0.848000	0.898000	701146480	230	367715	27062058	139270910	161748152	3786481
1495875143123974335	splash2x.fmm	1400	37	1.000000	0.853000	0.904000	700953948	224	374965	25547947	132908455	154413596	3750700
1495875143633140053	splash2x.fmm	1400	37	1.000000	0.847000	0.897000	700952220	226	308742	41022598	200253895	236076073	3606875
1495875144142319771	splash2x.fmm	1400	37	1.000000	0.942000	0.998000	700952676	227	297534	42043703	139462291	159147798	5739817
1495875144651663698	splash2x.fmm	1400	37	1.000000	0.801000	0.849000	700962112	240	3261555	42180930	119591634	146055456	10428745
1495875145160751000	splash2x.fmm	1400	37	1.000000	0.796000	0.843000	700956956	224	383076	24559883	128694295	149381783	3680146
1495875145670082968	splash2x.fmm	1400	37	1.000000	0.825000	0.874000	700948956	226	366992	25942285	134511793	156256535	3699980
1495875146179284770	splash2x.fmm	1400	37	1.000000	0.836000	0.886000	701118444	226	368404	26053161	135061919	156710640	3702474
1495875146688411238	splash2x.fmm	1400	37	1.000000	0.841000	0.891000	700952698	228	375987	25401073	132241422	153614498	3761204
1495875147197582290	splash2x.fmm	1400	37	1.000000	0.832000	0.881000	700956938	224	372808	25560465	132941460	154295678	3749461
1495875147706830425	splash2x.fmm	1400	37	1.000000	0.835000	0.885000	701025276	226	371388	25900908	134387401	156017350	3734388
1495875148216148769	splash2x.fmm	1400	37	1.000000	0.835000	0.885000	700852204	224	370416	25578203	133027122	154454985	3715113
1495875148725421820	splash2x.fmm	1400	37	1.000000	0.834000	0.884000	700849988	226	339424	34406659	171447027	201159501	3668684
1495875149234647205	splash2x.fmm	1400	37	1.000000	0.870000	0.922000	700848586	226	318264	43465358	184871462	215906750	4191899
1495875149743979924	splash2x.fmm	1400	37	1.000000	0.938000	0.994000	700871986	239	3055090	47408760	91260988	128844454	10867764
1495875150253170100	splash2x.fmm	1400	37	1.000000	0.723000	0.766000	701028544	227	509761	24895690	142024173	146254164	4813602
1495875150762330652	splash2x.fmm	1400	37	1.000000	0.829000	0.878000	700858280	228	380664	25560100	132954514	154411676	3673774
1495875151271765787	splash2x.fmm	1400	37	1.000000	0.843000	0.893000	700850048	224	375420	26199934	135641701	157594194	3695374
1495875151781139630	splash2x.fmm	1400	37	1.000000	0.850000	0.901000	700844508	226	372854	25828679	134068158	155790789	3722797
1495875152290298140	splash2x.fmm	1400	37	1.000000	0.849000	0.899000	700853412	224	379985	25055845	130767382	151860076	3750788
1495875152799509442	splash2x.fmm	1400	37	1.000000	0.825000	0.874000	700852588	228	373461	26096103	135132296	157143959	3764199
1495875153308679160	splash2x.fmm	1400	37	1.000000	0.853000	0.904000	700851650	224	373217	26354844	136273219	158262030	3775642
1495875153817829379	splash2x.fmm	1400	37	1.000000	0.841000	0.891000	700848374	226	358301	28158992	144246658	167934789	3674996
1495875154327050431	splash2x.fmm	1400	37	1.000000	0.951000	1.008000	700919028	226	298246	41392824	201866273	237890556	3618289
1495875154836407441	splash2x.fmm	1400	37	1.000000	0.938000	0.994000	700846838	237	777521	39255906	113599502	132205165	8834597
1495875155345515034	splash2x.fmm	1400	37	1.000000	0.729000	0.772000	700855462	231	2777132	41730917	131489666	155816720	7379253
1495875155854673128	splash2x.fmm	1400	37	1.000000	0.829000	0.878000	700849016	226	385015	24966955	130438267	151549929	3666112
1495875156363847471	splash2x.fmm	1400	37	1.000000	0.831000	0.880000	700853816	224	370561	25516131	132807083	154116708	3646367
1495875156873010231	splash2x.fmm	1400	37	1.000000	0.844000	0.894000	700856176	226	370126	26287718	136010377	157999032	3730409
1495875157382271741	splash2x.fmm	1400	37	1.000000	0.838000	0.888000	700958506	224	374383	25578626	132978317	154424264	3786267
1495875157891449001	splash2x.fmm	1400	37	1.000000	0.830000	0.879000	700881702	222	379624	25523421	132756278	154209674	3728556
1495875158400541720	splash2x.fmm	1400	37	1.000000	0.838000	0.888000	700946376	226	368200	26093224	135199558	156883086	3711843
1495875158909811313	splash2x.fmm	1400	37	1.000000	0.848000	0.898000	700883212	228	376253	25651360	133286888	154924966	3740432
1495875159418955865	splash2x.fmm	1400	37	1.000000	0.838000	0.888000	700868268	224	332565	37189668	183525964	215908807	3664196
1495875159928187417	splash2x.fmm	1400	37	1.000000	0.938000	0.995000	700871570	228	312193	45068628	169126940	196385930	4554267
1495875160438550634	splash2x.radiosity	1400	37	1.000000	0.740000	0.784000	477493323	15374	1258708	34427658	83819651	87758633	7004267
1495875160948509851	splash2x.radiosity	1400	37	1.000000	0.769000	0.815000	701010263	68670	4396046	62286158	159318652	190694440	12502675
1495875161458314527	splash2x.radiosity	1400	37	1.000000	0.774000	0.820000	700867937	67786	4370185	65309253	163603188	193149867	12338805
1495875161968270078	splash2x.radiosity	1400	37	1.000000	0.780000	0.826000	701018176	66917	4338971	68166242	167350416	194757572	12188561
1495875162478194462	splash2x.radiosity	1400	37	1.000000	0.779000	0.825000	700854948	72867	3218056	61555253	170234517	178677131	11718372
1495875162988173637	splash2x.radiosity	1400	37	1.000000	0.780000	0.826000	700913982	73635	1688308	55257596	171848837	159007783	12850351
1495875163498079896	splash2x.radiosity	1400	37	1.000000	0.783000	0.828000	700936324	83276	2036013	55985149	180710917	165531302	11332801
1495875164008082364	splash2x.radiosity	1400	37	1.000000	0.784000	0.831000	700932416	83600	2002372	58150096	182869815	167119234	11490729
1495875164517927790	splash2x.radiosity	1400	37	1.000000	0.742000	0.786000	700866868	30522	516771	20639713	79818304	49696683	25580765
1495875165027201133	splash2x.radiosity	1400	37	1.000000	0.861000	0.912000	700856097	224	5885486	125827927	239479676	321939801	20603612
1495875165536225060	splash2x.radiosity	1400	37	1.000000	0.995000	1.054000	700873584	228	5009348	123512180	250490107	313428732	17499056
1495875166045214487	splash2x.radiosity	1400	37	1.000000	0.993000	1.052000	700985725	224	4320457	118498341	254635997	300509419	14622516
1495875166554222747	splash2x.radiosity	1400	38	1.000000	0.982000	1.040000	700959103	228	4827527	119464110	253373771	303703768	15606418
1495875167063434174	splash2x.radiosity	1400	38	1.000000	0.990000	1.049000	700804084	224	5707360	117596067	245851405	306042179	16096337
1495875167572463726	splash2x.radiosity	1400	38	1.000000	0.969000	1.027000	700780989	226	5331498	121559909	247134330	312896763	17362691
1495875168081455945	splash2x.radiosity	1400	38	1.000000	0.989000	1.048000	700782191	224	6165196	121916059	237534828	317112143	19749546
1495875168590465997	splash2x.radiosity	1400	38	1.000000	0.995000	1.054000	700776988	226	6009453	120588738	237528432	313799139	20244164
1495875169099535757	splash2x.radiosity	1400	38	1.000000	0.989000	1.048000	700791856	224	6136066	121311128	238228989	316102502	18589952
1495875169608709559	splash2x.radiosity	1400	38	1.000000	0.988000	1.047000	700791416	226	5009888	118226494	254821200	305636647	12069171
1495875170117735361	splash2x.radiosity	1400	38	1.000000	0.982000	1.040000	700853979	226	4829136	118226174	254402276	304180425	12099793
1495875170626729038	splash2x.radiosity	1400	38	1.000000	0.975000	1.033000	700791018	228	5702493	117812567	250365528	311078653	13658150
1495875171135731298	splash2x.radiosity	1400	38	1.000000	0.981000	1.039000	700791821	224	5189785	117088095	254501909	304167007	12384923
1495875171644852892	splash2x.radiosity	1400	38	1.000000	0.977000	1.035000	700790532	226	4885938	113800695	261766991	296916814	9738567
1495875172153970402	splash2x.radiosity	1400	38	1.000000	0.974000	1.032000	700823739	224	5428017	114368294	258042933	301487552	10005812
1495875172662924038	splash2x.radiosity	1400	38	1.000000	0.974000	1.032000	700790215	226	4322464	114645639	264662152	295613383	7567763
1495875173171928090	splash2x.radiosity	1400	38	1.000000	0.967000	1.025000	700779770	224	4074737	112102695	265485035	290082475	8416283
1495875173681086433	splash2x.radiosity	1400	38	1.000000	0.970000	1.028000	700778719	226	4484343	114349242	260511489	294672842	8531154
1495875174190049735	splash2x.radiosity	1400	38	1.000000	0.967000	1.025000	700856784	226	4450098	115226130	260108688	293402958	9446411
1495875174699062704	splash2x.radiosity	1400	38	1.000000	0.970000	1.028000	700784443	228	5327781	112868907	257554950	300041730	8054660
1495875175208045339	splash2x.radiosity	1400	38	1.000000	0.959000	1.016000	700788686	220	5065591	110557057	259946380	292986948	9590056
1495875175717174724	splash2x.radiosity	1400	38	1.000000	0.954000	1.011000	700779950	226	5824744	108823823	254110809	299512988	10229551
1495875176226273151	splash2x.radiosity	1400	38	1.000000	0.969000	1.027000	700888672	224	4625847	113148538	265111490	293127594	7990072
1495875176735653619	splash2x.radiosity	1400	38	1.000000	0.955000	1.012000	700778142	226	5054162	119533511	261126136	306366884	9708916
1495875177244655213	splash2x.radiosity	1400	38	1.000000	0.971000	1.029000	700904997	224	4995653	113653234	259422409	295575180	9367088
1495875177753637224	splash2x.radiosity	1400	38	1.000000	0.975000	1.033000	700890282	226	4381110	120144412	269912192	298460414	6703753
1495875178262733525	splash2x.radiosity	1400	38	1.000000	0.974000	1.032000	700892696	224	6163460	130822712	246924308	329061023	11175876
1495875178771882994	splash2x.radiosity	1400	38	1.000000	0.986000	1.046000	700985240	230	6058181	128163264	243223913	321834299	13237946
1495875179280981337	splash2x.radiosity	1400	38	1.000000	0.982000	1.040000	700888135	224	6194293	120067620	248594819	314122383	9519515
1495875179790029139	splash2x.radiosity	1400	38	1.000000	0.965000	1.022000	700884913	226	6067178	118897642	248050890	311074304	8632878
1495875180299006150	splash2x.radiosity	1400	38	1.000000	0.968000	1.026000	700897383	224	5376885	118880406	255499988	308156361	6384866
1495875180808087327	splash2x.radiosity	1400	38	1.000000	0.961000	1.018000	700896574	226	4225224	121756136	268688121	301259707	4836945
1495875181317128837	splash2x.radiosity	1400	38	1.000000	0.958000	1.015000	700888502	224	4998453	115747127	261921890	298772033	6453482
1495875181826229722	splash2x.radiosity	1400	38	1.000000	0.962000	1.019000	700898240	226	4587136	105847526	255833558	277323543	8893723
1495875182335311274	splash2x.radiosity	1400	38	1.000000	0.946000	1.002000	700887563	223	4838057	103532514	254510199	277462498	9524012
1495875182844393201	splash2x.radiosity	1400	38	1.000000	0.957000	1.014000	700942037	229	5194457	114970251	256069957	297232726	9856107
1495875183353379920	splash2x.radiosity	1400	38	1.000000	0.980000	1.039000	700927251	224	5363543	115581286	257130640	301938467	8825114
1495875183862599222	splash2x.radiosity	1400	38	1.000000	0.967000	1.025000	700886221	226	5811529	114289479	254190645	304446520	8624600
1495875184371639440	splash2x.radiosity	1400	38	1.000000	0.966000	1.023000	700887252	224	5688120	120654298	252920659	311982262	8013272
1495875184880698700	splash2x.radiosity	1400	38	1.000000	0.974000	1.032000	700892647	226	4816196	119675832	263942147	299816918	8779969
1495875185389811211	splash2x.radiosity	1400	38	1.000000	0.968000	1.026000	700900653	224	4549557	115391097	264754540	289944978	8065742
1495875185898767179	splash2x.radiosity	1400	38	1.000000	0.962000	1.019000	700959428	226	4995214	112493155	262914166	292105550	8008533
1495875186407744607	splash2x.radiosity	1400	38	1.000000	0.969000	1.027000	700791496	226	5382583	109501481	267062343	298581821	8090728
1495875186916804492	splash2x.radiosity	1400	38	1.000000	0.958000	1.015000	700793716	228	4150925	101210336	280470964	279405740	7728233
1495875187425796627	splash2x.radiosity	1400	38	1.000000	0.972000	1.030000	700790085	224	4863779	110697912	271332216	293272733	9114904
1495875187934969721	splash2x.radiosity	1400	38	1.000000	0.969000	1.028000	700786108	226	5548706	111842207	259896949	300543351	11291238
1495875188444007689	splash2x.radiosity	1400	38	1.000000	0.972000	1.030000	700788843	224	5063799	110643985	267844421	296895127	11646989
1495875188953019241	splash2x.radiosity	1400	38	1.000000	0.969000	1.028000	700788060	226	5574351	109647070	267230952	300778418	7324665
1495875189461993002	splash2x.radiosity	1400	38	1.000000	0.969000	1.028000	700787332	224	5234465	111293338	264350324	296660450	9145498
1495875189971166012	splash2x.radiosity	1400	38	1.000000	0.971000	1.030000	700784399	226	4318105	106373373	271690447	278210495	7598658
1495875190480122856	splash2x.radiosity	1400	38	1.000000	0.968000	1.027000	700793358	224	4777242	112601421	269923945	295393872	5630694
1495875190989227824	splash2x.radiosity	1400	38	1.000000	0.969000	1.028000	700889998	230	5157466	114689522	263400039	299276930	11101127
1495875191498179668	splash2x.radiosity	1400	38	1.000000	0.972000	1.031000	700777752	224	5207521	111954164	264727504	296583581	9655970
1495875192007161970	splash2x.radiosity	1400	38	1.000000	0.965000	1.023000	700786997	226	5264304	113462043	261575581	299288127	9003367
1495875192516227230	splash2x.radiosity	1400	38	1.000000	0.965000	1.023000	700781048	224	5475033	112890127	257587139	299321615	7910443
1495875193025308241	splash2x.radiosity	1400	38	1.000000	0.965000	1.023000	700784928	226	5318805	115983903	256989792	301877272	10117032
1495875193534300626	splash2x.radiosity	1400	38	1.000000	0.966000	1.024000	700786298	222	4793441	114250214	262084736	292601040	8474215
1495875194043243845	splash2x.radiosity	1400	38	1.000000	0.966000	1.023000	700780857	224	5163926	110867386	262419676	293856080	8575090
1495875194552289605	splash2x.radiosity	1400	38	1.000000	0.956000	1.013000	700775808	224	4758676	114231119	267095473	293654093	7255354
1495875195061377740	splash2x.radiosity	1400	38	1.000000	0.962000	1.020000	700979572	226	4571548	110097270	259398895	284510095	7294710
1495875195570370917	splash2x.radiosity	1400	38	1.000000	0.948000	1.005000	700801040	226	4250672	108906266	259383696	277168582	6318089
1495875196079426886	splash2x.radiosity	1400	38	1.000000	0.944000	1.001000	700850244	224	4974505	106042046	263124021	286223356	8184767
1495875196588377563	splash2x.radiosity	1400	38	1.000000	0.966000	1.024000	700775074	226	5597298	107337439	257779169	294668254	9633252
1495875197097494948	splash2x.radiosity	1400	38	1.000000	0.966000	1.024000	700797650	224	4747079	107205820	262341877	284139416	8724589
1495875197606548625	splash2x.radiosity	1400	38	1.000000	0.963000	1.020000	700794792	226	4724293	105701326	257164527	280222804	9238296
1495875198115565510	splash2x.radiosity	1400	38	1.000000	0.956000	1.014000	700785200	224	4962659	107940497	253285049	284157154	8277874
1495875198624643687	splash2x.radiosity	1400	38	1.000000	0.956000	1.014000	700807112	228	4648325	102521366	249056687	271119567	8503220
1495875199133668656	splash2x.radiosity	1400	38	1.000000	0.945000	1.001000	700799318	224	4768291	100551584	246892826	269563212	10290058
1495875199642687791	splash2x.radiosity	1400	38	1.000000	0.947000	1.003000	700868234	226	4286018	93875701	231665767	247672237	10775663
1495875200151785968	splash2x.radiosity	1400	38	1.000000	0.928000	0.983000	700791048	224	3205127	72399328	196895477	189647662	13283842
1495875200660976353	splash2x.radiosity	1400	38	1.000000	0.897000	0.950000	700790156	226	1414443	43018792	149420060	106358245	16388751
1495875201169931322	splash2x.radiosity	1400	37	1.000000	0.801000	0.849000	700793076	257	2013812	184901571	194017727	66755332	11530986
1495875201678960624	splash2x.radiosity	1400	37	1.000000	0.732000	0.775000	700783880	226	1900500	208996726	208156190	55314908	14715638
1495875202188178551	splash2x.radiosity	1400	37	1.000000	0.719000	0.762000	514627046	3063	1083733	74460794	136248194	112090416	3343477
1495875202698016560	splash2x.raytrace	1400	37	1.000000	0.760000	0.806000	664160975	62715	4106796	62648661	156553919	182120811	11682739
1495875203208449152	splash2x.raytrace	1400	37	1.000000	0.775000	0.821000	700861614	67816	4354442	64329456	161827387	191668172	12443747
1495875203718322869	splash2x.raytrace	1400	37	1.000000	0.775000	0.821000	700980518	67014	4313376	67088201	165541375	193316960	12284664
1495875204228067420	splash2x.raytrace	1400	37	1.000000	0.779000	0.824000	700790823	56576	4185530	77796166	175182616	201346754	11265746
1495875204737380764	splash2x.raytrace	1400	37	1.000000	0.811000	0.859000	700936176	1541	1067056	82873681	213199586	179546469	54430331
1495875205246453732	splash2x.raytrace	1400	37	1.000000	1.015000	1.075000	700846117	264	364634	71478878	208432290	164659659	66321083
1495875205755642534	splash2x.raytrace	1400	37	1.000000	1.015000	1.075000	700840267	226	445132	69879979	208292038	165615774	66686533
1495875206264857627	splash2x.raytrace	1400	37	1.000000	1.017000	1.079000	700846866	224	381405	71370983	208534948	165500111	67191846
1495875206774088637	splash2x.raytrace	1400	37	1.000000	1.019000	1.081000	700847272	228	363524	70752893	209402850	165181675	66349016
1495875207283286273	splash2x.raytrace	1400	38	1.000000	1.015000	1.075000	700861312	224	352018	70484327	210559344	165667628	65834274
1495875207792450074	splash2x.raytrace	1400	38	1.000000	1.015000	1.075000	700932684	228	291676	69662094	208663570	164200047	66937197
1495875208301583918	splash2x.raytrace	1400	37	1.000000	1.017000	1.078000	700853422	224	348276	67940516	207874378	164193993	66697854
1495875208810677803	splash2x.raytrace	1400	38	1.000000	1.015000	1.076000	700851778	226	418691	67491533	208141793	164906891	67095364
1495875209319912605	splash2x.raytrace	1400	38	1.000000	1.015000	1.076000	700843832	224	405548	67979834	207958510	165217467	67407985
1495875209829055865	splash2x.raytrace	1400	38	1.000000	1.016000	1.077000	700856608	226	334337	68688506	207197355	163958188	67718338
1495875210338177917	splash2x.raytrace	1400	38	1.000000	1.015000	1.076000	700847760	224	270750	68824231	207011169	163092611	67348072
1495875210847409802	splash2x.raytrace	1400	38	1.000000	1.016000	1.077000	700851022	224	310150	68525697	207111914	163157198	67215561
1495875211356637187	splash2x.raytrace	1400	38	1.000000	1.015000	1.076000	700866006	224	326857	68946710	208162085	164168217	66496725
1495875211865997988	splash2x.raytrace	1400	38	1.000000	1.016000	1.077000	700932855	228	243046	69344101	209771786	164154369	66429514
1495875212375134749	splash2x.raytrace	1400	38	1.000000	1.017000	1.079000	700974537	224	297362	70505419	209156840	164303289	66818067
1495875212884520842	splash2x.raytrace	1400	38	1.000000	1.019000	1.081000	700932183	226	342449	69087548	207403294	163769711	66766363
1495875213393629644	splash2x.raytrace	1400	38	1.000000	1.016000	1.077000	700950944	224	354045	68167074	206644357	163189655	66934333
1495875213902741029	splash2x.raytrace	1400	38	1.000000	1.017000	1.079000	700956645	226	315674	68104892	206563247	162572969	67415636
1495875214411889831	splash2x.raytrace	1400	38	1.000000	1.014000	1.075000	701011162	224	337984	67972684	206113111	162544071	67240300
1495875214921141049	splash2x.raytrace	1400	38	1.000000	1.014000	1.075000	700849542	228	370562	70612990	208317100	165220136	67986646
1495875215430287893	splash2x.raytrace	1400	38	1.000000	1.022000	1.084000	700846028	224	371042	69543750	207761463	164418386	68113498
1495875215939364986	splash2x.raytrace	1400	38	1.000000	1.019000	1.081000	700957638	228	311202	69139459	207621249	164287470	67510609
1495875216448348080	splash2x.raytrace	1400	38	1.000000	1.019000	1.081000	700853428	224	318984	68871063	208016916	163747123	67697791
1495875216957472298	splash2x.raytrace	1400	38	1.000000	1.015000	1.076000	700842278	226	314278	68106596	206123692	162492874	68167382
1495875217466648934	splash2x.raytrace	1400	38	1.000000	1.015000	1.076000	700860204	224	310654	67626212	206553983	162772770	67951787
1495875217975739610	splash2x.raytrace	1400	38	1.000000	1.016000	1.077000	700847592	226	354279	68654537	208462507	164577134	67258252
1495875218484970996	splash2x.raytrace	1400	38	1.000000	1.017000	1.079000	700842272	224	327770	69695239	209400753	164635870	66292708
1495875218994138797	splash2x.raytrace	1400	38	1.000000	1.018000	1.080000	700838248	228	311370	68745608	208716607	163927332	68000297
1495875219503194308	splash2x.raytrace	1400	38	1.000000	1.019000	1.081000	700847208	224	315569	68485358	208572903	164044793	68454844
1495875220012382359	splash2x.raytrace	1400	38	1.000000	1.016000	1.077000	700934511	242	301636	68143855	205605678	161638122	67508547
1495875220521768203	splash2x.raytrace	1400	38	1.000000	1.012000	1.073000	700837592	224	283699	67709721	206334247	161853336	68128424
1495875221031042213	splash2x.raytrace	1400	38	1.000000	1.016000	1.077000	700849232	226	290520	67264840	207167068	162555330	68413879
1495875221540137181	splash2x.raytrace	1400	38	1.000000	1.016000	1.077000	700852965	224	251043	67642341	206479245	161479317	67861067
1495875222049318941	splash2x.raytrace	1400	38	1.000000	1.012000	1.072000	700854100	226	282027	67207970	206935742	161593835	68156583
1495875222558320618	splash2x.raytrace	1400	38	1.000000	1.017000	1.079000	700848130	224	331793	67970049	209316126	164172159	68529106
1495875223067504962	splash2x.raytrace	1400	38	1.000000	1.019000	1.080000	700842810	228	395957	68236865	209642689	165693816	68398925
1495875223576706388	splash2x.raytrace	1400	38	1.000000	1.021000	1.083000	700833608	224	395410	68079766	209360446	165565699	68399537
1495875224086019440	splash2x.raytrace	1400	38	1.000000	1.017000	1.079000	701035952	228	374037	67834164	208534102	164732884	68349764
1495875224595127034	splash2x.raytrace	1400	38	1.000000	1.022000	1.083000	700835244	226	323114	66884714	207438564	163032500	68142782
1495875225104274669	splash2x.raytrace	1400	38	1.000000	1.017000	1.078000	700879440	224	362148	67189607	207581435	163783994	68321252
1495875225613321471	splash2x.raytrace	1400	38	1.000000	1.017000	1.078000	700962056	226	370290	67590470	207318070	163703951	67065079
1495875226122456606	splash2x.raytrace	1400	38	1.000000	1.014000	1.075000	700812306	224	315564	68349485	206904917	163365264	66987546
1495875226631635324	splash2x.raytrace	1400	38	1.000000	1.017000	1.079000	700847657	228	258038	69104542	207153738	162958257	68033347
1495875227140719293	splash2x.raytrace	1400	38	1.000000	1.017000	1.079000	700860933	224	233400	67990109	206980442	162530001	67630784
1495875227650043595	splash2x.raytrace	1400	38	1.000000	1.017000	1.078000	700944772	228	317555	67640514	206396410	162882780	68089383
1495875228159424979	splash2x.raytrace	1400	38	1.000000	1.015000	1.076000	700850256	224	284214	67548457	206421515	162784730	68019968
1495875228668536698	splash2x.raytrace	1400	38	1.000000	1.016000	1.076000	700845800	226	319868	67575673	208597385	163494778	68546578
1495875229177658916	splash2x.raytrace	1400	38	1.000000	1.016000	1.077000	700838362	220	302037	67210698	208129390	163264476	68275065
1495875229686845468	splash2x.raytrace	1400	38	1.000000	1.017000	1.078000	700850046	226	373690	67490181	209059086	164617801	68291293
1495875230195963812	splash2x.raytrace	1400	38	1.000000	1.017000	1.078000	700851390	224	415212	67589104	210051832	165949506	68578838
1495875230705142030	splash2x.raytrace	1400	38	1.000000	1.019000	1.080000	700852512	228	425088	67794147	211143219	166575325	69149120
1495875231214276540	splash2x.raytrace	1400	38	1.000000	1.022000	1.083000	700857262	224	418215	67173376	211575954	166507610	69144121
1495875231723373884	splash2x.raytrace	1400	38	1.000000	1.022000	1.083000	700978344	228	348694	66565702	207482010	163123864	68207586
1495875232232530811	splash2x.raytrace	1400	38	1.000000	1.015000	1.075000	700850094	224	380019	66597468	208653334	164262919	68738651
1495875232741759529	splash2x.raytrace	1400	38	1.000000	1.019000	1.080000	700854744	226	364833	65979607	206009312	162446906	67287722
1495875233251041581	splash2x.raytrace	1400	38	1.000000	1.014000	1.074000	700961614	224	373830	66491687	207272983	163733613	67649440
1495875233760221924	splash2x.raytrace	1400	38	1.000000	1.014000	1.074000	700850115	226	300569	69276216	207217856	163577936	67372816
1495875234269517893	splash2x.raytrace	1400	38	1.000000	1.016000	1.076000	700853012	224	189463	70087198	206814149	162382959	67131334
1495875234779041402	splash2x.raytrace	1400	38	1.000000	1.015000	1.075000	700857116	228	289124	67950161	207047996	162990188	67163452
1495875235288359037	splash2x.raytrace	1400	38	1.000000	1.014000	1.074000	700867732	224	349780	68182443	208575698	164419692	67556818
1495875235797477506	splash2x.raytrace	1400	38	1.000000	1.017000	1.078000	700946912	228	302881	67026664	207358579	162773589	68502285
1495875236306612766	splash2x.raytrace	1400	38	1.000000	1.015000	1.075000	700851264	226	282385	68248342	208456561	163101289	69222104
1495875236815733984	splash2x.raytrace	1400	38	1.000000	1.019000	1.080000	700862456	224	317832	67935366	208066912	163632199	68467849
1495875237325035078	splash2x.raytrace	1400	38	1.000000	1.017000	1.078000	700880977	226	429288	67504433	210428717	166096153	68653423
1495875237834187546	splash2x.raytrace	1400	38	1.000000	1.021000	1.082000	700849756	224	376354	67699925	209428211	164945986	68662232
1495875238343286348	splash2x.raytrace	1400	38	1.000000	1.017000	1.078000	700854876	226	397897	67590305	210573795	165853351	68958109
1495875238852483816	splash2x.raytrace	1400	38	1.000000	1.022000	1.084000	700848748	226	405012	67531962	209693973	165510122	68526735
1495875239361590410	splash2x.raytrace	1400	38	1.000000	1.019000	1.081000	700849110	226	351041	67136488	208490838	163890936	68523557
1495875239870943378	splash2x.raytrace	1400	38	1.000000	1.016000	1.076000	700925790	226	337933	66594527	207910196	163597434	68088493
1495875240380042763	splash2x.raytrace	1400	38	1.000000	1.014000	1.074000	700847947	226	359612	66482745	206757374	163445810	67058531
1495875240889247149	splash2x.raytrace	1400	38	1.000000	1.012000	1.072000	700857516	224	264891	68104808	207762629	163610648	65783094
1495875241398380742	splash2x.raytrace	1400	38	1.000000	1.012000	1.073000	700851208	226	312185	68219068	208957837	164638821	66228740
1495875241907771044	splash2x.raytrace	1400	38	1.000000	1.013000	1.073000	700845987	224	364866	68523060	209372509	165199066	67397136
1495875242417030304	splash2x.raytrace	1400	38	1.000000	1.018000	1.079000	700843977	226	346415	67581242	208605643	164366354	68097455
1495875242926288647	splash2x.raytrace	1400	38	1.000000	1.017000	1.079000	700966440	226	321818	67876597	209182670	164325787	68357021
1495875243435394740	splash2x.raytrace	1400	38	1.000000	1.018000	1.079000	700853081	226	275941	67367893	207562826	163379564	67480618
1495875243944536501	splash2x.raytrace	1400	38	1.000000	1.015000	1.075000	700933108	226	341039	67367367	208594253	164508063	68237357
1495875244453628553	splash2x.raytrace	1400	38	1.000000	1.016000	1.076000	700861196	226	378710	67416831	208855511	165001904	68317477
1495875244962731396	splash2x.raytrace	1400	38	1.000000	1.018000	1.079000	700852603	224	391041	67209241	208548207	164830080	67955537
1495875245471861448	splash2x.raytrace	1400	38	1.000000	1.018000	1.079000	700848575	226	410254	67120150	209680756	165808997	68223787
1495875245981165375	splash2x.raytrace	1400	38	1.000000	1.015000	1.076000	700856334	224	271622	67517757	208240078	163704261	66899856
1495875246490286760	splash2x.raytrace	1400	38	1.000000	1.011000	1.072000	700851903	226	257919	68482860	208944242	163979237	65337197
1495875246999529645	splash2x.raytrace	1400	38	1.000000	1.015000	1.075000	700838493	226	327962	68319417	209245368	164638439	66537931
1495875247508717280	splash2x.raytrace	1400	38	1.000000	1.014000	1.075000	700966868	222	297288	68374532	208940092	164710058	65574862
1495875248017998582	splash2x.raytrace	1400	38	1.000000	1.012000	1.072000	701026956	226	380298	67985472	209935946	165804603	66679962
1495875248527098133	splash2x.raytrace	1400	38	1.000000	1.013000	1.074000	700947856	226	446256	67963116	210563151	166923849	66745165
1495875249036266435	splash2x.raytrace	1400	38	1.000000	1.015000	1.076000	700946619	224	320442	68478360	209224320	164819249	64791848
1495875249546258778	splash2x.water_nsquared	1400	38	1.000000	1.009000	1.070000	479693973	28999	2030240	47889761	126285480	125563313	18611007
1495875250056207370	splash2x.water_nsquared	1400	37	1.000000	0.606000	0.643000	701109411	68580	4380022	63349650	160761640	191238335	12568792
1495875250566420254	splash2x.water_nsquared	1400	37	1.000000	0.777000	0.822000	700967121	67374	4355241	65814308	164048687	192985602	12427649
1495875251076374679	splash2x.water_nsquared	1400	37	1.000000	0.777000	0.823000	701092880	66662	4317190	68642877	167848118	194623365	12257231
1495875251585826189	splash2x.water_nsquared	1400	37	1.000000	0.786000	0.833000	701009148	29067	3019660	112083883	247707482	254029250	10315975
1495875252095088283	splash2x.water_nsquared	1400	38	1.000000	1.121000	1.189000	700921496	224	1170324	150695418	487102982	412185030	12618640
1495875252604220668	splash2x.water_nsquared	1400	38	1.000000	1.158000	1.228000	700984284	226	1213517	151984566	483802934	410019995	12545985
1495875253113315720	splash2x.water_nsquared	1400	38	1.000000	1.161000	1.231000	700823767	224	1120272	152447559	487279071	412912888	12516332
1495875253622459313	splash2x.water_nsquared	1400	38	1.000000	1.163000	1.233000	700815091	226	1183190	150809898	486454688	410872580	12481383
1495875254131588740	splash2x.water_nsquared	1400	39	1.000000	1.165000	1.236000	700814474	224	1150132	153282444	484924028	411670785	12529156
1495875254640701625	splash2x.water_nsquared	1400	38	1.000000	1.163000	1.233000	700821411	226	1195658	152057266	484024752	409981289	12617097
1495875255149824344	splash2x.water_nsquared	1400	38	1.000000	1.164000	1.235000	701007487	228	1534076	150017779	475245314	408142730	12468861
1495875255659143854	splash2x.water_nsquared	1400	39	1.000000	1.156000	1.226000	700821565	224	1401036	151370172	471384127	401704686	12083289
1495875256168278530	splash2x.water_nsquared	1400	39	1.000000	1.150000	1.220000	700855942	226	1452593	154989458	461972878	395952444	11604215
1495875256677737207	splash2x.water_nsquared	1400	39	1.000000	1.146000	1.215000	700847368	224	1397539	157360107	455363143	391578088	11448085
1495875257187060175	splash2x.water_nsquared	1400	39	1.000000	1.142000	1.211000	700956315	228	1333915	158048195	451221840	386386135	11250921
1495875257696226810	splash2x.water_nsquared	1400	39	1.000000	1.138000	1.207000	700853788	224	1295359	159926524	445678314	381537319	11158332
1495875258205334362	splash2x.water_nsquared	1400	39	1.000000	1.136000	1.205000	700850572	226	1414906	161564180	438910892	377885181	10703788
1495875258714517706	splash2x.water_nsquared	1400	39	1.000000	1.129000	1.197000	700846536	236	1492165	155117786	414484720	358898753	11234454
1495875259223793466	splash2x.water_nsquared	1400	39	1.000000	1.126000	1.194000	700941335	228	1928407	147032705	472052561	410403583	12218679
1495875259732989267	splash2x.water_nsquared	1400	39	1.000000	1.124000	1.192000	700849980	224	1940192	144828248	473939154	409567348	12405951
1495875260242138278	splash2x.water_nsquared	1400	39	1.000000	1.167000	1.238000	700844579	230	1899241	146943867	472262211	408383268	12245074
1495875260751388204	splash2x.water_nsquared	1400	39	1.000000	1.169000	1.240000	700833080	224	1940262	146429009	472885542	410324219	12211992
1495875261260578714	splash2x.water_nsquared	1400	39	1.000000	1.168000	1.239000	700862498	226	1918466	145094638	474218059	409394141	12381132
1495875261769834974	splash2x.water_nsquared	1400	39	1.000000	1.171000	1.242000	700942820	224	1902547	147449483	472322807	409095645	12270108
1495875262278956401	splash2x.water_nsquared	1400	39	1.000000	1.169000	1.240000	700845273	226	1931583	145587158	473469358	410378589	12476997
1495875262788179995	splash2x.water_nsquared	1400	39	1.000000	1.172000	1.243000	700841759	226	1864310	145428691	473496716	407975817	12604664
1495875263297287671	splash2x.water_nsquared	1400	39	1.000000	1.170000	1.241000	701042866	228	1816936	149730109	466806617	404144345	12063730
1495875263806591265	splash2x.water_nsquared	1400	39	1.000000	1.169000	1.240000	700853165	224	1845384	149924272	460481393	399128963	11864602
1495875264315655150	splash2x.water_nsquared	1400	39	1.000000	1.159000	1.229000	700850051	226	1882042	151333878	453510568	393641454	11543420
1495875264824935118	splash2x.water_nsquared	1400	39	1.000000	1.154000	1.224000	700841478	224	1938902	154068794	446413620	389116687	11002768
1495875265334025295	splash2x.water_nsquared	1400	39	1.000000	1.151000	1.221000	700846868	226	1746266	157387505	440860849	384335078	11156375
1495875265843199264	splash2x.water_nsquared	1400	39	1.000000	1.141000	1.210000	700843484	220	1735799	158162535	436418992	380473045	10898146
1495875266352331232	splash2x.water_nsquared	1400	39	1.000000	1.138000	1.207000	700850068	226	1728270	159029947	431903833	376258410	10720268
1495875266861590117	splash2x.water_nsquared	1400	39	1.000000	1.139000	1.208000	700850582	230	2282106	142303581	424894117	375184086	11966335
1495875267370734294	splash2x.water_nsquared	1400	39	1.000000	1.087000	1.153000	700939794	228	1924872	146200318	472456169	408326729	12284876
1495875267880041721	splash2x.water_nsquared	1400	39	1.000000	1.169000	1.240000	700845713	224	1891295	147195131	472943307	410425898	12342935
1495875268389157648	splash2x.water_nsquared	1400	39	1.000000	1.171000	1.242000	700841459	226	1925989	145025657	474260150	409693632	12342480
1495875268898377866	splash2x.water_nsquared	1400	39	1.000000	1.168000	1.239000	700844149	224	1904443	147081100	472536347	408694605	12230067
1495875269407547126	splash2x.water_nsquared	1400	39	1.000000	1.169000	1.240000	700843704	226	1919556	146352506	473400705	410495691	12321720
1495875269916785636	splash2x.water_nsquared	1400	39	1.000000	1.168000	1.239000	700842099	224	1940819	144988321	473675306	409122899	12461418
1495875270426075521	splash2x.water_nsquared	1400	39	1.000000	1.169000	1.240000	700839052	226	1880427	147397925	472133732	408937154	12433653
1495875270935249906	splash2x.water_nsquared	1400	39	1.000000	1.169000	1.240000	700849656	226	1818427	146615953	472136410	407668753	12471798
1495875271444473916	splash2x.water_nsquared	1400	39	1.000000	1.171000	1.242000	701049687	228	1893205	148179349	463859520	401162100	12060928
1495875271953795676	splash2x.water_nsquared	1400	39	1.000000	1.163000	1.233000	700847275	224	1878149	152258938	456098804	396397305	11469438
1495875272463047103	splash2x.water_nsquared	1400	39	1.000000	1.155000	1.225000	700851125	226	1806243	153941233	450011110	391601772	11455994
1495875272972282405	splash2x.water_nsquared	1400	39	1.000000	1.150000	1.220000	700843769	224	1771904	154541758	445722449	386858602	11174927
1495875273481536540	splash2x.water_nsquared	1400	39	1.000000	1.148000	1.218000	700859969	226	1825582	156147836	438468367	382100576	11072066
1495875273990736966	splash2x.water_nsquared	1400	39	1.000000	1.141000	1.210000	700851101	224	1907016	157848144	432418652	378659293	10642201
1495875274499960893	splash2x.water_nsquared	1400	39	1.000000	1.134000	1.203000	700851672	232	2065536	153556477	410532096	362666354	11081539
1495875275009197278	splash2x.water_nsquared	1400	39	1.000000	1.105000	1.172000	700860052	228	1907538	144706751	464316484	403346100	12310608
1495875275518418872	splash2x.water_nsquared	1400	39	1.000000	1.169000	1.240000	701040930	228	1934746	144797700	473973363	409831618	12459224
1495875276027635882	splash2x.water_nsquared	1400	39	1.000000	1.171000	1.242000	700845216	224	1906900	146352589	472602581	408115765	12273952
1495875276536797142	splash2x.water_nsquared	1400	39	1.000000	1.169000	1.240000	700845294	226	1923987	147116440	472615765	410400665	12209943
1495875277046169027	splash2x.water_nsquared	1400	39	1.000000	1.170000	1.241000	700845550	224	1919277	145017502	474332030	409806334	12410495
1495875277555294953	splash2x.water_nsquared	1400	39	1.000000	1.170000	1.241000	700847533	226	1913918	147060692	472440917	408688140	12243390
1495875278064458714	splash2x.water_nsquared	1400	39	1.000000	1.171000	1.242000	700845079	224	1907257	146186604	473238295	410287694	12524463
1495875278573755932	splash2x.water_nsquared	1400	39	1.000000	1.169000	1.240000	700848483	226	1868156	145078212	474049959	408449249	12601392
1495875279083085733	splash2x.water_nsquared	1400	39	1.000000	1.172000	1.243000	700852669	226	1820489	149407511	467173761	404016182	12087558
1495875279592283077	splash2x.water_nsquared	1400	39	1.000000	1.166000	1.237000	700932683	228	1854219	150145882	459940014	399160654	11916984
1495875280101557087	splash2x.water_nsquared	1400	39	1.000000	1.158000	1.228000	700850218	224	1849416	151265182	454558839	394025232	11528240
1495875280610659055	splash2x.water_nsquared	1400	39	1.000000	1.153000	1.223000	700846103	226	1931582	153556159	446528392	389030651	11106692
1495875281120001274	splash2x.water_nsquared	1400	39	1.000000	1.146000	1.215000	700971797	224	1788038	157027313	440897693	384539480	11169858
1495875281629119492	splash2x.water_nsquared	1400	39	1.000000	1.144000	1.213000	700846559	226	1735282	158388690	436347011	380677520	10912991
1495875282138377002	splash2x.water_nsquared	1400	39	1.000000	1.141000	1.210000	700846988	224	1721113	159277785	432261951	376621531	10719207
1495875282647609596	splash2x.water_nsquared	1400	39	1.000000	1.132000	1.201000	700966818	230	2331264	147009112	422824704	383328914	11427846
1495875283156752147	splash2x.water_nsquared	1400	39	1.000000	1.153000	1.223000	700943507	226	2197853	145938769	441797134	403717861	12216626
1495875283666025324	splash2x.water_nsquared	1400	39	1.000000	1.157000	1.227000	701160596	228	2257957	146488232	439230666	405412928	12185742
1495875284175198501	splash2x.water_nsquared	1400	39	1.000000	1.157000	1.227000	700941011	224	2201929	146582612	441774986	404296004	12079711
1495875284684435011	splash2x.water_nsquared	1400	39	1.000000	1.154000	1.224000	700954177	222	2252151	146133227	440027166	405514941	12219462
1495875285193600896	splash2x.water_nsquared	1400	39	1.000000	1.156000	1.226000	701056112	226	2163756	144911462	443586643	404847038	12420405
1495875285702965906	splash2x.water_nsquared	1400	39	1.000000	1.157000	1.227000	700944749	224	2207037	146604961	440526671	404077584	12420196
1495875286212130999	splash2x.water_nsquared	1400	39	1.000000	1.155000	1.225000	700949151	226	2118465	146709994	440070635	403135339	12409670
1495875286721451968	splash2x.water_nsquared	1400	39	1.000000	1.158000	1.228000	701058413	228	2072095	148311132	437212448	398340874	12056054
1495875287230600728	splash2x.water_nsquared	1400	39	1.000000	1.150000	1.220000	700957630	226	2144488	151850020	429602165	393507591	11606853
1495875287739825863	splash2x.water_nsquared	1400	39	1.000000	1.150000	1.220000	700944336	224	2053670	154936869	424376552	389830210	11489240
1495875288248981165	splash2x.water_nsquared	1400	39	1.000000	1.143000	1.212000	700944014	226	1962239	156068867	422324124	385840684	11346897
1495875288758094592	splash2x.water_nsquared	1400	39	1.000000	1.142000	1.211000	700948822	224	1982567	157598909	417541726	381788602	11292136
1495875289267371477	splash2x.water_nsquared	1400	39	1.000000	1.135000	1.204000	700952412	226	2059836	159762855	412903390	378889473	10765249
1495875289776620403	splash2x.water_nsquared	1400	39	1.000000	1.132000	1.201000	700951884	1805	2124347	157575244	398494305	367959076	10833759
