#Timestamp	CPU(0) Frequency(MHz)	CPU(0) Temperature(C)	A7 Voltage(V)	A7 Current(A)	A7 Power(W)	CPU(4) Frequency(MHz)	CPU(4) Temperature(C)	A15 Voltage(V)	A15 Current(A)	A15 Power(W)	GPU Frequency(MHz)	GPU Temperature(C)	GPU Voltage(V)	GPU Current(A)	GPU Power(W)	RAM Voltage(V)	RAM Current(A)	RAM Power(W)
1495874958733655847	1400 42 1.200000 0.215000 0.270000 1400 37 1.000000 0.310000 0.333000 600 39 0.900000 0.070000 0.069000 1.200000 0.027000 0.032000
1495874959243593023	1400 42 1.200000 0.099000 0.126000 1400 37 1.000000 0.769000 0.815000 600 39 0.900000 0.070000 0.069000 1.200000 0.015000 0.018000
1495874959753420157	1400 42 1.200000 0.100000 0.127000 1400 37 1.000000 0.774000 0.820000 600 39 0.900000 0.070000 0.069000 1.200000 0.011000 0.013000
1495874960263182500	1400 43 1.200000 0.098000 0.124000 1400 37 1.000000 0.781000 0.827000 600 39 0.900000 0.070000 0.069000 1.200000 0.012000 0.014000
1495874960773223509	1400 42 1.200000 0.104000 0.132000 1400 37 1.000000 0.778000 0.824000 600 40 0.900000 0.070000 0.069000 1.200000 0.045000 0.054000
1495874961282658977	1400 42 1.200000 0.103000 0.131000 1400 37 1.000000 0.789000 0.836000 600 40 0.900000 0.070000 0.069000 1.200000 0.061000 0.074000
1495874961792378195	1400 44 1.200000 0.100000 0.127000 1400 38 1.000000 0.784000 0.831000 600 40 0.900000 0.070000 0.069000 1.200000 0.063000 0.076000
1495874962301717663	1400 44 1.200000 0.101000 0.128000 1400 38 1.000000 0.925000 0.980000 600 40 0.900000 0.071000 0.070000 1.200000 0.043000 0.052000
1495874962811352256	1400 44 1.200000 0.104000 0.132000 1400 38 1.000000 0.916000 0.970000 600 40 0.900000 0.071000 0.070000 1.200000 0.045000 0.054000
1495874963320697182	1400 45 1.200000 0.097000 0.123000 1400 38 1.000000 0.948000 1.004000 600 40 0.900000 0.071000 0.070000 1.200000 0.034000 0.041000
1495874963829995734	1400 44 1.200000 0.097000 0.123000 1400 38 1.000000 0.951000 1.008000 600 40 0.900000 0.071000 0.070000 1.200000 0.033000 0.040000
1495874964339158619	1400 44 1.200000 0.099000 0.126000 1400 38 1.000000 0.944000 1.001000 600 40 0.900000 0.071000 0.070000 1.200000 0.035000 0.042000
1495874964848494337	1400 45 1.200000 0.098000 0.124000 1400 38 1.000000 0.909000 0.964000 600 40 0.900000 0.071000 0.070000 1.200000 0.027000 0.032000
1495874965357638639	1400 45 1.200000 0.101000 0.128000 1400 38 1.000000 0.924000 0.980000 600 40 0.900000 0.071000 0.070000 1.200000 0.032000 0.038000
1495874965866907691	1400 45 1.200000 0.101000 0.128000 1400 38 1.000000 0.955000 1.012000 600 40 0.900000 0.071000 0.070000 1.200000 0.034000 0.041000
1495874966376326825	1400 45 1.200000 0.104000 0.132000 1400 38 1.000000 0.940000 0.997000 600 40 0.900000 0.071000 0.070000 1.200000 0.031000 0.037000
1495874966885506044	1400 44 1.200000 0.103000 0.131000 1400 38 1.000000 0.943000 1.000000 600 40 0.900000 0.071000 0.070000 1.200000 0.029000 0.035000
1495874967394829470	1400 44 1.200000 0.099000 0.126000 1400 38 1.000000 0.942000 0.999000 600 40 0.900000 0.071000 0.070000 1.200000 0.022000 0.026000
1495874967904220647	1400 44 1.200000 0.096000 0.122000 1400 38 1.000000 0.871000 0.923000 600 40 0.900000 0.070000 0.069000 1.200000 0.015000 0.018000
1495874968413528657	1400 43 1.200000 0.096000 0.122000 1400 38 1.000000 0.863000 0.914000 600 40 0.900000 0.071000 0.070000 1.200000 0.016000 0.019000
1495874968922976375	1400 44 1.200000 0.097000 0.123000 1400 38 1.000000 0.863000 0.914000 600 40 0.900000 0.071000 0.070000 1.200000 0.016000 0.019000
1495874969432434676	1400 43 1.200000 0.096000 0.122000 1400 38 1.000000 0.871000 0.923000 600 40 0.900000 0.071000 0.070000 1.200000 0.017000 0.020000
1495874969941945311	1400 43 1.200000 0.095000 0.120000 1400 38 1.000000 0.854000 0.905000 600 40 0.900000 0.071000 0.070000 1.200000 0.015000 0.018000
1495874970451469154	1400 43 1.200000 0.096000 0.122000 1400 38 1.000000 0.867000 0.919000 600 40 0.900000 0.070000 0.069000 1.200000 0.014000 0.017000
1495874970961077705	1400 43 1.200000 0.097000 0.123000 1400 38 1.000000 0.856000 0.907000 600 40 0.900000 0.070000 0.069000 1.200000 0.015000 0.018000
1495874971471024131	1400 43 1.200000 0.102000 0.129000 1400 38 1.000000 0.858000 0.909000 600 40 0.900000 0.071000 0.070000 1.200000 0.014000 0.017000
1495874971980512682	1400 43 1.200000 0.096000 0.122000 1400 38 1.000000 0.860000 0.911000 600 40 0.900000 0.071000 0.070000 1.200000 0.016000 0.019000
1495874972490012234	1400 43 1.200000 0.103000 0.131000 1400 38 1.000000 0.857000 0.908000 600 40 0.900000 0.070000 0.069000 1.200000 0.017000 0.020000
1495874972999440618	1400 43 1.200000 0.100000 0.127000 1400 38 1.000000 0.862000 0.913000 600 40 0.900000 0.070000 0.069000 1.200000 0.015000 0.018000
1495874973508844128	1400 43 1.200000 0.097000 0.123000 1400 38 1.000000 0.858000 0.909000 600 40 0.900000 0.070000 0.069000 1.200000 0.015000 0.018000
1495874974018235471	1400 43 1.200000 0.098000 0.124000 1400 38 1.000000 0.855000 0.906000 600 40 0.900000 0.070000 0.069000 1.200000 0.014000 0.017000
1495874974527701565	1400 43 1.200000 0.100000 0.127000 1400 38 1.000000 0.867000 0.919000 600 40 0.900000 0.071000 0.070000 1.200000 0.014000 0.017000
1495874975037118908	1400 43 1.200000 0.101000 0.128000 1400 38 1.000000 0.868000 0.920000 600 40 0.900000 0.070000 0.069000 1.200000 0.014000 0.017000
1495874975546542667	1400 43 1.200000 0.102000 0.129000 1400 38 1.000000 0.848000 0.898000 600 39 0.900000 0.070000 0.069000 1.200000 0.012000 0.014000
1495874976056100927	1400 43 1.200000 0.100000 0.127000 1400 37 1.000000 0.843000 0.893000 600 40 0.900000 0.070000 0.069000 1.200000 0.013000 0.015000
1495874976565468229	1400 43 1.200000 0.097000 0.123000 1400 38 1.000000 0.825000 0.874000 600 39 0.900000 0.071000 0.070000 1.200000 0.011000 0.013000
1495874977074788655	1400 43 1.200000 0.095000 0.120000 1400 37 1.000000 0.846000 0.896000 600 39 0.900000 0.070000 0.069000 1.200000 0.013000 0.015000
1495874977584126873	1400 43 1.200000 0.094000 0.119000 1400 38 1.000000 0.835000 0.885000 600 39 0.900000 0.070000 0.069000 1.200000 0.013000 0.015000
1495874978093480175	1400 43 1.200000 0.096000 0.122000 1400 38 1.000000 0.848000 0.898000 600 39 0.900000 0.070000 0.069000 1.200000 0.011000 0.013000
1495874978602835143	1400 43 1.200000 0.096000 0.122000 1400 37 1.000000 0.843000 0.893000 600 39 0.900000 0.071000 0.070000 1.200000 0.013000 0.015000
1495874979112144320	1400 43 1.200000 0.100000 0.127000 1400 37 1.000000 0.837000 0.887000 600 39 0.900000 0.070000 0.069000 1.200000 0.015000 0.018000
1495874979621519746	1400 43 1.200000 0.099000 0.125000 1400 37 1.000000 0.844000 0.894000 600 39 0.900000 0.070000 0.069000 1.200000 0.015000 0.018000
1495874980130748881	1400 43 1.200000 0.097000 0.123000 1400 37 1.000000 0.834000 0.884000 600 39 0.900000 0.070000 0.069000 1.200000 0.015000 0.018000
1495874980640205266	1400 43 1.200000 0.099000 0.126000 1400 37 1.000000 0.846000 0.896000 600 39 0.900000 0.070000 0.069000 1.200000 0.013000 0.015000
1495874981149568026	1400 43 1.200000 0.096000 0.122000 1400 37 1.000000 0.844000 0.894000 600 39 0.900000 0.070000 0.069000 1.200000 0.013000 0.015000
1495874981658928911	1400 43 1.200000 0.097000 0.123000 1400 37 1.000000 0.840000 0.890000 600 39 0.900000 0.070000 0.069000 1.200000 0.014000 0.017000
1495874982168198171	1400 43 1.200000 0.096000 0.122000 1400 37 1.000000 0.836000 0.886000 600 39 0.900000 0.070000 0.069000 1.200000 0.013000 0.015000
1495874982677674514	1400 43 1.200000 0.094000 0.119000 1400 37 1.000000 0.845000 0.895000 600 39 0.900000 0.070000 0.069000 1.200000 0.015000 0.018000
1495874983187200357	1400 43 1.200000 0.097000 0.123000 1400 37 1.000000 0.839000 0.889000 600 39 0.900000 0.070000 0.069000 1.200000 0.016000 0.019000
1495874983696614033	1400 43 1.200000 0.100000 0.127000 1400 37 1.000000 0.838000 0.888000 600 39 0.900000 0.070000 0.069000 1.200000 0.014000 0.016000
1495874984205942918	1400 43 1.200000 0.101000 0.128000 1400 37 1.000000 0.841000 0.891000 600 39 0.900000 0.070000 0.069000 1.200000 0.013000 0.015000
1495874984715321386	1400 43 1.200000 0.101000 0.128000 1400 37 1.000000 0.840000 0.890000 600 39 0.900000 0.070000 0.069000 1.200000 0.013000 0.015000
1495874985224693521	1400 43 1.200000 0.101000 0.128000 1400 37 1.000000 0.844000 0.894000 600 39 0.900000 0.070000 0.069000 1.200000 0.011000 0.013000
1495874985734140823	1400 43 1.200000 0.096000 0.122000 1400 37 1.000000 0.847000 0.897000 600 39 0.900000 0.070000 0.069000 1.200000 0.012000 0.014000
1495874986245317413	1400 43 1.200000 0.095000 0.120000 1400 37 1.000000 0.837000 0.887000 600 39 0.900000 0.070000 0.069000 1.200000 0.015000 0.018000
1495874986755559505	1400 43 1.200000 0.217000 0.272000 1400 37 1.000000 0.843000 0.893000 600 39 0.900000 0.070000 0.069000 1.200000 0.060000 0.073000
1495874987265279723	1400 43 1.200000 0.117000 0.148000 1400 37 1.000000 0.837000 0.887000 600 39 0.900000 0.070000 0.069000 1.200000 0.021000 0.025000
1495874987775010274	1400 43 1.200000 0.112000 0.142000 1400 37 1.000000 0.841000 0.891000 600 39 0.900000 0.070000 0.069000 1.200000 0.022000 0.026000
1495874988284443784	1400 43 1.200000 0.103000 0.131000 1400 37 1.000000 0.837000 0.887000 600 39 0.900000 0.070000 0.069000 1.200000 0.014000 0.016000
1495874988793856252	1400 43 1.200000 0.096000 0.122000 1400 37 1.000000 0.835000 0.885000 600 39 0.900000 0.070000 0.069000 1.200000 0.013000 0.015000
1495874989303279803	1400 43 1.200000 0.100000 0.127000 1400 37 1.000000 0.840000 0.890000 600 39 0.900000 0.070000 0.069000 1.200000 0.013000 0.015000
1495874989812697355	1400 43 1.200000 0.101000 0.128000 1400 37 1.000000 0.836000 0.886000 600 39 0.900000 0.070000 0.069000 1.200000 0.012000 0.014000
1495874990322155781	1400 43 1.200000 0.095000 0.121000 1400 37 1.000000 0.846000 0.896000 600 39 0.900000 0.070000 0.069000 1.200000 0.014000 0.017000
1495874990831623749	1400 42 1.200000 0.096000 0.122000 1400 37 1.000000 0.848000 0.898000 600 39 0.900000 0.070000 0.069000 1.200000 0.012000 0.014000
1495874991343147215	1400 43 1.200000 0.096000 0.122000 1400 37 1.000000 0.824000 0.873000 600 39 0.900000 0.070000 0.069000 1.200000 0.011000 0.013000
1495874991853209307	1400 43 1.200000 0.109000 0.138000 1400 37 1.000000 0.835000 0.885000 600 39 0.900000 0.070000 0.069000 1.200000 0.025000 0.030000
1495874992362555067	1400 43 1.200000 0.094000 0.119000 1400 37 1.000000 0.834000 0.884000 600 39 0.900000 0.070000 0.069000 1.200000 0.013000 0.015000
1495874992872038535	1400 43 1.200000 0.095000 0.120000 1400 37 1.000000 0.851000 0.902000 600 39 0.900000 0.070000 0.069000 1.200000 0.011000 0.013000
1495874993381576503	1400 43 1.200000 0.096000 0.122000 1400 37 1.000000 0.840000 0.890000 600 39 0.900000 0.070000 0.069000 1.200000 0.013000 0.015000
1495874993891176471	1400 43 1.200000 0.097000 0.123000 1400 37 1.000000 0.846000 0.896000 600 39 0.900000 0.070000 0.069000 1.200000 0.014000 0.017000
1495874994400648814	1400 43 1.200000 0.095000 0.120000 1400 37 1.000000 0.831000 0.880000 600 39 0.900000 0.070000 0.069000 1.200000 0.014000 0.016000
1495874994910172573	1400 43 1.200000 0.100000 0.127000 1400 37 1.000000 0.843000 0.893000 600 39 0.900000 0.070000 0.069000 1.200000 0.014000 0.017000
1495874995419606666	1400 43 1.200000 0.102000 0.129000 1400 37 1.000000 0.840000 0.890000 600 39 0.900000 0.070000 0.069000 1.200000 0.015000 0.018000
1495874995928895510	1400 43 1.200000 0.102000 0.129000 1400 37 1.000000 0.843000 0.893000 600 39 0.900000 0.070000 0.069000 1.200000 0.015000 0.018000
1495874996438204436	1400 43 1.200000 0.099000 0.126000 1400 37 1.000000 0.842000 0.892000 600 39 0.900000 0.070000 0.069000 1.200000 0.015000 0.018000
1495874996947678071	1400 43 1.200000 0.098000 0.124000 1400 37 1.000000 0.852000 0.903000 600 39 0.900000 0.070000 0.069000 1.200000 0.015000 0.018000
1495874997457179956	1400 43 1.200000 0.096000 0.122000 1400 37 1.000000 0.833000 0.882000 600 39 0.900000 0.070000 0.069000 1.200000 0.012000 0.014000
1495874997966614715	1400 43 1.200000 0.098000 0.124000 1400 37 1.000000 0.833000 0.882000 600 39 0.900000 0.070000 0.069000 1.200000 0.013000 0.015000
1495874998475977309	1400 43 1.200000 0.102000 0.129000 1400 37 1.000000 0.835000 0.885000 600 39 0.900000 0.070000 0.069000 1.200000 0.013000 0.015000
1495874998985521152	1400 43 1.200000 0.096000 0.122000 1400 37 1.000000 0.841000 0.891000 600 39 0.900000 0.070000 0.069000 1.200000 0.014000 0.017000
1495874999494982453	1400 43 1.200000 0.095000 0.120000 1400 37 1.000000 0.841000 0.891000 600 39 0.900000 0.070000 0.069000 1.200000 0.013000 0.015000
1495875000004336755	1400 43 1.200000 0.094000 0.119000 1400 37 1.000000 0.847000 0.897000 600 39 0.900000 0.070000 0.069000 1.200000 0.014000 0.017000
1495875000513750431	1400 43 1.200000 0.096000 0.122000 1400 37 1.000000 0.834000 0.884000 600 39 0.900000 0.070000 0.069000 1.200000 0.013000 0.015000
1495875001023284524	1400 43 1.200000 0.099000 0.126000 1400 37 1.000000 0.834000 0.884000 600 39 0.900000 0.070000 0.069000 1.200000 0.014000 0.017000
1495875001532677575	1400 43 1.200000 0.101000 0.128000 1400 37 1.000000 0.841000 0.891000 600 39 0.900000 0.070000 0.069000 1.200000 0.013000 0.015000
1495875002042055460	1400 43 1.200000 0.103000 0.131000 1400 37 1.000000 0.832000 0.881000 600 39 0.900000 0.070000 0.069000 1.200000 0.015000 0.018000
1495875002551558845	1400 43 1.200000 0.099000 0.126000 1400 37 1.000000 0.843000 0.893000 600 39 0.900000 0.070000 0.069000 1.200000 0.015000 0.018000
1495875003061025230	1400 43 1.200000 0.096000 0.122000 1400 37 1.000000 0.844000 0.894000 600 39 0.900000 0.070000 0.069000 1.200000 0.016000 0.019000
1495875003570947864	1400 41 1.200000 0.119000 0.151000 1400 37 1.000000 0.783000 0.829000 600 39 0.900000 0.070000 0.069000 1.200000 0.026000 0.031000
1495875004080720873	1400 42 1.200000 0.100000 0.127000 1400 37 1.000000 0.769000 0.815000 600 39 0.900000 0.070000 0.069000 1.200000 0.026000 0.031000
1495875004590753757	1400 42 1.200000 0.099000 0.126000 1400 37 1.000000 0.775000 0.821000 600 39 0.900000 0.070000 0.069000 1.200000 0.011000 0.013000
1495875005100645350	1400 42 1.200000 0.098000 0.124000 1400 37 1.000000 0.778000 0.824000 600 39 0.900000 0.070000 0.069000 1.200000 0.012000 0.014000
1495875005609911568	1400 42 1.200000 0.101000 0.128000 1400 37 1.000000 0.831000 0.880000 600 39 0.900000 0.070000 0.069000 1.200000 0.020000 0.024000
1495875006119748410	1400 43 1.200000 0.098000 0.124000 1400 37 1.000000 0.918000 0.973000 600 39 0.900000 0.070000 0.069000 1.200000 0.039000 0.047000
1495875006629019670	1400 42 1.200000 0.101000 0.128000 1400 37 1.000000 0.797000 0.844000 600 39 0.900000 0.070000 0.069000 1.200000 0.067000 0.081000
1495875007138117889	1400 42 1.200000 0.101000 0.128000 1400 37 1.000000 0.786000 0.833000 600 39 0.900000 0.070000 0.069000 1.200000 0.042000 0.051000
1495875007647285899	1400 42 1.200000 0.103000 0.131000 1400 37 1.000000 0.758000 0.803000 600 39 0.900000 0.070000 0.069000 1.200000 0.048000 0.058000
1495875008156504243	1400 42 1.200000 0.097000 0.123000 1400 37 1.000000 0.754000 0.799000 600 39 0.900000 0.070000 0.069000 1.200000 0.041000 0.049000
1495875008666297377	1400 41 1.200000 0.097000 0.123000 1400 37 1.000000 0.777000 0.823000 600 39 0.900000 0.070000 0.069000 1.200000 0.046000 0.055000
1495875009175506304	1400 42 1.200000 0.097000 0.123000 1400 37 1.000000 0.757000 0.802000 600 39 0.900000 0.070000 0.069000 1.200000 0.053000 0.064000
1495875009684830063	1400 42 1.200000 0.100000 0.127000 1400 37 1.000000 0.736000 0.780000 600 39 0.900000 0.070000 0.069000 1.200000 0.039000 0.047000
1495875010194014824	1400 41 1.200000 0.101000 0.128000 1400 37 1.000000 0.734000 0.778000 600 39 0.900000 0.070000 0.069000 1.200000 0.038000 0.046000
1495875010703286334	1400 41 1.200000 0.101000 0.128000 1400 37 1.000000 0.720000 0.763000 600 39 0.900000 0.070000 0.069000 1.200000 0.039000 0.047000
1495875011212502802	1400 43 1.200000 0.102000 0.129000 1400 37 1.000000 0.743000 0.787000 600 39 0.900000 0.070000 0.069000 1.200000 0.052000 0.063000
1495875011721827020	1400 44 1.200000 0.099000 0.126000 1400 37 1.000000 0.819000 0.868000 600 40 0.900000 0.070000 0.069000 1.200000 0.036000 0.043000
1495875012231117280	1400 44 1.200000 0.096000 0.122000 1400 38 1.000000 1.272000 1.350000 600 40 0.900000 0.070000 0.069000 1.200000 0.007000 0.008000
1495875012740762956	1400 43 1.200000 0.094000 0.119000 1400 37 1.000000 0.822000 0.871000 600 40 0.900000 0.070000 0.069000 1.200000 0.038000 0.046000
1495875013250235383	1400 44 1.200000 0.098000 0.124000 1400 37 1.000000 0.803000 0.851000 600 39 0.900000 0.070000 0.069000 1.200000 0.049000 0.059000
1495875013759505309	1400 43 1.200000 0.097000 0.123000 1400 38 1.000000 0.922000 0.977000 600 39 0.900000 0.070000 0.069000 1.200000 0.044000 0.053000
1495875014268686570	1400 44 1.200000 0.095000 0.120000 1400 38 1.000000 0.917000 0.972000 600 40 0.900000 0.070000 0.069000 1.200000 0.044000 0.053000
1495875014777851246	1400 43 1.200000 0.095000 0.121000 1400 38 1.000000 0.915000 0.969000 600 40 0.900000 0.070000 0.069000 1.200000 0.043000 0.052000
1495875015287108173	1400 44 1.200000 0.096000 0.122000 1400 38 1.000000 0.932000 0.987000 600 39 0.900000 0.070000 0.069000 1.200000 0.043000 0.052000
1495875015796792891	1400 43 1.200000 0.096000 0.122000 1400 38 1.000000 0.905000 0.959000 600 40 0.900000 0.070000 0.069000 1.200000 0.045000 0.054000
1495875016305981234	1400 44 1.200000 0.101000 0.128000 1400 38 1.000000 0.904000 0.958000 600 39 0.900000 0.070000 0.069000 1.200000 0.043000 0.052000
1495875016815151619	1400 44 1.200000 0.101000 0.128000 1400 38 1.000000 0.902000 0.956000 600 40 0.900000 0.070000 0.069000 1.200000 0.043000 0.052000
1495875017324310421	1400 44 1.200000 0.102000 0.130000 1400 38 1.000000 0.901000 0.955000 600 40 0.900000 0.071000 0.070000 1.200000 0.043000 0.052000
1495875017833463973	1400 43 1.200000 0.100000 0.127000 1400 38 1.000000 0.900000 0.954000 600 40 0.900000 0.070000 0.069000 1.200000 0.043000 0.052000
1495875018342763733	1400 42 1.200000 0.098000 0.124000 1400 37 1.000000 0.869000 0.921000 600 40 0.900000 0.070000 0.069000 1.200000 0.056000 0.068000
1495875018852007118	1400 42 1.200000 0.100000 0.127000 1400 37 1.000000 0.752000 0.797000 600 40 0.900000 0.070000 0.069000 1.200000 0.088000 0.107000
1495875019361301336	1400 42 1.200000 0.102000 0.129000 1400 37 1.000000 0.752000 0.797000 600 40 0.900000 0.070000 0.069000 1.200000 0.087000 0.105000
1495875019870553846	1400 42 1.200000 0.103000 0.131000 1400 37 1.000000 0.752000 0.797000 600 39 0.900000 0.070000 0.069000 1.200000 0.088000 0.107000
1495875020379794065	1400 42 1.200000 0.105000 0.133000 1400 37 1.000000 0.757000 0.802000 600 40 0.900000 0.070000 0.069000 1.200000 0.088000 0.107000
1495875020889162741	1400 42 1.200000 0.104000 0.132000 1400 37 1.000000 0.757000 0.802000 600 40 0.900000 0.070000 0.069000 1.200000 0.084000 0.102000
1495875021398383793	1400 42 1.200000 0.099000 0.126000 1400 37 1.000000 0.760000 0.805000 600 40 0.900000 0.070000 0.069000 1.200000 0.084000 0.102000
1495875021907716969	1400 42 1.200000 0.097000 0.123000 1400 37 1.000000 0.753000 0.798000 600 40 0.900000 0.070000 0.069000 1.200000 0.086000 0.104000
1495875022416988563	1400 42 1.200000 0.097000 0.123000 1400 38 1.000000 0.754000 0.799000 600 40 0.900000 0.070000 0.069000 1.200000 0.084000 0.102000
1495875022926372406	1400 42 1.200000 0.099000 0.126000 1400 37 1.000000 0.749000 0.793000 600 40 0.900000 0.070000 0.069000 1.200000 0.089000 0.108000
1495875023435711166	1400 42 1.200000 0.105000 0.133000 1400 37 1.000000 0.750000 0.793000 600 39 0.900000 0.070000 0.069000 1.200000 0.086000 0.104000
1495875023945214801	1400 42 1.200000 0.104000 0.132000 1400 37 1.000000 0.761000 0.806000 600 40 0.900000 0.070000 0.069000 1.200000 0.086000 0.104000
1495875024454541269	1400 42 1.200000 0.102000 0.129000 1400 37 1.000000 0.756000 0.799000 600 40 0.900000 0.070000 0.069000 1.200000 0.088000 0.107000
1495875024963800195	1400 42 1.200000 0.099000 0.125000 1400 37 1.000000 0.763000 0.807000 600 40 0.900000 0.070000 0.069000 1.200000 0.089000 0.108000
1495875025473064497	1400 42 1.200000 0.099000 0.126000 1400 37 1.000000 0.751000 0.794000 600 39 0.900000 0.070000 0.069000 1.200000 0.088000 0.107000
1495875025982398090	1400 42 1.200000 0.097000 0.123000 1400 37 1.000000 0.750000 0.793000 600 39 0.900000 0.070000 0.069000 1.200000 0.089000 0.108000
1495875026491699475	1400 42 1.200000 0.099000 0.126000 1400 37 1.000000 0.748000 0.791000 600 39 0.900000 0.070000 0.069000 1.200000 0.087000 0.105000
1495875027001238235	1400 42 1.200000 0.097000 0.123000 1400 37 1.000000 0.755000 0.798000 600 39 0.900000 0.070000 0.069000 1.200000 0.087000 0.105000
1495875027510529703	1400 42 1.200000 0.098000 0.124000 1400 37 1.000000 0.757000 0.800000 600 40 0.900000 0.071000 0.070000 1.200000 0.086000 0.104000
1495875028019911755	1400 42 1.200000 0.100000 0.127000 1400 37 1.000000 0.755000 0.800000 600 40 0.900000 0.070000 0.069000 1.200000 0.085000 0.103000
1495875028529154473	1400 42 1.200000 0.101000 0.128000 1400 37 1.000000 0.755000 0.800000 600 39 0.900000 0.070000 0.069000 1.200000 0.084000 0.102000
1495875029038400192	1400 42 1.200000 0.102000 0.129000 1400 37 1.000000 0.749000 0.792000 600 39 0.900000 0.070000 0.069000 1.200000 0.084000 0.102000
1495875029547689076	1400 42 1.200000 0.103000 0.131000 1400 37 1.000000 0.754000 0.799000 600 40 0.900000 0.070000 0.069000 1.200000 0.086000 0.104000
1495875030057137378	1400 42 1.200000 0.098000 0.124000 1400 38 1.000000 0.752000 0.797000 600 39 0.900000 0.070000 0.069000 1.200000 0.087000 0.105000
1495875030566516013	1400 44 1.200000 0.102000 0.129000 1400 38 1.000000 0.759000 0.804000 600 40 0.900000 0.070000 0.069000 1.200000 0.087000 0.105000
1495875031075763064	1400 44 1.200000 0.097000 0.123000 1400 38 1.000000 0.909000 0.963000 600 40 0.900000 0.070000 0.069000 1.200000 0.043000 0.052000
1495875031585070491	1400 43 1.200000 0.098000 0.124000 1400 38 1.000000 0.907000 0.961000 600 40 0.900000 0.070000 0.069000 1.200000 0.043000 0.052000
1495875032094207626	1400 44 1.200000 0.100000 0.127000 1400 38 1.000000 0.904000 0.958000 600 40 0.900000 0.070000 0.069000 1.200000 0.043000 0.052000
1495875032603355261	1400 43 1.200000 0.101000 0.128000 1400 38 1.000000 0.901000 0.955000 600 40 0.900000 0.070000 0.069000 1.200000 0.043000 0.052000
1495875033112628355	1400 43 1.200000 0.102000 0.129000 1400 38 1.000000 0.921000 0.976000 600 40 0.900000 0.071000 0.070000 1.200000 0.044000 0.053000
1495875033622205989	1400 42 1.200000 0.104000 0.132000 1400 38 1.000000 0.928000 0.983000 600 40 0.900000 0.070000 0.069000 1.200000 0.036000 0.043000
1495875034132382915	1400 40 1.200000 0.104000 0.132000 1400 37 1.000000 0.729000 0.771000 600 39 0.900000 0.071000 0.070000 1.200000 0.064000 0.077000
1495875034642416757	1400 42 1.200000 0.099000 0.126000 1400 37 1.000000 0.767000 0.813000 600 39 0.900000 0.070000 0.069000 1.200000 0.036000 0.043000
1495875035152414391	1400 42 1.200000 0.099000 0.126000 1400 37 1.000000 0.774000 0.820000 600 39 0.900000 0.070000 0.069000 1.200000 0.015000 0.018000
1495875035662233817	1400 42 1.200000 0.099000 0.126000 1400 37 1.000000 0.781000 0.827000 600 39 0.900000 0.070000 0.069000 1.200000 0.014000 0.016000
1495875036171364785	1400 41 1.200000 0.100000 0.127000 1400 37 1.000000 0.738000 0.780000 600 39 0.900000 0.070000 0.069000 1.200000 0.014000 0.016000
1495875036680603795	1400 41 1.200000 0.095000 0.120000 1400 37 1.000000 0.652000 0.689000 600 39 0.900000 0.070000 0.069000 1.200000 0.013000 0.015000
1495875037189870055	1400 41 1.200000 0.093000 0.118000 1400 37 1.000000 0.653000 0.690000 600 39 0.900000 0.070000 0.069000 1.200000 0.013000 0.015000
1495875037699138107	1400 41 1.200000 0.097000 0.123000 1400 36 1.000000 0.653000 0.690000 600 39 0.900000 0.070000 0.069000 1.200000 0.014000 0.016000
1495875038208277909	1400 40 1.200000 0.099000 0.126000 1400 36 1.000000 0.653000 0.690000 600 39 0.900000 0.070000 0.069000 1.200000 0.015000 0.018000
1495875038717610377	1400 40 1.200000 0.101000 0.128000 1400 36 1.000000 0.652000 0.689000 600 39 0.900000 0.070000 0.069000 1.200000 0.015000 0.018000
1495875039226836262	1400 40 1.200000 0.100000 0.127000 1400 36 1.000000 0.652000 0.689000 600 39 0.900000 0.070000 0.069000 1.200000 0.015000 0.018000
1495875039736170897	1400 40 1.200000 0.098000 0.124000 1400 36 1.000000 0.652000 0.689000 600 39 0.900000 0.069000 0.068000 1.200000 0.014000 0.016000
1495875040245340824	1400 40 1.200000 0.094000 0.119000 1400 36 1.000000 0.652000 0.689000 600 38 0.900000 0.069000 0.068000 1.200000 0.013000 0.015000
1495875040754684542	1400 40 1.200000 0.095000 0.120000 1400 36 1.000000 0.652000 0.689000 600 38 0.900000 0.069000 0.068000 1.200000 0.014000 0.016000
1495875041263860094	1400 40 1.200000 0.099000 0.126000 1400 36 1.000000 0.652000 0.689000 600 38 0.900000 0.069000 0.068000 1.200000 0.013000 0.015000
1495875041773162187	1400 40 1.200000 0.101000 0.128000 1400 36 1.000000 0.652000 0.689000 600 38 0.900000 0.069000 0.068000 1.200000 0.013000 0.015000
1495875042282306447	1400 40 1.200000 0.099000 0.126000 1400 36 1.000000 0.652000 0.689000 600 38 0.900000 0.070000 0.069000 1.200000 0.013000 0.015000
1495875042791744874	1400 40 1.200000 0.099000 0.126000 1400 36 1.000000 0.652000 0.689000 600 38 0.900000 0.069000 0.068000 1.200000 0.013000 0.015000
1495875043301027425	1400 40 1.200000 0.096000 0.122000 1400 36 1.000000 0.652000 0.689000 600 38 0.900000 0.069000 0.068000 1.200000 0.013000 0.015000
1495875043810257686	1400 40 1.200000 0.094000 0.119000 1400 36 1.000000 0.652000 0.689000 600 38 0.900000 0.069000 0.068000 1.200000 0.013000 0.015000
1495875044319495362	1400 40 1.200000 0.093000 0.118000 1400 36 1.000000 0.652000 0.689000 600 38 0.900000 0.069000 0.068000 1.200000 0.013000 0.015000
1495875044828741539	1400 43 1.200000 0.093000 0.118000 1400 36 1.000000 0.783000 0.829000 600 38 0.900000 0.069000 0.068000 1.200000 0.014000 0.017000
1495875045337919966	1400 43 1.200000 0.101000 0.128000 1400 37 1.000000 0.914000 0.968000 600 39 0.900000 0.070000 0.069000 1.200000 0.028000 0.034000
1495875045847166559	1400 42 1.200000 0.099000 0.126000 1400 37 1.000000 0.915000 0.969000 600 39 0.900000 0.070000 0.069000 1.200000 0.032000 0.038000
1495875046356666694	1400 41 1.200000 0.099000 0.126000 1400 36 1.000000 0.716000 0.757000 600 39 0.900000 0.070000 0.069000 1.200000 0.044000 0.053000
1495875046866053495	1400 41 1.200000 0.099000 0.125000 1400 37 1.000000 0.771000 0.817000 600 39 0.900000 0.070000 0.069000 1.200000 0.039000 0.047000
1495875047375201547	1400 43 1.200000 0.097000 0.123000 1400 37 1.000000 0.767000 0.813000 600 39 0.900000 0.070000 0.069000 1.200000 0.053000 0.064000
1495875047884422599	1400 44 1.200000 0.094000 0.119000 1400 37 1.000000 0.924000 0.979000 600 39 0.900000 0.070000 0.069000 1.200000 0.010000 0.012000
1495875048393759359	1400 44 1.200000 0.094000 0.119000 1400 37 1.000000 0.947000 1.003000 600 39 0.900000 0.070000 0.069000 1.200000 0.004000 0.004000
1495875048902851744	1400 44 1.200000 0.095000 0.120000 1400 37 1.000000 0.959000 1.016000 600 39 0.900000 0.070000 0.069000 1.200000 0.005000 0.006000
1495875049411974171	1400 44 1.200000 0.094000 0.119000 1400 37 1.000000 0.956000 1.013000 600 39 0.900000 0.070000 0.069000 1.200000 0.007000 0.008000
1495875049921292722	1400 44 1.200000 0.093000 0.118000 1400 37 1.000000 0.944000 1.000000 600 39 0.900000 0.070000 0.069000 1.200000 0.004000 0.004000
1495875050430407899	1400 44 1.200000 0.097000 0.123000 1400 37 1.000000 0.946000 1.002000 600 39 0.900000 0.070000 0.069000 1.200000 0.003000 0.003000
1495875050939565784	1400 44 1.200000 0.100000 0.127000 1400 37 1.000000 0.948000 1.004000 600 39 0.900000 0.070000 0.069000 1.200000 0.003000 0.003000
1495875051448698836	1400 44 1.200000 0.100000 0.127000 1400 37 1.000000 0.951000 1.008000 600 39 0.900000 0.070000 0.069000 1.200000 0.003000 0.003000
1495875051957928721	1400 44 1.200000 0.102000 0.129000 1400 37 1.000000 0.944000 1.000000 600 39 0.900000 0.070000 0.069000 1.200000 0.003000 0.003000
1495875052467471064	1400 44 1.200000 0.100000 0.127000 1400 37 1.000000 0.944000 1.000000 600 39 0.900000 0.070000 0.069000 1.200000 0.004000 0.004000
1495875052976720199	1400 44 1.200000 0.096000 0.122000 1400 37 1.000000 0.948000 1.004000 600 39 0.900000 0.070000 0.069000 1.200000 0.006000 0.007000
1495875053485820501	1400 44 1.200000 0.096000 0.122000 1400 38 1.000000 0.946000 1.002000 600 39 0.900000 0.070000 0.069000 1.200000 0.006000 0.007000
1495875053995136928	1400 44 1.200000 0.098000 0.124000 1400 37 1.000000 0.947000 1.003000 600 39 0.900000 0.070000 0.069000 1.200000 0.005000 0.006000
1495875054504395813	1400 44 1.200000 0.101000 0.128000 1400 37 1.000000 0.943000 0.999000 600 39 0.900000 0.070000 0.069000 1.200000 0.003000 0.003000
1495875055013573781	1400 44 1.200000 0.101000 0.128000 1400 38 1.000000 0.945000 1.001000 600 39 0.900000 0.070000 0.069000 1.200000 0.003000 0.003000
1495875055522692250	1400 44 1.200000 0.100000 0.127000 1400 37 1.000000 0.946000 1.002000 600 39 0.900000 0.070000 0.069000 1.200000 0.003000 0.003000
1495875056031927010	1400 44 1.200000 0.099000 0.125000 1400 37 1.000000 0.949000 1.005000 600 39 0.900000 0.070000 0.069000 1.200000 0.004000 0.004000
1495875056541250520	1400 44 1.200000 0.095000 0.120000 1400 38 1.000000 0.945000 1.001000 600 39 0.900000 0.070000 0.069000 1.200000 0.005000 0.006000
1495875057050377197	1400 44 1.200000 0.095000 0.120000 1400 37 1.000000 0.944000 1.000000 600 39 0.900000 0.070000 0.069000 1.200000 0.007000 0.008000
1495875057559482874	1400 44 1.200000 0.094000 0.119000 1400 37 1.000000 0.948000 1.004000 600 39 0.900000 0.070000 0.069000 1.200000 0.006000 0.007000
1495875058068621550	1400 44 1.200000 0.096000 0.122000 1400 38 1.000000 0.948000 1.004000 600 39 0.900000 0.070000 0.069000 1.200000 0.005000 0.006000
1495875058577807810	1400 44 1.200000 0.096000 0.122000 1400 37 1.000000 0.940000 0.996000 600 39 0.900000 0.070000 0.069000 1.200000 0.006000 0.007000
1495875059087042362	1400 44 1.200000 0.094000 0.119000 1400 38 1.000000 0.945000 1.001000 600 39 0.900000 0.070000 0.069000 1.200000 0.004000 0.004000
1495875059596329705	1400 44 1.200000 0.099000 0.125000 1400 37 1.000000 0.948000 1.004000 600 39 0.900000 0.070000 0.069000 1.200000 0.003000 0.003000
1495875060105516216	1400 44 1.200000 0.096000 0.122000 1400 37 1.000000 0.948000 1.004000 600 39 0.900000 0.070000 0.069000 1.200000 0.004000 0.004000
1495875060614676892	1400 44 1.200000 0.097000 0.123000 1400 38 1.000000 0.940000 0.996000 600 39 0.900000 0.070000 0.069000 1.200000 0.008000 0.009000
1495875061123785861	1400 44 1.200000 0.096000 0.122000 1400 38 1.000000 0.948000 1.004000 600 39 0.900000 0.070000 0.069000 1.200000 0.006000 0.007000
1495875061632970704	1400 44 1.200000 0.096000 0.122000 1400 37 1.000000 0.948000 1.004000 600 39 0.900000 0.070000 0.069000 1.200000 0.005000 0.006000
1495875062142261631	1400 44 1.200000 0.102000 0.129000 1400 38 1.000000 0.948000 1.004000 600 39 0.900000 0.070000 0.069000 1.200000 0.004000 0.004000
1495875062651534974	1400 44 1.200000 0.098000 0.124000 1400 38 1.000000 0.942000 0.998000 600 39 0.900000 0.070000 0.069000 1.200000 0.005000 0.006000
1495875063160804734	1400 43 1.200000 0.096000 0.122000 1400 37 1.000000 0.922000 0.977000 600 39 0.900000 0.070000 0.069000 1.200000 0.010000 0.012000
1495875063670078078	1400 42 1.200000 0.100000 0.127000 1400 37 1.000000 0.806000 0.854000 600 39 0.900000 0.070000 0.069000 1.200000 0.042000 0.051000
1495875064179251546	1400 44 1.200000 0.100000 0.127000 1400 37 1.000000 0.872000 0.924000 600 39 0.900000 0.070000 0.069000 1.200000 0.024000 0.029000
1495875064688503014	1400 43 1.200000 0.101000 0.128000 1400 37 1.000000 0.814000 0.862000 600 39 0.900000 0.070000 0.069000 1.200000 0.043000 0.052000
1495875065197720650	1400 43 1.200000 0.102000 0.129000 1400 37 1.000000 0.855000 0.906000 600 39 0.900000 0.070000 0.069000 1.200000 0.029000 0.035000
1495875065707024576	1400 43 1.200000 0.096000 0.122000 1400 37 1.000000 0.866000 0.917000 600 39 0.900000 0.070000 0.069000 1.200000 0.029000 0.035000
1495875066216287628	1400 43 1.200000 0.096000 0.122000 1400 37 1.000000 0.868000 0.920000 600 39 0.900000 0.070000 0.069000 1.200000 0.031000 0.037000
1495875066726281637	1400 42 1.200000 0.154000 0.194000 1400 37 1.000000 0.503000 0.536000 600 39 0.900000 0.070000 0.069000 1.200000 0.032000 0.038000
1495875067236308729	1400 42 1.200000 0.119000 0.151000 1400 37 1.000000 0.503000 0.536000 600 39 0.900000 0.070000 0.069000 1.200000 0.039000 0.047000
1495875067746255447	1400 42 1.200000 0.105000 0.133000 1400 37 1.000000 0.778000 0.824000 600 39 0.900000 0.070000 0.069000 1.200000 0.014000 0.017000
1495875068256114289	1400 42 1.200000 0.104000 0.132000 1400 37 1.000000 0.777000 0.823000 600 39 0.900000 0.070000 0.069000 1.200000 0.014000 0.016000
1495875068765461424	1400 43 1.200000 0.103000 0.131000 1400 37 1.000000 0.781000 0.827000 600 39 0.900000 0.070000 0.069000 1.200000 0.014000 0.016000
1495875069274759101	1400 43 1.200000 0.101000 0.128000 1400 38 1.000000 0.938000 0.994000 600 40 0.900000 0.070000 0.069000 1.200000 0.131000 0.159000
1495875069784100360	1400 44 1.200000 0.104000 0.132000 1400 38 1.000000 0.958000 1.015000 600 40 0.900000 0.070000 0.069000 1.200000 0.131000 0.159000
1495875070293350204	1400 44 1.200000 0.101000 0.128000 1400 38 1.000000 0.959000 1.016000 600 40 0.900000 0.071000 0.070000 1.200000 0.132000 0.161000
1495875070802683130	1400 44 1.200000 0.102000 0.129000 1400 38 1.000000 0.959000 1.016000 600 40 0.900000 0.071000 0.070000 1.200000 0.132000 0.161000
1495875071311995640	1400 44 1.200000 0.103000 0.131000 1400 38 1.000000 0.958000 1.015000 600 40 0.900000 0.071000 0.070000 1.200000 0.132000 0.161000
1495875071821385109	1400 44 1.200000 0.101000 0.128000 1400 38 1.000000 0.960000 1.017000 600 40 0.900000 0.071000 0.070000 1.200000 0.132000 0.161000
1495875072330664077	1400 44 1.200000 0.101000 0.128000 1400 38 1.000000 0.961000 1.018000 600 40 0.900000 0.071000 0.070000 1.200000 0.132000 0.161000
1495875072840102212	1400 44 1.200000 0.106000 0.134000 1400 38 1.000000 0.961000 1.018000 600 41 0.900000 0.071000 0.070000 1.200000 0.132000 0.161000
1495875073349369305	1400 44 1.200000 0.108000 0.137000 1400 39 1.000000 0.958000 1.015000 600 41 0.900000 0.071000 0.070000 1.200000 0.131000 0.159000
1495875073858547857	1400 44 1.200000 0.110000 0.140000 1400 39 1.000000 0.960000 1.017000 600 41 0.900000 0.072000 0.071000 1.200000 0.132000 0.161000
1495875074368082658	1400 44 1.200000 0.109000 0.138000 1400 39 1.000000 0.961000 1.018000 600 41 0.900000 0.071000 0.070000 1.200000 0.132000 0.161000
1495875074877499959	1400 44 1.200000 0.106000 0.134000 1400 39 1.000000 0.957000 1.014000 600 41 0.900000 0.071000 0.070000 1.200000 0.132000 0.161000
1495875075386923678	1400 44 1.200000 0.103000 0.131000 1400 39 1.000000 0.959000 1.016000 600 41 0.900000 0.071000 0.070000 1.200000 0.133000 0.162000
1495875075896294896	1400 45 1.200000 0.106000 0.134000 1400 39 1.000000 0.956000 1.013000 600 41 0.900000 0.071000 0.070000 1.200000 0.132000 0.161000
1495875076405585614	1400 44 1.200000 0.109000 0.138000 1400 39 1.000000 0.957000 1.014000 600 41 0.900000 0.072000 0.071000 1.200000 0.132000 0.161000
1495875076914848832	1400 45 1.200000 0.111000 0.141000 1400 39 1.000000 0.957000 1.014000 600 41 0.900000 0.071000 0.070000 1.200000 0.132000 0.161000
1495875077424189134	1400 45 1.200000 0.108000 0.137000 1400 39 1.000000 0.956000 1.014000 600 41 0.900000 0.072000 0.071000 1.200000 0.132000 0.161000
1495875077933495686	1400 45 1.200000 0.106000 0.134000 1400 39 1.000000 0.956000 1.014000 600 41 0.900000 0.071000 0.070000 1.200000 0.132000 0.161000
1495875078442803404	1400 45 1.200000 0.104000 0.132000 1400 39 1.000000 0.957000 1.014000 600 41 0.900000 0.072000 0.071000 1.200000 0.133000 0.162000
1495875078952085289	1400 45 1.200000 0.104000 0.132000 1400 39 1.000000 0.955000 1.012000 600 41 0.900000 0.072000 0.071000 1.200000 0.132000 0.161000
1495875079461469799	1400 45 1.200000 0.102000 0.129000 1400 39 1.000000 0.955000 1.012000 600 41 0.900000 0.072000 0.071000 1.200000 0.132000 0.161000
1495875079970923725	1400 45 1.200000 0.101000 0.128000 1400 39 1.000000 0.954000 1.011000 600 41 0.900000 0.071000 0.070000 1.200000 0.132000 0.161000
1495875080480147818	1400 45 1.200000 0.104000 0.132000 1400 39 1.000000 0.954000 1.011000 600 41 0.900000 0.072000 0.071000 1.200000 0.131000 0.159000
1495875080989496578	1400 45 1.200000 0.104000 0.132000 1400 39 1.000000 0.955000 1.012000 600 41 0.900000 0.072000 0.071000 1.200000 0.131000 0.159000
1495875081498761880	1400 45 1.200000 0.102000 0.129000 1400 39 1.000000 0.955000 1.012000 600 41 0.900000 0.072000 0.071000 1.200000 0.132000 0.161000
1495875082008132932	1400 45 1.200000 0.105000 0.133000 1400 39 1.000000 0.955000 1.012000 600 41 0.900000 0.072000 0.071000 1.200000 0.132000 0.161000
1495875082517560233	1400 45 1.200000 0.106000 0.134000 1400 39 1.000000 0.956000 1.013000 600 41 0.900000 0.072000 0.071000 1.200000 0.132000 0.161000
1495875083026933326	1400 45 1.200000 0.109000 0.138000 1400 39 1.000000 0.954000 1.011000 600 41 0.900000 0.072000 0.071000 1.200000 0.132000 0.161000
1495875083536237711	1400 45 1.200000 0.102000 0.129000 1400 39 1.000000 0.953000 1.010000 600 41 0.900000 0.072000 0.071000 1.200000 0.132000 0.161000
1495875084045514263	1400 45 1.200000 0.104000 0.132000 1400 39 1.000000 0.955000 1.012000 600 41 0.900000 0.072000 0.071000 1.200000 0.131000 0.159000
1495875084554825023	1400 45 1.200000 0.106000 0.134000 1400 39 1.000000 0.951000 1.008000 600 41 0.900000 0.072000 0.071000 1.200000 0.131000 0.159000
1495875085064138741	1400 45 1.200000 0.103000 0.131000 1400 39 1.000000 0.954000 1.011000 600 41 0.900000 0.072000 0.071000 1.200000 0.131000 0.159000
1495875085573425376	1400 45 1.200000 0.107000 0.136000 1400 39 1.000000 0.955000 1.012000 600 41 0.900000 0.072000 0.071000 1.200000 0.132000 0.161000
1495875086082725261	1400 45 1.200000 0.110000 0.140000 1400 39 1.000000 0.954000 1.011000 600 41 0.900000 0.072000 0.071000 1.200000 0.131000 0.159000
1495875086592251521	1400 45 1.200000 0.110000 0.140000 1400 39 1.000000 0.955000 1.012000 600 41 0.900000 0.072000 0.071000 1.200000 0.131000 0.159000
1495875087101561239	1400 43 1.200000 0.107000 0.136000 1400 39 1.000000 0.954000 1.011000 600 41 0.900000 0.072000 0.071000 1.200000 0.092000 0.111000
1495875087611297707	1400 43 1.200000 0.101000 0.128000 1400 38 1.000000 0.723000 0.767000 600 40 0.900000 0.071000 0.070000 1.200000 0.009000 0.010000
1495875088121339299	1400 43 1.200000 0.101000 0.128000 1400 38 1.000000 0.776000 0.822000 600 40 0.900000 0.071000 0.070000 1.200000 0.008000 0.009000
1495875088631560266	1400 43 1.200000 0.100000 0.127000 1400 38 1.000000 0.780000 0.826000 600 40 0.900000 0.071000 0.070000 1.200000 0.010000 0.012000
1495875089141441900	1400 44 1.200000 0.107000 0.136000 1400 38 1.000000 0.781000 0.827000 600 40 0.900000 0.071000 0.070000 1.200000 0.008000 0.009000
1495875089650970910	1400 42 1.200000 0.103000 0.131000 1400 38 1.000000 0.854000 0.905000 600 40 0.900000 0.071000 0.070000 1.200000 0.033000 0.040000
1495875090160128045	1400 44 1.200000 0.100000 0.127000 1400 38 1.000000 0.791000 0.838000 600 40 0.900000 0.071000 0.070000 1.200000 0.062000 0.075000
1495875090669380805	1400 44 1.200000 0.096000 0.122000 1400 38 1.000000 0.922000 0.977000 600 40 0.900000 0.071000 0.070000 1.200000 0.018000 0.021000
1495875091178601940	1400 44 1.200000 0.099000 0.126000 1400 38 1.000000 0.926000 0.981000 600 40 0.900000 0.071000 0.070000 1.200000 0.014000 0.016000
1495875091687835117	1400 44 1.200000 0.101000 0.128000 1400 38 1.000000 0.928000 0.983000 600 40 0.900000 0.071000 0.070000 1.200000 0.014000 0.016000
1495875092197014043	1400 44 1.200000 0.095000 0.120000 1400 38 1.000000 0.926000 0.981000 600 40 0.900000 0.071000 0.070000 1.200000 0.016000 0.019000
1495875092706221720	1400 44 1.200000 0.096000 0.122000 1400 38 1.000000 0.926000 0.981000 600 40 0.900000 0.070000 0.069000 1.200000 0.016000 0.019000
1495875093215391397	1400 44 1.200000 0.097000 0.123000 1400 38 1.000000 0.927000 0.982000 600 40 0.900000 0.071000 0.070000 1.200000 0.017000 0.020000
1495875093724687199	1400 44 1.200000 0.096000 0.122000 1400 38 1.000000 0.926000 0.981000 600 40 0.900000 0.071000 0.070000 1.200000 0.014000 0.016000
1495875094233828917	1400 44 1.200000 0.095000 0.120000 1400 38 1.000000 0.922000 0.978000 600 40 0.900000 0.070000 0.069000 1.200000 0.017000 0.020000
1495875094742986677	1400 44 1.200000 0.094000 0.119000 1400 38 1.000000 0.921000 0.976000 600 40 0.900000 0.070000 0.069000 1.200000 0.017000 0.020000
1495875095252169604	1400 44 1.200000 0.101000 0.128000 1400 38 1.000000 0.925000 0.980000 600 40 0.900000 0.071000 0.070000 1.200000 0.016000 0.019000
1495875095761371114	1400 44 1.200000 0.104000 0.132000 1400 38 1.000000 0.926000 0.981000 600 40 0.900000 0.071000 0.070000 1.200000 0.014000 0.016000
1495875096270679832	1400 44 1.200000 0.095000 0.120000 1400 38 1.000000 0.926000 0.981000 600 40 0.900000 0.071000 0.070000 1.200000 0.015000 0.018000
1495875096780060092	1400 44 1.200000 0.099000 0.126000 1400 38 1.000000 0.927000 0.982000 600 40 0.900000 0.071000 0.070000 1.200000 0.017000 0.020000
1495875097289222019	1400 44 1.200000 0.097000 0.123000 1400 38 1.000000 0.927000 0.982000 600 40 0.900000 0.070000 0.069000 1.200000 0.015000 0.018000
1495875097798364446	1400 44 1.200000 0.097000 0.123000 1400 38 1.000000 0.927000 0.982000 600 40 0.900000 0.070000 0.069000 1.200000 0.015000 0.018000
1495875098307518414	1400 44 1.200000 0.100000 0.127000 1400 38 1.000000 0.926000 0.981000 600 40 0.900000 0.071000 0.070000 1.200000 0.014000 0.016000
1495875098817027216	1400 44 1.200000 0.103000 0.131000 1400 38 1.000000 0.925000 0.980000 600 40 0.900000 0.070000 0.069000 1.200000 0.018000 0.021000
1495875099326251892	1400 44 1.200000 0.102000 0.129000 1400 38 1.000000 0.921000 0.977000 600 40 0.900000 0.070000 0.069000 1.200000 0.017000 0.020000
1495875099835607194	1400 42 1.200000 0.099000 0.126000 1400 38 1.000000 0.921000 0.976000 600 40 0.900000 0.070000 0.069000 1.200000 0.019000 0.023000
1495875100344849954	1400 43 1.200000 0.099000 0.126000 1400 38 1.000000 0.778000 0.824000 600 40 0.900000 0.070000 0.069000 1.200000 0.060000 0.073000
1495875100854147464	1400 44 1.200000 0.099000 0.126000 1400 38 1.000000 0.922000 0.977000 600 40 0.900000 0.070000 0.069000 1.200000 0.019000 0.023000
1495875101363263182	1400 44 1.200000 0.096000 0.122000 1400 38 1.000000 0.925000 0.980000 600 40 0.900000 0.071000 0.070000 1.200000 0.015000 0.018000
1495875101872530067	1400 43 1.200000 0.094000 0.119000 1400 38 1.000000 0.926000 0.981000 600 40 0.900000 0.071000 0.070000 1.200000 0.015000 0.018000
1495875102381763661	1400 44 1.200000 0.094000 0.119000 1400 38 1.000000 0.924000 0.979000 600 40 0.900000 0.070000 0.069000 1.200000 0.015000 0.018000
1495875102891089212	1400 43 1.200000 0.096000 0.122000 1400 38 1.000000 0.926000 0.981000 600 40 0.900000 0.071000 0.070000 1.200000 0.013000 0.015000
1495875103400221639	1400 44 1.200000 0.095000 0.120000 1400 38 1.000000 0.924000 0.979000 600 40 0.900000 0.070000 0.069000 1.200000 0.015000 0.018000
1495875103909381108	1400 44 1.200000 0.096000 0.122000 1400 38 1.000000 0.925000 0.980000 600 40 0.900000 0.070000 0.069000 1.200000 0.015000 0.018000
1495875104418668159	1400 44 1.200000 0.100000 0.127000 1400 38 1.000000 0.922000 0.977000 600 40 0.900000 0.071000 0.070000 1.200000 0.017000 0.020000
1495875104927812670	1400 44 1.200000 0.100000 0.127000 1400 38 1.000000 0.920000 0.975000 600 40 0.900000 0.070000 0.069000 1.200000 0.018000 0.021000
1495875105436967930	1400 43 1.200000 0.095000 0.120000 1400 38 1.000000 0.918000 0.973000 600 40 0.900000 0.070000 0.069000 1.200000 0.018000 0.021000
1495875105946247648	1400 44 1.200000 0.096000 0.122000 1400 38 1.000000 0.925000 0.980000 600 40 0.900000 0.071000 0.070000 1.200000 0.014000 0.017000
1495875106455387033	1400 44 1.200000 0.095000 0.120000 1400 38 1.000000 0.927000 0.982000 600 40 0.900000 0.071000 0.070000 1.200000 0.014000 0.017000
1495875106964826085	1400 44 1.200000 0.097000 0.123000 1400 38 1.000000 0.925000 0.980000 600 40 0.900000 0.070000 0.069000 1.200000 0.015000 0.018000
1495875107474139303	1400 44 1.200000 0.097000 0.123000 1400 38 1.000000 0.927000 0.982000 600 40 0.900000 0.071000 0.070000 1.200000 0.013000 0.015000
1495875107983323980	1400 44 1.200000 0.100000 0.127000 1400 38 1.000000 0.925000 0.980000 600 40 0.900000 0.070000 0.069000 1.200000 0.013000 0.015000
1495875108492470531	1400 44 1.200000 0.103000 0.131000 1400 38 1.000000 0.926000 0.981000 600 40 0.900000 0.070000 0.069000 1.200000 0.013000 0.015000
1495875109001772291	1400 44 1.200000 0.101000 0.128000 1400 38 1.000000 0.925000 0.980000 600 40 0.900000 0.070000 0.069000 1.200000 0.015000 0.018000
1495875109510990551	1400 44 1.200000 0.099000 0.126000 1400 38 1.000000 0.922000 0.977000 600 40 0.900000 0.070000 0.069000 1.200000 0.017000 0.020000
1495875110020287561	1400 44 1.200000 0.096000 0.122000 1400 38 1.000000 0.918000 0.973000 600 40 0.900000 0.070000 0.069000 1.200000 0.016000 0.019000
1495875110529634988	1400 42 1.200000 0.097000 0.123000 1400 37 1.000000 0.821000 0.870000 600 40 0.900000 0.070000 0.069000 1.200000 0.046000 0.055000
1495875111039002998	1400 43 1.200000 0.101000 0.128000 1400 38 1.000000 0.811000 0.858000 600 40 0.900000 0.070000 0.069000 1.200000 0.055000 0.066000
1495875111548217341	1400 44 1.200000 0.103000 0.131000 1400 38 1.000000 0.918000 0.973000 600 40 0.900000 0.071000 0.070000 1.200000 0.020000 0.024000
1495875112057397060	1400 44 1.200000 0.102000 0.130000 1400 38 1.000000 0.924000 0.979000 600 40 0.900000 0.071000 0.070000 1.200000 0.016000 0.019000
1495875112566564112	1400 44 1.200000 0.099000 0.126000 1400 38 1.000000 0.925000 0.980000 600 40 0.900000 0.070000 0.069000 1.200000 0.015000 0.018000
1495875113075773413	1400 44 1.200000 0.098000 0.124000 1400 38 1.000000 0.923000 0.978000 600 40 0.900000 0.070000 0.069000 1.200000 0.015000 0.018000
1495875113585016132	1400 44 1.200000 0.098000 0.124000 1400 38 1.000000 0.923000 0.978000 600 40 0.900000 0.070000 0.069000 1.200000 0.015000 0.018000
1495875114094130309	1400 43 1.200000 0.098000 0.124000 1400 38 1.000000 0.924000 0.979000 600 40 0.900000 0.070000 0.069000 1.200000 0.014000 0.016000
1495875114603241360	1400 43 1.200000 0.094000 0.119000 1400 38 1.000000 0.922000 0.977000 600 40 0.900000 0.070000 0.069000 1.200000 0.016000 0.019000
1495875115112441829	1400 43 1.200000 0.094000 0.119000 1400 38 1.000000 0.919000 0.974000 600 40 0.900000 0.070000 0.069000 1.200000 0.018000 0.021000
1495875115621736380	1400 43 1.200000 0.096000 0.122000 1400 38 1.000000 0.918000 0.973000 600 40 0.900000 0.070000 0.069000 1.200000 0.017000 0.020000
1495875116130825474	1400 43 1.200000 0.095000 0.120000 1400 38 1.000000 0.925000 0.980000 600 40 0.900000 0.070000 0.069000 1.200000 0.014000 0.016000
1495875116640070234	1400 44 1.200000 0.094000 0.119000 1400 38 1.000000 0.926000 0.981000 600 40 0.900000 0.070000 0.069000 1.200000 0.014000 0.016000
1495875117149166578	1400 43 1.200000 0.096000 0.122000 1400 38 1.000000 0.925000 0.980000 600 40 0.900000 0.070000 0.069000 1.200000 0.014000 0.016000
1495875117658295463	1400 43 1.200000 0.099000 0.126000 1400 38 1.000000 0.926000 0.981000 600 40 0.900000 0.070000 0.069000 1.200000 0.013000 0.015000
1495875118167671723	1400 44 1.200000 0.096000 0.122000 1400 37 1.000000 0.926000 0.981000 600 40 0.900000 0.070000 0.069000 1.200000 0.014000 0.016000
1495875118676927816	1400 43 1.200000 0.103000 0.131000 1400 38 1.000000 0.926000 0.981000 600 40 0.900000 0.071000 0.070000 1.200000 0.015000 0.018000
1495875119186199618	1400 43 1.200000 0.101000 0.128000 1400 38 1.000000 0.925000 0.980000 600 40 0.900000 0.071000 0.070000 1.200000 0.016000 0.019000
1495875119695335295	1400 43 1.200000 0.097000 0.123000 1400 38 1.000000 0.919000 0.974000 600 40 0.900000 0.070000 0.069000 1.200000 0.019000 0.023000
1495875120204453471	1400 43 1.200000 0.095000 0.120000 1400 38 1.000000 0.919000 0.974000 600 40 0.900000 0.070000 0.069000 1.200000 0.015000 0.018000
1495875120713764481	1400 42 1.200000 0.097000 0.123000 1400 37 1.000000 0.918000 0.973000 600 40 0.900000 0.071000 0.070000 1.200000 0.021000 0.025000
1495875121222895283	1400 43 1.200000 0.102000 0.129000 1400 37 1.000000 0.807000 0.855000 600 40 0.900000 0.070000 0.069000 1.200000 0.066000 0.080000
1495875121732085835	1400 43 1.200000 0.101000 0.128000 1400 38 1.000000 0.918000 0.973000 600 40 0.900000 0.070000 0.069000 1.200000 0.016000 0.019000
1495875122241260762	1400 44 1.200000 0.101000 0.128000 1400 38 1.000000 0.924000 0.979000 600 40 0.900000 0.071000 0.070000 1.200000 0.014000 0.016000
1495875122750365939	1400 43 1.200000 0.100000 0.127000 1400 38 1.000000 0.926000 0.981000 600 40 0.900000 0.070000 0.069000 1.200000 0.015000 0.018000
1495875123259483657	1400 43 1.200000 0.096000 0.122000 1400 38 1.000000 0.924000 0.979000 600 40 0.900000 0.070000 0.069000 1.200000 0.016000 0.019000
1495875123768717834	1400 44 1.200000 0.096000 0.122000 1400 38 1.000000 0.925000 0.980000 600 40 0.900000 0.070000 0.069000 1.200000 0.016000 0.019000
1495875124277856386	1400 43 1.200000 0.094000 0.119000 1400 38 1.000000 0.924000 0.979000 600 40 0.900000 0.071000 0.070000 1.200000 0.014000 0.016000
1495875124787186229	1400 44 1.200000 0.095000 0.121000 1400 38 1.000000 0.923000 0.978000 600 40 0.900000 0.071000 0.070000 1.200000 0.014000 0.016000
1495875125296410239	1400 43 1.200000 0.096000 0.122000 1400 38 1.000000 0.918000 0.973000 600 40 0.900000 0.070000 0.069000 1.200000 0.017000 0.020000
1495875125805592249	1400 43 1.200000 0.099000 0.126000 1400 38 1.000000 0.917000 0.972000 600 40 0.900000 0.070000 0.069000 1.200000 0.017000 0.020000
1495875126314802551	1400 43 1.200000 0.099000 0.126000 1400 38 1.000000 0.920000 0.975000 600 40 0.900000 0.070000 0.069000 1.200000 0.018000 0.021000
1495875126824131352	1400 43 1.200000 0.096000 0.122000 1400 38 1.000000 0.924000 0.979000 600 40 0.900000 0.071000 0.070000 1.200000 0.015000 0.018000
1495875127333209904	1400 44 1.200000 0.097000 0.123000 1400 38 1.000000 0.924000 0.979000 600 40 0.900000 0.070000 0.069000 1.200000 0.016000 0.019000
1495875127842399164	1400 43 1.200000 0.095000 0.121000 1400 37 1.000000 0.923000 0.978000 600 39 0.900000 0.070000 0.069000 1.200000 0.016000 0.019000
1495875128351625508	1400 43 1.200000 0.096000 0.122000 1400 38 1.000000 0.925000 0.980000 600 40 0.900000 0.070000 0.069000 1.200000 0.015000 0.018000
1495875128860988309	1400 43 1.200000 0.096000 0.122000 1400 38 1.000000 0.926000 0.981000 600 40 0.900000 0.070000 0.069000 1.200000 0.013000 0.015000
1495875129370067195	1400 43 1.200000 0.099000 0.126000 1400 38 1.000000 0.925000 0.980000 600 40 0.900000 0.070000 0.069000 1.200000 0.014000 0.016000
1495875129879252371	1400 43 1.200000 0.097000 0.123000 1400 38 1.000000 0.922000 0.977000 600 40 0.900000 0.070000 0.069000 1.200000 0.018000 0.021000
1495875130388369423	1400 43 1.200000 0.098000 0.124000 1400 38 1.000000 0.918000 0.973000 600 40 0.900000 0.071000 0.070000 1.200000 0.017000 0.020000
1495875130897651308	1400 43 1.200000 0.099000 0.126000 1400 38 1.000000 0.917000 0.972000 600 40 0.900000 0.070000 0.069000 1.200000 0.015000 0.018000
1495875131407672734	1400 42 1.200000 0.170000 0.214000 1400 37 1.000000 0.483000 0.514000 600 39 0.900000 0.070000 0.069000 1.200000 0.029000 0.035000
1495875131917667535	1400 42 1.200000 0.099000 0.126000 1400 37 1.000000 0.777000 0.823000 600 39 0.900000 0.070000 0.069000 1.200000 0.013000 0.015000
1495875132427831335	1400 42 1.200000 0.100000 0.127000 1400 37 1.000000 0.780000 0.826000 600 39 0.900000 0.070000 0.069000 1.200000 0.010000 0.012000
1495875132937980010	1400 42 1.200000 0.100000 0.127000 1400 37 1.000000 0.777000 0.823000 600 39 0.900000 0.070000 0.069000 1.200000 0.009000 0.010000
1495875133447751103	1400 42 1.200000 0.103000 0.131000 1400 37 1.000000 0.771000 0.817000 600 39 0.900000 0.070000 0.069000 1.200000 0.016000 0.019000
1495875133957719029	1400 42 1.200000 0.102000 0.129000 1400 37 1.000000 0.751000 0.794000 600 39 0.900000 0.070000 0.069000 1.200000 0.027000 0.032000
1495875134467077205	1400 42 1.200000 0.104000 0.132000 1400 37 1.000000 0.788000 0.835000 600 39 0.900000 0.070000 0.069000 1.200000 0.060000 0.073000
1495875134976372632	1400 43 1.200000 0.099000 0.126000 1400 37 1.000000 0.831000 0.880000 600 39 0.900000 0.070000 0.069000 1.200000 0.060000 0.073000
1495875135485495851	1400 43 1.200000 0.097000 0.123000 1400 37 1.000000 0.835000 0.883000 600 39 0.900000 0.070000 0.069000 1.200000 0.019000 0.023000
1495875135994674402	1400 43 1.200000 0.097000 0.123000 1400 37 1.000000 0.855000 0.904000 600 39 0.900000 0.070000 0.069000 1.200000 0.018000 0.021000
1495875136503839537	1400 43 1.200000 0.096000 0.122000 1400 37 1.000000 0.847000 0.897000 600 39 0.900000 0.070000 0.069000 1.200000 0.018000 0.021000
1495875137013092464	1400 43 1.200000 0.094000 0.119000 1400 37 1.000000 0.833000 0.882000 600 39 0.900000 0.070000 0.069000 1.200000 0.020000 0.024000
1495875137522434641	1400 43 1.200000 0.094000 0.119000 1400 37 1.000000 0.851000 0.902000 600 39 0.900000 0.070000 0.069000 1.200000 0.018000 0.021000
1495875138031654401	1400 43 1.200000 0.096000 0.122000 1400 37 1.000000 0.853000 0.904000 600 39 0.900000 0.070000 0.069000 1.200000 0.018000 0.021000
1495875138540954119	1400 44 1.200000 0.094000 0.119000 1400 37 1.000000 0.837000 0.887000 600 39 0.900000 0.070000 0.069000 1.200000 0.017000 0.020000
1495875139050157796	1400 43 1.200000 0.094000 0.119000 1400 37 1.000000 0.938000 0.994000 600 39 0.900000 0.070000 0.069000 1.200000 0.012000 0.014000
1495875139559408764	1400 42 1.200000 0.097000 0.123000 1400 37 1.000000 0.739000 0.783000 600 39 0.900000 0.070000 0.069000 1.200000 0.093000 0.113000
1495875140068672357	1400 43 1.200000 0.101000 0.128000 1400 37 1.000000 0.831000 0.880000 600 39 0.900000 0.070000 0.069000 1.200000 0.064000 0.077000
1495875140577865118	1400 43 1.200000 0.096000 0.122000 1400 37 1.000000 0.822000 0.871000 600 39 0.900000 0.070000 0.069000 1.200000 0.019000 0.023000
1495875141087078419	1400 43 1.200000 0.101000 0.128000 1400 37 1.000000 0.840000 0.890000 600 39 0.900000 0.070000 0.069000 1.200000 0.019000 0.023000
1495875141596347471	1400 43 1.200000 0.099000 0.126000 1400 37 1.000000 0.850000 0.901000 600 39 0.900000 0.070000 0.069000 1.200000 0.020000 0.024000
1495875142105578398	1400 43 1.200000 0.097000 0.123000 1400 37 1.000000 0.828000 0.877000 600 39 0.900000 0.070000 0.069000 1.200000 0.018000 0.021000
1495875142614798241	1400 43 1.200000 0.097000 0.123000 1400 37 1.000000 0.848000 0.898000 600 39 0.900000 0.070000 0.069000 1.200000 0.018000 0.021000
1495875143123974335	1400 43 1.200000 0.101000 0.128000 1400 37 1.000000 0.853000 0.904000 600 39 0.900000 0.070000 0.069000 1.200000 0.019000 0.023000
1495875143633140053	1400 44 1.200000 0.101000 0.128000 1400 37 1.000000 0.847000 0.897000 600 39 0.900000 0.070000 0.069000 1.200000 0.018000 0.021000
1495875144142319771	1400 44 1.200000 0.102000 0.129000 1400 37 1.000000 0.942000 0.998000 600 39 0.900000 0.070000 0.069000 1.200000 0.015000 0.018000
1495875144651663698	1400 42 1.200000 0.100000 0.127000 1400 37 1.000000 0.801000 0.849000 600 39 0.900000 0.070000 0.069000 1.200000 0.034000 0.041000
1495875145160751000	1400 43 1.200000 0.097000 0.123000 1400 37 1.000000 0.796000 0.843000 600 39 0.900000 0.070000 0.069000 1.200000 0.066000 0.080000
1495875145670082968	1400 43 1.200000 0.096000 0.122000 1400 37 1.000000 0.825000 0.874000 600 39 0.900000 0.070000 0.069000 1.200000 0.020000 0.024000
1495875146179284770	1400 43 1.200000 0.094000 0.119000 1400 37 1.000000 0.836000 0.886000 600 39 0.900000 0.070000 0.069000 1.200000 0.018000 0.021000
1495875146688411238	1400 43 1.200000 0.095000 0.121000 1400 37 1.000000 0.841000 0.891000 600 39 0.900000 0.070000 0.069000 1.200000 0.019000 0.023000
1495875147197582290	1400 43 1.200000 0.094000 0.119000 1400 37 1.000000 0.832000 0.881000 600 39 0.900000 0.070000 0.069000 1.200000 0.018000 0.021000
1495875147706830425	1400 43 1.200000 0.099000 0.126000 1400 37 1.000000 0.835000 0.885000 600 39 0.900000 0.070000 0.069000 1.200000 0.019000 0.023000
1495875148216148769	1400 43 1.200000 0.098000 0.124000 1400 37 1.000000 0.835000 0.885000 600 39 0.900000 0.070000 0.069000 1.200000 0.019000 0.023000
1495875148725421820	1400 43 1.200000 0.096000 0.122000 1400 37 1.000000 0.834000 0.884000 600 39 0.900000 0.070000 0.069000 1.200000 0.019000 0.023000
1495875149234647205	1400 44 1.200000 0.098000 0.124000 1400 37 1.000000 0.870000 0.922000 600 39 0.900000 0.070000 0.069000 1.200000 0.018000 0.021000
1495875149743979924	1400 41 1.200000 0.094000 0.119000 1400 37 1.000000 0.938000 0.994000 600 39 0.900000 0.071000 0.070000 1.200000 0.022000 0.026000
1495875150253170100	1400 43 1.200000 0.096000 0.122000 1400 37 1.000000 0.723000 0.766000 600 39 0.900000 0.070000 0.069000 1.200000 0.083000 0.101000
1495875150762330652	1400 43 1.200000 0.097000 0.123000 1400 37 1.000000 0.829000 0.878000 600 39 0.900000 0.070000 0.069000 1.200000 0.019000 0.023000
1495875151271765787	1400 43 1.200000 0.095000 0.121000 1400 37 1.000000 0.843000 0.893000 600 39 0.900000 0.070000 0.069000 1.200000 0.018000 0.021000
1495875151781139630	1400 43 1.200000 0.097000 0.123000 1400 37 1.000000 0.850000 0.901000 600 39 0.900000 0.070000 0.069000 1.200000 0.019000 0.023000
1495875152290298140	1400 43 1.200000 0.096000 0.122000 1400 37 1.000000 0.849000 0.899000 600 39 0.900000 0.070000 0.069000 1.200000 0.018000 0.021000
1495875152799509442	1400 43 1.200000 0.100000 0.127000 1400 37 1.000000 0.825000 0.874000 600 39 0.900000 0.070000 0.069000 1.200000 0.018000 0.021000
1495875153308679160	1400 43 1.200000 0.102000 0.129000 1400 37 1.000000 0.853000 0.904000 600 39 0.900000 0.070000 0.069000 1.200000 0.019000 0.023000
1495875153817829379	1400 43 1.200000 0.101000 0.128000 1400 37 1.000000 0.841000 0.891000 600 39 0.900000 0.070000 0.069000 1.200000 0.019000 0.023000
1495875154327050431	1400 44 1.200000 0.095000 0.120000 1400 37 1.000000 0.951000 1.008000 600 39 0.900000 0.070000 0.069000 1.200000 0.018000 0.021000
1495875154836407441	1400 43 1.200000 0.097000 0.123000 1400 37 1.000000 0.938000 0.994000 600 39 0.900000 0.070000 0.069000 1.200000 0.013000 0.015000
1495875155345515034	1400 43 1.200000 0.096000 0.122000 1400 37 1.000000 0.729000 0.772000 600 39 0.900000 0.070000 0.069000 1.200000 0.058000 0.070000
1495875155854673128	1400 43 1.200000 0.099000 0.126000 1400 37 1.000000 0.829000 0.878000 600 39 0.900000 0.070000 0.069000 1.200000 0.065000 0.079000
1495875156363847471	1400 43 1.200000 0.100000 0.127000 1400 37 1.000000 0.831000 0.880000 600 39 0.900000 0.070000 0.069000 1.200000 0.020000 0.024000
1495875156873010231	1400 43 1.200000 0.102000 0.130000 1400 37 1.000000 0.844000 0.894000 600 39 0.900000 0.070000 0.069000 1.200000 0.020000 0.024000
1495875157382271741	1400 43 1.200000 0.100000 0.127000 1400 37 1.000000 0.838000 0.888000 600 39 0.900000 0.070000 0.069000 1.200000 0.019000 0.023000
1495875157891449001	1400 43 1.200000 0.099000 0.126000 1400 37 1.000000 0.830000 0.879000 600 39 0.900000 0.070000 0.069000 1.200000 0.019000 0.023000
1495875158400541720	1400 43 1.200000 0.096000 0.122000 1400 37 1.000000 0.838000 0.888000 600 39 0.900000 0.070000 0.069000 1.200000 0.018000 0.021000
1495875158909811313	1400 43 1.200000 0.094000 0.119000 1400 37 1.000000 0.848000 0.898000 600 39 0.900000 0.070000 0.069000 1.200000 0.019000 0.023000
1495875159418955865	1400 44 1.200000 0.094000 0.119000 1400 37 1.000000 0.838000 0.888000 600 39 0.900000 0.070000 0.069000 1.200000 0.018000 0.021000
1495875159928187417	1400 43 1.200000 0.096000 0.122000 1400 37 1.000000 0.938000 0.995000 600 39 0.900000 0.070000 0.069000 1.200000 0.012000 0.014000
1495875160438550634	1400 39 1.200000 0.123000 0.156000 1400 37 1.000000 0.740000 0.784000 600 39 0.900000 0.070000 0.069000 1.200000 0.077000 0.093000
1495875160948509851	1400 42 1.200000 0.100000 0.127000 1400 37 1.000000 0.769000 0.815000 600 39 0.900000 0.070000 0.069000 1.200000 0.012000 0.014000
1495875161458314527	1400 42 1.200000 0.098000 0.124000 1400 37 1.000000 0.774000 0.820000 600 39 0.900000 0.070000 0.069000 1.200000 0.009000 0.010000
1495875161968270078	1400 42 1.200000 0.102000 0.129000 1400 37 1.000000 0.780000 0.826000 600 39 0.900000 0.070000 0.069000 1.200000 0.009000 0.010000
1495875162478194462	1400 42 1.200000 0.104000 0.132000 1400 37 1.000000 0.779000 0.825000 600 39 0.900000 0.070000 0.069000 1.200000 0.011000 0.013000
1495875162988173637	1400 42 1.200000 0.105000 0.133000 1400 37 1.000000 0.780000 0.826000 600 39 0.900000 0.070000 0.069000 1.200000 0.069000 0.084000
1495875163498079896	1400 42 1.200000 0.104000 0.132000 1400 37 1.000000 0.783000 0.828000 600 39 0.900000 0.070000 0.069000 1.200000 0.045000 0.054000
1495875164008082364	1400 42 1.200000 0.100000 0.127000 1400 37 1.000000 0.784000 0.831000 600 39 0.900000 0.070000 0.069000 1.200000 0.043000 0.052000
1495875164517927790	1400 42 1.200000 0.100000 0.127000 1400 37 1.000000 0.742000 0.786000 600 39 0.900000 0.070000 0.069000 1.200000 0.134000 0.163000
1495875165027201133	1400 44 1.200000 0.103000 0.131000 1400 37 1.000000 0.861000 0.912000 600 39 0.900000 0.070000 0.069000 1.200000 0.104000 0.127000
1495875165536225060	1400 44 1.200000 0.103000 0.131000 1400 37 1.000000 0.995000 1.054000 600 39 0.900000 0.070000 0.069000 1.200000 0.005000 0.006000
1495875166045214487	1400 44 1.200000 0.101000 0.128000 1400 37 1.000000 0.993000 1.052000 600 39 0.900000 0.070000 0.069000 1.200000 0.006000 0.007000
1495875166554222747	1400 44 1.200000 0.098000 0.124000 1400 38 1.000000 0.982000 1.040000 600 39 0.900000 0.070000 0.069000 1.200000 0.007000 0.008000
1495875167063434174	1400 44 1.200000 0.097000 0.123000 1400 38 1.000000 0.990000 1.049000 600 40 0.900000 0.070000 0.069000 1.200000 0.007000 0.008000
1495875167572463726	1400 44 1.200000 0.096000 0.122000 1400 38 1.000000 0.969000 1.027000 600 39 0.900000 0.070000 0.069000 1.200000 0.008000 0.009000
1495875168081455945	1400 44 1.200000 0.095000 0.120000 1400 38 1.000000 0.989000 1.048000 600 40 0.900000 0.070000 0.069000 1.200000 0.005000 0.006000
1495875168590465997	1400 44 1.200000 0.095000 0.121000 1400 38 1.000000 0.995000 1.054000 600 40 0.900000 0.071000 0.070000 1.200000 0.004000 0.004000
1495875169099535757	1400 44 1.200000 0.094000 0.119000 1400 38 1.000000 0.989000 1.048000 600 40 0.900000 0.070000 0.069000 1.200000 0.004000 0.004000
1495875169608709559	1400 44 1.200000 0.101000 0.128000 1400 38 1.000000 0.988000 1.047000 600 39 0.900000 0.070000 0.069000 1.200000 0.005000 0.006000
1495875170117735361	1400 44 1.200000 0.097000 0.123000 1400 38 1.000000 0.982000 1.040000 600 40 0.900000 0.070000 0.069000 1.200000 0.007000 0.008000
1495875170626729038	1400 44 1.200000 0.096000 0.122000 1400 38 1.000000 0.975000 1.033000 600 40 0.900000 0.071000 0.070000 1.200000 0.008000 0.009000
1495875171135731298	1400 44 1.200000 0.099000 0.126000 1400 38 1.000000 0.981000 1.039000 600 39 0.900000 0.071000 0.070000 1.200000 0.007000 0.008000
1495875171644852892	1400 44 1.200000 0.099000 0.126000 1400 38 1.000000 0.977000 1.035000 600 40 0.900000 0.070000 0.069000 1.200000 0.007000 0.008000
1495875172153970402	1400 44 1.200000 0.095000 0.120000 1400 38 1.000000 0.974000 1.032000 600 40 0.900000 0.070000 0.069000 1.200000 0.007000 0.008000
1495875172662924038	1400 44 1.200000 0.095000 0.121000 1400 38 1.000000 0.974000 1.032000 600 39 0.900000 0.070000 0.069000 1.200000 0.005000 0.006000
1495875173171928090	1400 44 1.200000 0.096000 0.122000 1400 38 1.000000 0.967000 1.025000 600 39 0.900000 0.071000 0.070000 1.200000 0.006000 0.007000
1495875173681086433	1400 44 1.200000 0.096000 0.122000 1400 38 1.000000 0.970000 1.028000 600 40 0.900000 0.071000 0.070000 1.200000 0.005000 0.006000
1495875174190049735	1400 44 1.200000 0.096000 0.122000 1400 38 1.000000 0.967000 1.025000 600 40 0.900000 0.070000 0.069000 1.200000 0.006000 0.007000
1495875174699062704	1400 44 1.200000 0.097000 0.123000 1400 38 1.000000 0.970000 1.028000 600 40 0.900000 0.071000 0.070000 1.200000 0.005000 0.006000
1495875175208045339	1400 44 1.200000 0.101000 0.128000 1400 38 1.000000 0.959000 1.016000 600 40 0.900000 0.070000 0.069000 1.200000 0.006000 0.007000
1495875175717174724	1400 44 1.200000 0.101000 0.128000 1400 38 1.000000 0.954000 1.011000 600 39 0.900000 0.070000 0.069000 1.200000 0.007000 0.008000
1495875176226273151	1400 44 1.200000 0.095000 0.121000 1400 38 1.000000 0.969000 1.027000 600 40 0.900000 0.070000 0.069000 1.200000 0.007000 0.008000
1495875176735653619	1400 44 1.200000 0.101000 0.128000 1400 38 1.000000 0.955000 1.012000 600 40 0.900000 0.071000 0.070000 1.200000 0.006000 0.007000
1495875177244655213	1400 44 1.200000 0.099000 0.126000 1400 38 1.000000 0.971000 1.029000 600 40 0.900000 0.071000 0.070000 1.200000 0.006000 0.007000
1495875177753637224	1400 44 1.200000 0.096000 0.122000 1400 38 1.000000 0.975000 1.033000 600 39 0.900000 0.070000 0.069000 1.200000 0.006000 0.007000
1495875178262733525	1400 44 1.200000 0.098000 0.124000 1400 38 1.000000 0.974000 1.032000 600 40 0.900000 0.070000 0.069000 1.200000 0.007000 0.008000
1495875178771882994	1400 44 1.200000 0.101000 0.128000 1400 38 1.000000 0.986000 1.046000 600 40 0.900000 0.070000 0.069000 1.200000 0.007000 0.008000
1495875179280981337	1400 44 1.200000 0.102000 0.129000 1400 38 1.000000 0.982000 1.040000 600 40 0.900000 0.071000 0.070000 1.200000 0.007000 0.008000
1495875179790029139	1400 44 1.200000 0.101000 0.128000 1400 38 1.000000 0.965000 1.022000 600 40 0.900000 0.071000 0.070000 1.200000 0.007000 0.008000
1495875180299006150	1400 44 1.200000 0.100000 0.127000 1400 38 1.000000 0.968000 1.026000 600 40 0.900000 0.070000 0.069000 1.200000 0.007000 0.008000
1495875180808087327	1400 44 1.200000 0.096000 0.122000 1400 38 1.000000 0.961000 1.018000 600 40 0.900000 0.071000 0.070000 1.200000 0.006000 0.007000
1495875181317128837	1400 44 1.200000 0.095000 0.121000 1400 38 1.000000 0.958000 1.015000 600 39 0.900000 0.070000 0.069000 1.200000 0.006000 0.007000
1495875181826229722	1400 44 1.200000 0.094000 0.119000 1400 38 1.000000 0.962000 1.019000 600 40 0.900000 0.070000 0.069000 1.200000 0.006000 0.007000
1495875182335311274	1400 44 1.200000 0.096000 0.122000 1400 38 1.000000 0.946000 1.002000 600 39 0.900000 0.070000 0.069000 1.200000 0.007000 0.008000
1495875182844393201	1400 44 1.200000 0.096000 0.122000 1400 38 1.000000 0.957000 1.014000 600 39 0.900000 0.070000 0.069000 1.200000 0.007000 0.008000
1495875183353379920	1400 44 1.200000 0.095000 0.121000 1400 38 1.000000 0.980000 1.039000 600 39 0.900000 0.070000 0.069000 1.200000 0.005000 0.006000
1495875183862599222	1400 44 1.200000 0.100000 0.127000 1400 38 1.000000 0.967000 1.025000 600 40 0.900000 0.070000 0.069000 1.200000 0.008000 0.009000
1495875184371639440	1400 44 1.200000 0.097000 0.123000 1400 38 1.000000 0.966000 1.023000 600 40 0.900000 0.070000 0.069000 1.200000 0.007000 0.008000
1495875184880698700	1400 44 1.200000 0.096000 0.122000 1400 38 1.000000 0.974000 1.032000 600 39 0.900000 0.071000 0.070000 1.200000 0.005000 0.006000
1495875185389811211	1400 44 1.200000 0.099000 0.126000 1400 38 1.000000 0.968000 1.026000 600 40 0.900000 0.070000 0.069000 1.200000 0.006000 0.007000
1495875185898767179	1400 44 1.200000 0.101000 0.128000 1400 38 1.000000 0.962000 1.019000 600 40 0.900000 0.071000 0.070000 1.200000 0.006000 0.007000
1495875186407744607	1400 44 1.200000 0.103000 0.131000 1400 38 1.000000 0.969000 1.027000 600 40 0.900000 0.070000 0.069000 1.200000 0.008000 0.009000
1495875186916804492	1400 44 1.200000 0.100000 0.127000 1400 38 1.000000 0.958000 1.015000 600 40 0.900000 0.070000 0.069000 1.200000 0.009000 0.010000
1495875187425796627	1400 44 1.200000 0.098000 0.124000 1400 38 1.000000 0.972000 1.030000 600 40 0.900000 0.070000 0.069000 1.200000 0.010000 0.012000
1495875187934969721	1400 44 1.200000 0.098000 0.124000 1400 38 1.000000 0.969000 1.028000 600 40 0.900000 0.070000 0.069000 1.200000 0.008000 0.009000
1495875188444007689	1400 44 1.200000 0.097000 0.123000 1400 38 1.000000 0.972000 1.030000 600 40 0.900000 0.070000 0.069000 1.200000 0.007000 0.008000
1495875188953019241	1400 44 1.200000 0.098000 0.124000 1400 38 1.000000 0.969000 1.028000 600 39 0.900000 0.070000 0.069000 1.200000 0.007000 0.008000
1495875189461993002	1400 44 1.200000 0.096000 0.122000 1400 38 1.000000 0.969000 1.028000 600 40 0.900000 0.070000 0.069000 1.200000 0.006000 0.007000
1495875189971166012	1400 44 1.200000 0.096000 0.122000 1400 38 1.000000 0.971000 1.030000 600 40 0.900000 0.070000 0.069000 1.200000 0.007000 0.008000
1495875190480122856	1400 44 1.200000 0.096000 0.122000 1400 38 1.000000 0.968000 1.027000 600 39 0.900000 0.071000 0.070000 1.200000 0.007000 0.008000
1495875190989227824	1400 44 1.200000 0.099000 0.126000 1400 38 1.000000 0.969000 1.028000 600 40 0.900000 0.071000 0.070000 1.200000 0.010000 0.012000
1495875191498179668	1400 44 1.200000 0.097000 0.123000 1400 38 1.000000 0.972000 1.031000 600 40 0.900000 0.070000 0.069000 1.200000 0.010000 0.012000
1495875192007161970	1400 44 1.200000 0.097000 0.123000 1400 38 1.000000 0.965000 1.023000 600 40 0.900000 0.071000 0.070000 1.200000 0.008000 0.009000
1495875192516227230	1400 44 1.200000 0.099000 0.126000 1400 38 1.000000 0.965000 1.023000 600 40 0.900000 0.071000 0.070000 1.200000 0.010000 0.012000
1495875193025308241	1400 44 1.200000 0.102000 0.129000 1400 38 1.000000 0.965000 1.023000 600 40 0.900000 0.070000 0.069000 1.200000 0.007000 0.008000
1495875193534300626	1400 44 1.200000 0.104000 0.132000 1400 38 1.000000 0.966000 1.024000 600 40 0.900000 0.071000 0.070000 1.200000 0.006000 0.007000
1495875194043243845	1400 44 1.200000 0.096000 0.122000 1400 38 1.000000 0.966000 1.023000 600 40 0.900000 0.071000 0.070000 1.200000 0.008000 0.009000
1495875194552289605	1400 44 1.200000 0.094000 0.119000 1400 38 1.000000 0.956000 1.013000 600 40 0.900000 0.071000 0.070000 1.200000 0.010000 0.012000
1495875195061377740	1400 44 1.200000 0.096000 0.122000 1400 38 1.000000 0.962000 1.020000 600 40 0.900000 0.071000 0.070000 1.200000 0.008000 0.009000
1495875195570370917	1400 44 1.200000 0.096000 0.122000 1400 38 1.000000 0.948000 1.005000 600 40 0.900000 0.070000 0.069000 1.200000 0.010000 0.012000
1495875196079426886	1400 44 1.200000 0.094000 0.119000 1400 38 1.000000 0.944000 1.001000 600 39 0.900000 0.070000 0.069000 1.200000 0.010000 0.012000
1495875196588377563	1400 44 1.200000 0.102000 0.129000 1400 38 1.000000 0.966000 1.024000 600 40 0.900000 0.070000 0.069000 1.200000 0.010000 0.012000
1495875197097494948	1400 44 1.200000 0.103000 0.131000 1400 38 1.000000 0.966000 1.024000 600 40 0.900000 0.071000 0.070000 1.200000 0.010000 0.012000
1495875197606548625	1400 44 1.200000 0.101000 0.128000 1400 38 1.000000 0.963000 1.020000 600 40 0.900000 0.071000 0.070000 1.200000 0.011000 0.013000
1495875198115565510	1400 44 1.200000 0.096000 0.122000 1400 38 1.000000 0.956000 1.014000 600 40 0.900000 0.071000 0.070000 1.200000 0.012000 0.014000
1495875198624643687	1400 44 1.200000 0.097000 0.123000 1400 38 1.000000 0.956000 1.014000 600 40 0.900000 0.071000 0.070000 1.200000 0.013000 0.015000
1495875199133668656	1400 44 1.200000 0.098000 0.124000 1400 38 1.000000 0.945000 1.001000 600 39 0.900000 0.070000 0.069000 1.200000 0.015000 0.018000
1495875199642687791	1400 44 1.200000 0.100000 0.127000 1400 38 1.000000 0.947000 1.003000 600 40 0.900000 0.070000 0.069000 1.200000 0.020000 0.024000
1495875200151785968	1400 44 1.200000 0.101000 0.128000 1400 38 1.000000 0.928000 0.983000 600 40 0.900000 0.070000 0.069000 1.200000 0.023000 0.027000
1495875200660976353	1400 43 1.200000 0.104000 0.132000 1400 38 1.000000 0.897000 0.950000 600 40 0.900000 0.070000 0.069000 1.200000 0.032000 0.038000
1495875201169931322	1400 42 1.200000 0.101000 0.128000 1400 37 1.000000 0.801000 0.849000 600 39 0.900000 0.070000 0.069000 1.200000 0.057000 0.069000
1495875201678960624	1400 42 1.200000 0.097000 0.123000 1400 37 1.000000 0.732000 0.775000 600 39 0.900000 0.070000 0.069000 1.200000 0.020000 0.024000
1495875202188178551	1400 42 1.200000 0.095000 0.120000 1400 37 1.000000 0.719000 0.762000 600 39 0.900000 0.070000 0.069000 1.200000 0.011000 0.013000
1495875202698016560	1400 42 1.200000 0.104000 0.132000 1400 37 1.000000 0.760000 0.806000 600 39 0.900000 0.070000 0.069000 1.200000 0.036000 0.043000
1495875203208449152	1400 42 1.200000 0.099000 0.126000 1400 37 1.000000 0.775000 0.821000 600 39 0.900000 0.070000 0.069000 1.200000 0.015000 0.018000
1495875203718322869	1400 42 1.200000 0.098000 0.124000 1400 37 1.000000 0.775000 0.821000 600 39 0.900000 0.070000 0.069000 1.200000 0.014000 0.016000
1495875204228067420	1400 42 1.200000 0.099000 0.126000 1400 37 1.000000 0.779000 0.824000 600 39 0.900000 0.070000 0.069000 1.200000 0.013000 0.015000
1495875204737380764	1400 43 1.200000 0.098000 0.124000 1400 37 1.000000 0.811000 0.859000 600 39 0.900000 0.070000 0.069000 1.200000 0.026000 0.031000
1495875205246453732	1400 43 1.200000 0.095000 0.121000 1400 37 1.000000 1.015000 1.075000 600 39 0.900000 0.070000 0.069000 1.200000 0.003000 0.003000
1495875205755642534	1400 43 1.200000 0.100000 0.127000 1400 37 1.000000 1.015000 1.075000 600 40 0.900000 0.070000 0.069000 1.200000 0.006000 0.007000
1495875206264857627	1400 43 1.200000 0.102000 0.129000 1400 37 1.000000 1.017000 1.079000 600 40 0.900000 0.070000 0.069000 1.200000 0.006000 0.007000
1495875206774088637	1400 43 1.200000 0.102000 0.129000 1400 37 1.000000 1.019000 1.081000 600 40 0.900000 0.070000 0.069000 1.200000 0.006000 0.007000
1495875207283286273	1400 43 1.200000 0.094000 0.119000 1400 38 1.000000 1.015000 1.075000 600 40 0.900000 0.070000 0.069000 1.200000 0.004000 0.004000
1495875207792450074	1400 43 1.200000 0.098000 0.124000 1400 38 1.000000 1.015000 1.075000 600 40 0.900000 0.070000 0.069000 1.200000 0.003000 0.003000
1495875208301583918	1400 44 1.200000 0.097000 0.123000 1400 37 1.000000 1.017000 1.078000 600 40 0.900000 0.070000 0.069000 1.200000 0.004000 0.004000
1495875208810677803	1400 43 1.200000 0.098000 0.124000 1400 38 1.000000 1.015000 1.076000 600 40 0.900000 0.071000 0.070000 1.200000 0.006000 0.007000
1495875209319912605	1400 43 1.200000 0.099000 0.126000 1400 38 1.000000 1.015000 1.076000 600 40 0.900000 0.070000 0.069000 1.200000 0.009000 0.010000
1495875209829055865	1400 44 1.200000 0.103000 0.131000 1400 38 1.000000 1.016000 1.077000 600 40 0.900000 0.070000 0.069000 1.200000 0.007000 0.008000
1495875210338177917	1400 44 1.200000 0.101000 0.128000 1400 38 1.000000 1.015000 1.076000 600 40 0.900000 0.070000 0.069000 1.200000 0.010000 0.012000
1495875210847409802	1400 44 1.200000 0.099000 0.126000 1400 38 1.000000 1.016000 1.077000 600 40 0.900000 0.070000 0.069000 1.200000 0.008000 0.009000
1495875211356637187	1400 44 1.200000 0.095000 0.120000 1400 38 1.000000 1.015000 1.076000 600 40 0.900000 0.070000 0.069000 1.200000 0.011000 0.013000
1495875211865997988	1400 44 1.200000 0.096000 0.122000 1400 38 1.000000 1.016000 1.077000 600 40 0.900000 0.070000 0.069000 1.200000 0.007000 0.008000
1495875212375134749	1400 44 1.200000 0.096000 0.122000 1400 38 1.000000 1.017000 1.079000 600 40 0.900000 0.071000 0.070000 1.200000 0.003000 0.003000
1495875212884520842	1400 44 1.200000 0.101000 0.128000 1400 38 1.000000 1.019000 1.081000 600 40 0.900000 0.070000 0.069000 1.200000 0.007000 0.008000
1495875213393629644	1400 44 1.200000 0.103000 0.131000 1400 38 1.000000 1.016000 1.077000 600 40 0.900000 0.071000 0.070000 1.200000 0.011000 0.013000
1495875213902741029	1400 44 1.200000 0.100000 0.127000 1400 38 1.000000 1.017000 1.079000 600 40 0.900000 0.070000 0.069000 1.200000 0.008000 0.009000
1495875214411889831	1400 44 1.200000 0.098000 0.124000 1400 38 1.000000 1.014000 1.075000 600 40 0.900000 0.070000 0.069000 1.200000 0.015000 0.018000
1495875214921141049	1400 44 1.200000 0.096000 0.122000 1400 38 1.000000 1.014000 1.075000 600 40 0.900000 0.071000 0.070000 1.200000 0.013000 0.015000
1495875215430287893	1400 44 1.200000 0.099000 0.126000 1400 38 1.000000 1.022000 1.084000 600 40 0.900000 0.071000 0.070000 1.200000 0.008000 0.009000
1495875215939364986	1400 44 1.200000 0.097000 0.123000 1400 38 1.000000 1.019000 1.081000 600 40 0.900000 0.071000 0.070000 1.200000 0.006000 0.007000
1495875216448348080	1400 44 1.200000 0.095000 0.120000 1400 38 1.000000 1.019000 1.081000 600 40 0.900000 0.070000 0.069000 1.200000 0.005000 0.006000
1495875216957472298	1400 44 1.200000 0.095000 0.120000 1400 38 1.000000 1.015000 1.076000 600 40 0.900000 0.071000 0.070000 1.200000 0.009000 0.010000
1495875217466648934	1400 44 1.200000 0.096000 0.122000 1400 38 1.000000 1.015000 1.076000 600 40 0.900000 0.071000 0.070000 1.200000 0.009000 0.010000
1495875217975739610	1400 44 1.200000 0.095000 0.120000 1400 38 1.000000 1.016000 1.077000 600 40 0.900000 0.071000 0.070000 1.200000 0.008000 0.009000
1495875218484970996	1400 44 1.200000 0.095000 0.121000 1400 38 1.000000 1.017000 1.079000 600 40 0.900000 0.071000 0.070000 1.200000 0.007000 0.008000
1495875218994138797	1400 44 1.200000 0.100000 0.127000 1400 38 1.000000 1.018000 1.080000 600 40 0.900000 0.071000 0.070000 1.200000 0.006000 0.007000
1495875219503194308	1400 44 1.200000 0.101000 0.128000 1400 38 1.000000 1.019000 1.081000 600 40 0.900000 0.070000 0.069000 1.200000 0.007000 0.008000
1495875220012382359	1400 44 1.200000 0.094000 0.119000 1400 38 1.000000 1.016000 1.077000 600 40 0.900000 0.070000 0.069000 1.200000 0.010000 0.012000
1495875220521768203	1400 44 1.200000 0.100000 0.127000 1400 38 1.000000 1.012000 1.073000 600 40 0.900000 0.071000 0.070000 1.200000 0.017000 0.020000
1495875221031042213	1400 44 1.200000 0.099000 0.125000 1400 38 1.000000 1.016000 1.077000 600 40 0.900000 0.070000 0.069000 1.200000 0.013000 0.015000
1495875221540137181	1400 44 1.200000 0.098000 0.124000 1400 38 1.000000 1.016000 1.077000 600 40 0.900000 0.071000 0.070000 1.200000 0.012000 0.014000
1495875222049318941	1400 44 1.200000 0.097000 0.123000 1400 38 1.000000 1.012000 1.072000 600 40 0.900000 0.071000 0.070000 1.200000 0.016000 0.019000
1495875222558320618	1400 44 1.200000 0.100000 0.127000 1400 38 1.000000 1.017000 1.079000 600 40 0.900000 0.071000 0.070000 1.200000 0.014000 0.016000
1495875223067504962	1400 44 1.200000 0.103000 0.131000 1400 38 1.000000 1.019000 1.080000 600 40 0.900000 0.071000 0.070000 1.200000 0.009000 0.010000
1495875223576706388	1400 44 1.200000 0.103000 0.131000 1400 38 1.000000 1.021000 1.083000 600 40 0.900000 0.071000 0.070000 1.200000 0.006000 0.007000
1495875224086019440	1400 44 1.200000 0.098000 0.124000 1400 38 1.000000 1.017000 1.079000 600 40 0.900000 0.071000 0.070000 1.200000 0.007000 0.008000
1495875224595127034	1400 44 1.200000 0.096000 0.122000 1400 38 1.000000 1.022000 1.083000 600 40 0.900000 0.071000 0.070000 1.200000 0.007000 0.008000
1495875225104274669	1400 44 1.200000 0.096000 0.122000 1400 38 1.000000 1.017000 1.078000 600 40 0.900000 0.071000 0.070000 1.200000 0.009000 0.010000
1495875225613321471	1400 44 1.200000 0.095000 0.120000 1400 38 1.000000 1.017000 1.078000 600 40 0.900000 0.071000 0.070000 1.200000 0.008000 0.009000
1495875226122456606	1400 44 1.200000 0.094000 0.119000 1400 38 1.000000 1.014000 1.075000 600 40 0.900000 0.071000 0.070000 1.200000 0.009000 0.010000
1495875226631635324	1400 44 1.200000 0.095000 0.120000 1400 38 1.000000 1.017000 1.079000 600 40 0.900000 0.070000 0.069000 1.200000 0.008000 0.009000
1495875227140719293	1400 44 1.200000 0.097000 0.123000 1400 38 1.000000 1.017000 1.079000 600 40 0.900000 0.070000 0.069000 1.200000 0.007000 0.008000
1495875227650043595	1400 44 1.200000 0.099000 0.126000 1400 38 1.000000 1.017000 1.078000 600 40 0.900000 0.071000 0.070000 1.200000 0.008000 0.009000
1495875228159424979	1400 44 1.200000 0.097000 0.123000 1400 38 1.000000 1.015000 1.076000 600 40 0.900000 0.070000 0.069000 1.200000 0.010000 0.012000
1495875228668536698	1400 44 1.200000 0.099000 0.126000 1400 38 1.000000 1.016000 1.076000 600 40 0.900000 0.071000 0.070000 1.200000 0.009000 0.010000
1495875229177658916	1400 44 1.200000 0.095000 0.120000 1400 38 1.000000 1.016000 1.077000 600 40 0.900000 0.071000 0.070000 1.200000 0.009000 0.010000
1495875229686845468	1400 44 1.200000 0.095000 0.120000 1400 38 1.000000 1.017000 1.078000 600 40 0.900000 0.071000 0.070000 1.200000 0.006000 0.007000
1495875230195963812	1400 44 1.200000 0.103000 0.131000 1400 38 1.000000 1.017000 1.078000 600 40 0.900000 0.071000 0.070000 1.200000 0.011000 0.013000
1495875230705142030	1400 44 1.200000 0.101000 0.128000 1400 38 1.000000 1.019000 1.080000 600 40 0.900000 0.071000 0.070000 1.200000 0.008000 0.009000
1495875231214276540	1400 44 1.200000 0.097000 0.123000 1400 38 1.000000 1.022000 1.083000 600 40 0.900000 0.071000 0.070000 1.200000 0.008000 0.009000
1495875231723373884	1400 44 1.200000 0.096000 0.122000 1400 38 1.000000 1.022000 1.083000 600 40 0.900000 0.071000 0.070000 1.200000 0.005000 0.006000
1495875232232530811	1400 44 1.200000 0.099000 0.126000 1400 38 1.000000 1.015000 1.075000 600 40 0.900000 0.070000 0.069000 1.200000 0.010000 0.012000
1495875232741759529	1400 44 1.200000 0.102000 0.129000 1400 38 1.000000 1.019000 1.080000 600 40 0.900000 0.071000 0.070000 1.200000 0.011000 0.013000
1495875233251041581	1400 44 1.200000 0.103000 0.131000 1400 38 1.000000 1.014000 1.074000 600 40 0.900000 0.071000 0.070000 1.200000 0.014000 0.016000
1495875233760221924	1400 44 1.200000 0.095000 0.120000 1400 38 1.000000 1.014000 1.074000 600 40 0.900000 0.071000 0.070000 1.200000 0.009000 0.010000
1495875234269517893	1400 44 1.200000 0.095000 0.121000 1400 38 1.000000 1.016000 1.076000 600 40 0.900000 0.071000 0.070000 1.200000 0.005000 0.006000
1495875234779041402	1400 44 1.200000 0.096000 0.122000 1400 38 1.000000 1.015000 1.075000 600 40 0.900000 0.070000 0.069000 1.200000 0.008000 0.009000
1495875235288359037	1400 44 1.200000 0.098000 0.124000 1400 38 1.000000 1.014000 1.074000 600 40 0.900000 0.070000 0.069000 1.200000 0.008000 0.009000
1495875235797477506	1400 44 1.200000 0.101000 0.128000 1400 38 1.000000 1.017000 1.078000 600 40 0.900000 0.071000 0.070000 1.200000 0.008000 0.009000
1495875236306612766	1400 44 1.200000 0.103000 0.131000 1400 38 1.000000 1.015000 1.075000 600 40 0.900000 0.071000 0.070000 1.200000 0.010000 0.012000
1495875236815733984	1400 44 1.200000 0.101000 0.128000 1400 38 1.000000 1.019000 1.080000 600 40 0.900000 0.071000 0.070000 1.200000 0.007000 0.008000
1495875237325035078	1400 44 1.200000 0.100000 0.127000 1400 38 1.000000 1.017000 1.078000 600 40 0.900000 0.070000 0.069000 1.200000 0.010000 0.012000
1495875237834187546	1400 44 1.200000 0.096000 0.122000 1400 38 1.000000 1.021000 1.082000 600 40 0.900000 0.071000 0.070000 1.200000 0.005000 0.006000
1495875238343286348	1400 44 1.200000 0.096000 0.122000 1400 38 1.000000 1.017000 1.078000 600 40 0.900000 0.071000 0.070000 1.200000 0.008000 0.009000
1495875238852483816	1400 44 1.200000 0.095000 0.120000 1400 38 1.000000 1.022000 1.084000 600 40 0.900000 0.071000 0.070000 1.200000 0.007000 0.008000
1495875239361590410	1400 44 1.200000 0.094000 0.119000 1400 38 1.000000 1.019000 1.081000 600 40 0.900000 0.071000 0.070000 1.200000 0.008000 0.009000
1495875239870943378	1400 44 1.200000 0.096000 0.122000 1400 38 1.000000 1.016000 1.076000 600 40 0.900000 0.071000 0.070000 1.200000 0.008000 0.009000
1495875240380042763	1400 44 1.200000 0.096000 0.122000 1400 38 1.000000 1.014000 1.074000 600 40 0.900000 0.071000 0.070000 1.200000 0.012000 0.014000
1495875240889247149	1400 44 1.200000 0.094000 0.119000 1400 38 1.000000 1.012000 1.072000 600 40 0.900000 0.071000 0.070000 1.200000 0.012000 0.014000
1495875241398380742	1400 44 1.200000 0.097000 0.123000 1400 38 1.000000 1.012000 1.073000 600 40 0.900000 0.071000 0.070000 1.200000 0.006000 0.007000
1495875241907771044	1400 44 1.200000 0.096000 0.122000 1400 38 1.000000 1.013000 1.073000 600 40 0.900000 0.071000 0.070000 1.200000 0.003000 0.003000
1495875242417030304	1400 44 1.200000 0.099000 0.126000 1400 38 1.000000 1.018000 1.079000 600 40 0.900000 0.071000 0.070000 1.200000 0.008000 0.009000
1495875242926288647	1400 44 1.200000 0.103000 0.131000 1400 38 1.000000 1.017000 1.079000 600 40 0.900000 0.071000 0.070000 1.200000 0.008000 0.009000
1495875243435394740	1400 44 1.200000 0.102000 0.129000 1400 38 1.000000 1.018000 1.079000 600 40 0.900000 0.071000 0.070000 1.200000 0.007000 0.008000
1495875243944536501	1400 44 1.200000 0.099000 0.126000 1400 38 1.000000 1.015000 1.075000 600 40 0.900000 0.071000 0.070000 1.200000 0.008000 0.009000
1495875244453628553	1400 44 1.200000 0.097000 0.123000 1400 38 1.000000 1.016000 1.076000 600 40 0.900000 0.071000 0.070000 1.200000 0.010000 0.012000
1495875244962731396	1400 44 1.200000 0.096000 0.122000 1400 38 1.000000 1.018000 1.079000 600 40 0.900000 0.071000 0.070000 1.200000 0.009000 0.010000
1495875245471861448	1400 44 1.200000 0.101000 0.128000 1400 38 1.000000 1.018000 1.079000 600 40 0.900000 0.071000 0.070000 1.200000 0.012000 0.014000
1495875245981165375	1400 44 1.200000 0.101000 0.128000 1400 38 1.000000 1.015000 1.076000 600 40 0.900000 0.071000 0.070000 1.200000 0.011000 0.013000
1495875246490286760	1400 44 1.200000 0.102000 0.129000 1400 38 1.000000 1.011000 1.072000 600 40 0.900000 0.071000 0.070000 1.200000 0.003000 0.003000
1495875246999529645	1400 44 1.200000 0.096000 0.122000 1400 38 1.000000 1.015000 1.075000 600 40 0.900000 0.071000 0.070000 1.200000 0.005000 0.006000
1495875247508717280	1400 44 1.200000 0.097000 0.123000 1400 38 1.000000 1.014000 1.075000 600 40 0.900000 0.071000 0.070000 1.200000 0.005000 0.006000
1495875248017998582	1400 44 1.200000 0.095000 0.121000 1400 38 1.000000 1.012000 1.072000 600 40 0.900000 0.071000 0.070000 1.200000 0.004000 0.004000
1495875248527098133	1400 44 1.200000 0.094000 0.119000 1400 38 1.000000 1.013000 1.074000 600 40 0.900000 0.070000 0.069000 1.200000 0.006000 0.007000
1495875249036266435	1400 44 1.200000 0.096000 0.122000 1400 38 1.000000 1.015000 1.076000 600 40 0.900000 0.071000 0.070000 1.200000 0.004000 0.004000
1495875249546258778	1400 42 1.200000 0.102000 0.129000 1400 38 1.000000 1.009000 1.070000 600 40 0.900000 0.071000 0.070000 1.200000 0.006000 0.007000
1495875250056207370	1400 42 1.200000 0.106000 0.134000 1400 37 1.000000 0.606000 0.643000 600 40 0.900000 0.071000 0.070000 1.200000 0.016000 0.019000
1495875250566420254	1400 42 1.200000 0.104000 0.132000 1400 37 1.000000 0.777000 0.822000 600 39 0.900000 0.070000 0.069000 1.200000 0.011000 0.013000
1495875251076374679	1400 42 1.200000 0.100000 0.127000 1400 37 1.000000 0.777000 0.823000 600 39 0.900000 0.070000 0.069000 1.200000 0.012000 0.014000
1495875251585826189	1400 44 1.200000 0.099000 0.126000 1400 37 1.000000 0.786000 0.833000 600 39 0.900000 0.070000 0.069000 1.200000 0.027000 0.032000
1495875252095088283	1400 46 1.200000 0.094000 0.119000 1400 38 1.000000 1.121000 1.189000 600 40 0.900000 0.070000 0.069000 1.200000 0.022000 0.026000
1495875252604220668	1400 46 1.200000 0.102000 0.129000 1400 38 1.000000 1.158000 1.228000 600 40 0.900000 0.070000 0.069000 1.200000 0.006000 0.007000
1495875253113315720	1400 46 1.200000 0.102000 0.129000 1400 38 1.000000 1.161000 1.231000 600 40 0.900000 0.071000 0.070000 1.200000 0.006000 0.007000
1495875253622459313	1400 46 1.200000 0.097000 0.123000 1400 38 1.000000 1.163000 1.233000 600 40 0.900000 0.071000 0.070000 1.200000 0.005000 0.006000
1495875254131588740	1400 46 1.200000 0.096000 0.122000 1400 39 1.000000 1.165000 1.236000 600 40 0.900000 0.071000 0.070000 1.200000 0.004000 0.004000
1495875254640701625	1400 46 1.200000 0.100000 0.127000 1400 38 1.000000 1.163000 1.233000 600 40 0.900000 0.071000 0.070000 1.200000 0.004000 0.004000
1495875255149824344	1400 46 1.200000 0.102000 0.129000 1400 38 1.000000 1.164000 1.235000 600 40 0.900000 0.072000 0.071000 1.200000 0.005000 0.006000
1495875255659143854	1400 46 1.200000 0.096000 0.122000 1400 39 1.000000 1.156000 1.226000 600 40 0.900000 0.071000 0.070000 1.200000 0.004000 0.004000
1495875256168278530	1400 46 1.200000 0.095000 0.120000 1400 39 1.000000 1.150000 1.220000 600 40 0.900000 0.071000 0.070000 1.200000 0.003000 0.003000
1495875256677737207	1400 46 1.200000 0.099000 0.126000 1400 39 1.000000 1.146000 1.215000 600 40 0.900000 0.071000 0.070000 1.200000 0.006000 0.007000
1495875257187060175	1400 46 1.200000 0.098000 0.124000 1400 39 1.000000 1.142000 1.211000 600 40 0.900000 0.071000 0.070000 1.200000 0.006000 0.007000
1495875257696226810	1400 46 1.200000 0.099000 0.126000 1400 39 1.000000 1.138000 1.207000 600 40 0.900000 0.071000 0.070000 1.200000 0.004000 0.004000
1495875258205334362	1400 46 1.200000 0.102000 0.129000 1400 39 1.000000 1.136000 1.205000 600 40 0.900000 0.071000 0.070000 1.200000 0.004000 0.004000
1495875258714517706	1400 46 1.200000 0.103000 0.131000 1400 39 1.000000 1.129000 1.197000 600 40 0.900000 0.071000 0.070000 1.200000 0.004000 0.004000
1495875259223793466	1400 46 1.200000 0.102000 0.129000 1400 39 1.000000 1.126000 1.194000 600 40 0.900000 0.071000 0.070000 1.200000 0.005000 0.006000
1495875259732989267	1400 47 1.200000 0.101000 0.128000 1400 39 1.000000 1.124000 1.192000 600 40 0.900000 0.071000 0.070000 1.200000 0.004000 0.004000
1495875260242138278	1400 47 1.200000 0.097000 0.123000 1400 39 1.000000 1.167000 1.238000 600 40 0.900000 0.071000 0.070000 1.200000 0.004000 0.004000
1495875260751388204	1400 47 1.200000 0.097000 0.123000 1400 39 1.000000 1.169000 1.240000 600 41 0.900000 0.071000 0.070000 1.200000 0.004000 0.004000
1495875261260578714	1400 47 1.200000 0.095000 0.121000 1400 39 1.000000 1.168000 1.239000 600 41 0.900000 0.071000 0.070000 1.200000 0.004000 0.004000
1495875261769834974	1400 47 1.200000 0.096000 0.122000 1400 39 1.000000 1.171000 1.242000 600 41 0.900000 0.072000 0.071000 1.200000 0.004000 0.004000
1495875262278956401	1400 47 1.200000 0.097000 0.123000 1400 39 1.000000 1.169000 1.240000 600 41 0.900000 0.071000 0.070000 1.200000 0.004000 0.004000
1495875262788179995	1400 47 1.200000 0.097000 0.123000 1400 39 1.000000 1.172000 1.243000 600 41 0.900000 0.071000 0.070000 1.200000 0.005000 0.006000
1495875263297287671	1400 47 1.200000 0.096000 0.122000 1400 39 1.000000 1.170000 1.241000 600 41 0.900000 0.072000 0.071000 1.200000 0.006000 0.007000
1495875263806591265	1400 47 1.200000 0.099000 0.126000 1400 39 1.000000 1.169000 1.240000 600 41 0.900000 0.072000 0.071000 1.200000 0.003000 0.003000
1495875264315655150	1400 47 1.200000 0.097000 0.123000 1400 39 1.000000 1.159000 1.229000 600 41 0.900000 0.072000 0.071000 1.200000 0.007000 0.008000
1495875264824935118	1400 47 1.200000 0.101000 0.128000 1400 39 1.000000 1.154000 1.224000 600 41 0.900000 0.071000 0.070000 1.200000 0.005000 0.006000
1495875265334025295	1400 47 1.200000 0.103000 0.131000 1400 39 1.000000 1.151000 1.221000 600 40 0.900000 0.071000 0.070000 1.200000 0.005000 0.006000
1495875265843199264	1400 46 1.200000 0.105000 0.133000 1400 39 1.000000 1.141000 1.210000 600 41 0.900000 0.071000 0.070000 1.200000 0.004000 0.004000
1495875266352331232	1400 46 1.200000 0.102000 0.129000 1400 39 1.000000 1.138000 1.207000 600 41 0.900000 0.072000 0.071000 1.200000 0.004000 0.004000
1495875266861590117	1400 46 1.200000 0.098000 0.124000 1400 39 1.000000 1.139000 1.208000 600 40 0.900000 0.072000 0.071000 1.200000 0.005000 0.006000
1495875267370734294	1400 47 1.200000 0.099000 0.126000 1400 39 1.000000 1.087000 1.153000 600 41 0.900000 0.072000 0.071000 1.200000 0.022000 0.026000
1495875267880041721	1400 47 1.200000 0.101000 0.128000 1400 39 1.000000 1.169000 1.240000 600 41 0.900000 0.072000 0.071000 1.200000 0.007000 0.008000
1495875268389157648	1400 47 1.200000 0.102000 0.129000 1400 39 1.000000 1.171000 1.242000 600 41 0.900000 0.072000 0.071000 1.200000 0.003000 0.003000
1495875268898377866	1400 47 1.200000 0.095000 0.120000 1400 39 1.000000 1.168000 1.239000 600 41 0.900000 0.071000 0.070000 1.200000 0.004000 0.004000
1495875269407547126	1400 47 1.200000 0.097000 0.123000 1400 39 1.000000 1.169000 1.240000 600 41 0.900000 0.072000 0.071000 1.200000 0.004000 0.004000
1495875269916785636	1400 47 1.200000 0.098000 0.124000 1400 39 1.000000 1.168000 1.239000 600 41 0.900000 0.072000 0.071000 1.200000 0.004000 0.004000
1495875270426075521	1400 47 1.200000 0.096000 0.122000 1400 39 1.000000 1.169000 1.240000 600 41 0.900000 0.072000 0.071000 1.200000 0.004000 0.004000
1495875270935249906	1400 47 1.200000 0.097000 0.123000 1400 39 1.000000 1.169000 1.240000 600 41 0.900000 0.072000 0.071000 1.200000 0.004000 0.004000
1495875271444473916	1400 47 1.200000 0.101000 0.128000 1400 39 1.000000 1.171000 1.242000 600 41 0.900000 0.071000 0.070000 1.200000 0.006000 0.007000
1495875271953795676	1400 47 1.200000 0.102000 0.129000 1400 39 1.000000 1.163000 1.233000 600 41 0.900000 0.072000 0.071000 1.200000 0.006000 0.007000
1495875272463047103	1400 47 1.200000 0.106000 0.134000 1400 39 1.000000 1.155000 1.225000 600 41 0.900000 0.072000 0.071000 1.200000 0.006000 0.007000
1495875272972282405	1400 47 1.200000 0.102000 0.129000 1400 39 1.000000 1.150000 1.220000 600 41 0.900000 0.072000 0.071000 1.200000 0.004000 0.004000
1495875273481536540	1400 47 1.200000 0.097000 0.123000 1400 39 1.000000 1.148000 1.218000 600 41 0.900000 0.072000 0.071000 1.200000 0.004000 0.004000
1495875273990736966	1400 47 1.200000 0.096000 0.122000 1400 39 1.000000 1.141000 1.210000 600 41 0.900000 0.072000 0.071000 1.200000 0.004000 0.004000
1495875274499960893	1400 46 1.200000 0.096000 0.122000 1400 39 1.000000 1.134000 1.203000 600 41 0.900000 0.072000 0.071000 1.200000 0.005000 0.006000
1495875275009197278	1400 47 1.200000 0.102000 0.129000 1400 39 1.000000 1.105000 1.172000 600 41 0.900000 0.071000 0.070000 1.200000 0.006000 0.007000
1495875275518418872	1400 47 1.200000 0.104000 0.132000 1400 39 1.000000 1.169000 1.240000 600 41 0.900000 0.072000 0.071000 1.200000 0.007000 0.008000
1495875276027635882	1400 47 1.200000 0.102000 0.129000 1400 39 1.000000 1.171000 1.242000 600 41 0.900000 0.072000 0.071000 1.200000 0.006000 0.007000
1495875276536797142	1400 47 1.200000 0.099000 0.125000 1400 39 1.000000 1.169000 1.240000 600 41 0.900000 0.072000 0.071000 1.200000 0.005000 0.006000
1495875277046169027	1400 47 1.200000 0.099000 0.125000 1400 39 1.000000 1.170000 1.241000 600 41 0.900000 0.072000 0.071000 1.200000 0.004000 0.004000
1495875277555294953	1400 47 1.200000 0.100000 0.127000 1400 39 1.000000 1.170000 1.241000 600 41 0.900000 0.071000 0.070000 1.200000 0.004000 0.004000
1495875278064458714	1400 47 1.200000 0.096000 0.122000 1400 39 1.000000 1.171000 1.242000 600 41 0.900000 0.072000 0.071000 1.200000 0.004000 0.004000
1495875278573755932	1400 47 1.200000 0.105000 0.133000 1400 39 1.000000 1.169000 1.240000 600 41 0.900000 0.072000 0.071000 1.200000 0.006000 0.007000
1495875279083085733	1400 47 1.200000 0.103000 0.131000 1400 39 1.000000 1.172000 1.243000 600 41 0.900000 0.072000 0.071000 1.200000 0.006000 0.007000
1495875279592283077	1400 47 1.200000 0.101000 0.128000 1400 39 1.000000 1.166000 1.237000 600 41 0.900000 0.072000 0.071000 1.200000 0.007000 0.008000
1495875280101557087	1400 47 1.200000 0.099000 0.125000 1400 39 1.000000 1.158000 1.228000 600 41 0.900000 0.072000 0.071000 1.200000 0.005000 0.006000
1495875280610659055	1400 47 1.200000 0.099000 0.126000 1400 39 1.000000 1.153000 1.223000 600 41 0.900000 0.072000 0.071000 1.200000 0.005000 0.006000
1495875281120001274	1400 47 1.200000 0.101000 0.128000 1400 39 1.000000 1.146000 1.215000 600 41 0.900000 0.072000 0.071000 1.200000 0.005000 0.006000
1495875281629119492	1400 47 1.200000 0.102000 0.129000 1400 39 1.000000 1.144000 1.213000 600 41 0.900000 0.072000 0.071000 1.200000 0.004000 0.004000
1495875282138377002	1400 47 1.200000 0.097000 0.123000 1400 39 1.000000 1.141000 1.210000 600 41 0.900000 0.072000 0.071000 1.200000 0.004000 0.004000
1495875282647609596	1400 47 1.200000 0.099000 0.126000 1400 39 1.000000 1.132000 1.201000 600 41 0.900000 0.072000 0.071000 1.200000 0.011000 0.013000
1495875283156752147	1400 47 1.200000 0.096000 0.122000 1400 39 1.000000 1.153000 1.223000 600 41 0.900000 0.072000 0.071000 1.200000 0.003000 0.003000
1495875283666025324	1400 47 1.200000 0.096000 0.122000 1400 39 1.000000 1.157000 1.227000 600 41 0.900000 0.072000 0.071000 1.200000 0.003000 0.003000
1495875284175198501	1400 47 1.200000 0.096000 0.122000 1400 39 1.000000 1.157000 1.227000 600 41 0.900000 0.072000 0.071000 1.200000 0.003000 0.003000
1495875284684435011	1400 47 1.200000 0.098000 0.124000 1400 39 1.000000 1.154000 1.224000 600 41 0.900000 0.072000 0.071000 1.200000 0.004000 0.004000
1495875285193600896	1400 47 1.200000 0.096000 0.122000 1400 39 1.000000 1.156000 1.226000 600 41 0.900000 0.072000 0.071000 1.200000 0.004000 0.004000
1495875285702965906	1400 47 1.200000 0.103000 0.131000 1400 39 1.000000 1.157000 1.227000 600 41 0.900000 0.072000 0.071000 1.200000 0.003000 0.003000
1495875286212130999	1400 47 1.200000 0.102000 0.129000 1400 39 1.000000 1.155000 1.225000 600 41 0.900000 0.072000 0.071000 1.200000 0.005000 0.006000
1495875286721451968	1400 47 1.200000 0.099000 0.125000 1400 39 1.000000 1.158000 1.228000 600 41 0.900000 0.072000 0.071000 1.200000 0.006000 0.007000
1495875287230600728	1400 47 1.200000 0.098000 0.124000 1400 39 1.000000 1.150000 1.220000 600 41 0.900000 0.072000 0.071000 1.200000 0.006000 0.007000
1495875287739825863	1400 47 1.200000 0.101000 0.128000 1400 39 1.000000 1.150000 1.220000 600 41 0.900000 0.072000 0.071000 1.200000 0.005000 0.006000
1495875288248981165	1400 47 1.200000 0.103000 0.131000 1400 39 1.000000 1.143000 1.212000 600 41 0.900000 0.072000 0.071000 1.200000 0.004000 0.004000
1495875288758094592	1400 47 1.200000 0.104000 0.132000 1400 39 1.000000 1.142000 1.211000 600 41 0.900000 0.072000 0.071000 1.200000 0.003000 0.003000
1495875289267371477	1400 47 1.200000 0.101000 0.128000 1400 39 1.000000 1.135000 1.204000 600 41 0.900000 0.072000 0.071000 1.200000 0.004000 0.004000
1495875289776620403	1400 47 1.200000 0.100000 0.127000 1400 39 1.000000 1.132000 1.201000 600 41 0.900000 0.072000 0.071000 1.200000 0.004000 0.004000
1495875290285488789	1400 41 1.200000 0.099000 0.125000 1400 39 1.000000 1.134000 1.203000 600 41 0.900000 0.072000 0.071000 1.200000 0.003000 0.003000
1495875290794404008	1400 39 1.200000 0.097000 0.123000 1400 37 1.000000 0.294000 0.314000 600 39 0.900000 0.071000 0.070000 1.200000 0.003000 0.003000
