#Timestamp	Benchmark	CPU(4) Frequency(MHz)	CPU(4) Temperature(C)	A15 Voltage(V)	A15 Current(A)	A15 Power(W)	CPU_CYCLES	L1I_CACHE_REFILL	L1I_TLB_REFILL	L1D_CACHE_ACCESS	L1D_TLB_REFILL	INST_RETIRED	EXCEPTION_TAKEN
1495799541911182792	parsec.dedup	1800	31	1.100000	0.469000	0.560000	545522980	5565229	1618872	122886684	1905462	242767835	27575
1495799542421250667	parsec.dedup	1800	32	1.100000	1.126000	1.348000	861434859	9003064	2606109	189346119	3058250	367420711	45310
1495799542931347334	parsec.dedup	1800	33	1.100000	1.129000	1.352000	873278984	8932811	2596105	197463907	3061025	391550539	45281
1495799543442541950	parsec.dedup	1800	33	1.100000	1.145000	1.371000	587130297	3463475	1858825	127304924	2161852	202394566	13916
1495799543953822950	parsec.dedup	1800	33	1.100000	0.929000	1.112000	591682208	3511552	1891710	128162086	2176421	203719246	14041
1495799544465044691	parsec.dedup	1800	34	1.100000	0.919000	1.100000	590951896	3497735	1905902	128328968	2178239	204002443	14008
1495799544976871941	parsec.dedup	1800	34	1.100000	0.926000	1.108000	840252983	3494160	2191982	202443530	3068184	329295808	35946
1495799545486611063	parsec.dedup	1800	34	1.100000	1.025000	1.226000	901182096	2163059	1173555	401113541	1592998	1095974204	16165
1495799545996638648	parsec.dedup	1800	35	1.200000	1.408000	1.689000	901155910	1771362	912013	433772831	1231041	1162046325	11836
1495799546505730347	parsec.dedup	1800	36	1.200000	1.383000	1.659000	901164445	1963810	888993	441355150	1194913	1210517691	10493
1495799547014970965	parsec.dedup	1800	36	1.200000	1.434000	1.720000	901125406	1635003	752407	421448284	963564	1284689012	8683
1495799547524345436	parsec.dedup	1800	36	1.200000	1.430000	1.716000	901213598	2100777	952040	426899830	1650146	1221057906	11334
1495799548033555955	parsec.dedup	1800	36	1.200000	1.428000	1.713000	901141576	1901445	885764	441399758	1874837	1233823451	10356
1495799548542988981	parsec.dedup	1800	37	1.200000	1.451000	1.741000	901177955	2210319	991157	435575661	2162288	1178678737	11577
1495799549052099142	parsec.dedup	1800	37	1.200000	1.415000	1.698000	901182465	2367818	1082554	465359479	2472996	1210613515	12885
1495799549561212179	parsec.dedup	1800	37	1.200000	1.380000	1.656000	901134784	3409052	1653256	414847447	3684957	921615485	19424
1495799550070534351	parsec.dedup	1800	37	1.200000	1.428000	1.713000	901161847	4143011	2064732	348725925	4149631	663851593	24187
1495799550580063890	parsec.dedup	1800	37	1.100000	1.307000	1.565000	901302488	4160166	2059993	345235167	4151845	658710005	24528
1495799551089448775	parsec.dedup	1800	37	1.100000	1.314000	1.574000	901262215	4103561	2001576	352339632	4130971	671821304	23585
1495799551598821645	parsec.dedup	1800	37	1.200000	1.320000	1.584000	901145211	4205695	2073295	340658414	4130533	651591024	24728
1495799552108203822	parsec.dedup	1800	37	1.100000	1.309000	1.568000	901167655	4147805	2054680	343451645	4284946	652078712	24422
1495799552617741475	parsec.dedup	1800	37	1.100000	1.306000	1.564000	901146915	4186027	2086618	336135867	4554218	635255931	24985
1495799553127246480	parsec.dedup	1800	37	1.100000	1.302000	1.559000	901153655	4194831	2087109	336595898	4566955	635181288	24955
1495799553636681454	parsec.dedup	1800	37	1.100000	1.301000	1.558000	901134614	4181129	2065458	341103425	4502653	642429402	24336
1495799554146121281	parsec.dedup	1800	37	1.200000	1.313000	1.575000	901142616	4230495	2076809	339533274	4198337	649939009	24414
1495799554655483781	parsec.dedup	1800	37	1.100000	1.312000	1.571000	901192920	4183887	2042665	342603634	4350446	648451719	24089
1495799555164988092	parsec.dedup	1800	37	1.100000	1.314000	1.574000	901414441	3862108	1880695	338541199	3487285	685380155	22142
1495799555674366238	parsec.dedup	1800	37	1.200000	1.329000	1.594000	901186939	3947429	1939356	333075179	3422882	685883188	23154
1495799556184137696	parsec.dedup	1800	37	1.200000	1.305000	1.566000	901155210	3690167	1824872	318295662	2758377	696136182	21748
1495799556693540192	parsec.dedup	1800	37	1.100000	1.325000	1.587000	901122415	4135260	2079509	291001068	2553166	671820308	24516
1495799557202780001	parsec.dedup	1800	37	1.100000	1.279000	1.532000	901143539	4551781	2315119	278208087	2837437	627682927	24674
1495799557712184385	parsec.dedup	1800	37	1.200000	1.267000	1.520000	901152196	4222986	2131926	288623650	2629296	657343246	24938
1495799558221690500	parsec.dedup	1800	38	1.100000	1.275000	1.527000	901162525	4247026	2159207	287075108	2632219	663190846	24425
1495799558731302310	parsec.dedup	1800	38	1.200000	1.285000	1.542000	901204885	4112773	2056134	290050616	2542997	670484148	24142
1495799559240564894	parsec.dedup	1800	38	1.200000	1.279000	1.534000	901239270	3777403	1900436	293154208	2355001	691897721	22751
1495799559749914253	parsec.dedup	1800	37	1.200000	1.283000	1.539000	901182350	4217402	2112891	286220008	2590628	664441423	24299
1495799560259303677	parsec.dedup	1800	38	1.100000	1.281000	1.534000	901251085	4044529	2019070	290970593	2504479	673926875	23728
1495799560768472998	parsec.dedup	1800	38	1.100000	1.283000	1.537000	901172535	3742135	1879443	293895266	2367947	695830912	22625
1495799561278061092	parsec.dedup	1800	38	1.200000	1.279000	1.534000	901174049	3904997	1956985	293526760	2468316	686272830	23194
1495799561787451080	parsec.dedup	1800	38	1.200000	1.281000	1.537000	901144217	4111041	2057725	289748101	2564818	671233263	23549
1495799562296962258	parsec.dedup	1800	38	1.100000	1.285000	1.539000	901130368	4033745	2030743	291528400	2532727	678237721	23237
1495799562806458953	parsec.dedup	1800	38	1.100000	1.285000	1.539000	901148431	4232323	2141255	284907969	2606435	664332617	24657
1495799563316021545	parsec.dedup	1800	38	1.100000	1.266000	1.516000	901154655	3997152	2006061	293641867	2485346	679338201	23830
1495799563825323236	parsec.dedup	1800	38	1.200000	1.286000	1.543000	901109105	4320107	2184657	282980892	2650045	653923625	24579
1495799564334657616	parsec.dedup	1800	38	1.100000	1.274000	1.526000	901101354	4164433	2096345	288380333	2573354	659977946	23496
1495799564844009800	parsec.dedup	1800	38	1.200000	1.281000	1.537000	901143166	4159951	2105606	289338073	2561650	665015663	23469
1495799565353303382	parsec.dedup	1800	38	1.100000	1.279000	1.532000	901121309	4121949	2065959	290975500	2544240	668964125	23966
1495799565862710306	parsec.dedup	1800	38	1.100000	1.276000	1.528000	901154676	4164703	2096616	291099910	2576009	664966645	24591
1495799566372060254	parsec.dedup	1800	38	1.200000	1.278000	1.533000	901115935	4140280	2085506	287503576	2567351	667823386	24185
1495799566881587168	parsec.dedup	1800	38	1.200000	1.285000	1.542000	901234579	4198892	2119373	286039903	2596400	657413932	24901
1495799567390956937	parsec.dedup	1800	38	1.200000	1.285000	1.542000	901189541	4366976	2219114	281490658	2694330	648164321	25004
1495799567900603505	parsec.dedup	1800	38	1.200000	1.310000	1.572000	901140220	3814253	2034277	278713073	2448000	641569872	22367
1495799568410537010	parsec.dedup	1800	38	1.200000	1.288000	1.545000	901361210	4302204	2162255	284366808	2637449	655850005	24368
1495799568920348188	parsec.dedup	1800	38	1.200000	1.291000	1.549000	901329000	3997819	2010629	281312278	2470755	634018806	21893
1495799569429917971	parsec.dedup	1800	38	1.100000	1.287000	1.541000	901293889	4178838	2082922	290684960	2583358	667383217	24343
1495799569939193174	parsec.dedup	1800	38	1.100000	1.275000	1.527000	901235197	4509313	2268102	280778320	2779599	645260057	24862
1495799570448547607	parsec.dedup	1800	38	1.100000	1.293000	1.549000	901264174	4419922	2201713	284423706	2711047	648591580	24805
1495799570958248876	parsec.dedup	1800	38	1.200000	1.285000	1.542000	901078505	4182418	2094590	285635330	2585424	664400914	24292
1495799571467728457	parsec.dedup	1800	38	1.200000	1.286000	1.543000	901068870	4049994	2023699	289870815	2500880	679870936	23847
1495799571977127998	parsec.dedup	1800	38	1.200000	1.282000	1.538000	901100150	3929211	1967092	290844734	2436224	683106031	23364
1495799572486535559	parsec.dedup	1800	38	1.100000	1.288000	1.543000	901136628	4235210	2136611	285857213	2635479	659335650	24487
1495799572996429871	parsec.dedup	1800	38	1.200000	1.283000	1.539000	901144881	3958509	1998100	291664445	2495987	674250356	23465
1495799573506098702	parsec.dedup	1800	38	1.200000	1.286000	1.543000	901241180	4200822	2120900	289128796	2621786	662280307	24628
1495799574015429742	parsec.dedup	1800	38	1.200000	1.282000	1.538000	901113605	4207030	2101399	288493147	2599053	665911053	24221
1495799574524864800	parsec.dedup	1800	38	1.200000	1.278000	1.533000	901087975	3871653	1944236	290291741	2424766	689842637	23206
1495799575034272068	parsec.dedup	1800	38	1.200000	1.285000	1.542000	901067439	3931644	1958119	291556416	2423579	686932125	23236
1495799575543513769	parsec.dedup	1800	38	1.200000	1.285000	1.542000	901099866	4099821	2057918	289322366	2554243	669640845	23557
1495799576052806221	parsec.dedup	1800	38	1.200000	1.278000	1.533000	901104385	4179589	2106127	286378151	2562323	664376103	24264
1495799576562288812	parsec.dedup	1800	38	1.200000	1.285000	1.542000	901081370	4117598	2052562	290546739	2551942	666606856	24370
1495799577071762823	parsec.dedup	1800	38	1.100000	1.277000	1.529000	901066835	4396671	2219544	280082701	2687025	651414410	24905
1495799577581200054	parsec.dedup	1800	38	1.200000	1.277000	1.532000	901098800	3996748	2010044	288633130	2467249	677708684	23871
1495799578090513080	parsec.dedup	1800	38	1.200000	1.286000	1.543000	901074980	4059225	2007043	283604062	2505520	659904496	23542
1495799578599946118	parsec.dedup	1800	38	1.200000	1.282000	1.538000	507795481	1446552	662091	117319598	1133784	260619325	7181
1495799579109860450	parsec.facesim	1800	38	1.100000	1.195000	1.431000	901430316	9265470	2698059	201768589	3177354	394932332	46946
1495799579619722000	parsec.facesim	1800	38	1.100000	1.174000	1.406000	901247231	9288069	2698596	200002699	3164950	391687604	47078
1495799580129543304	parsec.facesim	1800	38	1.100000	1.184000	1.418000	899232322	8947703	2625657	203637278	3105000	407040468	45663
1495799580639499575	parsec.facesim	1800	38	1.100000	1.191000	1.426000	801793491	2319395	1015064	292227965	1279563	670137971	11140
1495799581149718350	parsec.facesim	1800	38	1.100000	1.176000	1.408000	888788196	1902661	1181442	274464527	1647071	712397580	17575
1495799581659382258	parsec.facesim	1800	38	1.100000	1.229000	1.472000	901202880	991008	455212	159661095	1268325	472050657	5867
1495799582168501504	parsec.facesim	1800	38	1.100000	1.166000	1.396000	901302504	322923	200827	179355994	1337099	478902073	2662
1495799582677832423	parsec.facesim	1800	38	1.100000	1.097000	1.314000	897836818	452733	163260	140205867	1139367	437330378	1543
1495799583187122721	parsec.facesim	1800	38	1.100000	1.142000	1.368000	898791587	491192	250579	143438024	1523830	369757748	2885
1495799583696636234	parsec.facesim	1800	38	1.100000	1.126000	1.348000	901090775	913966	542597	179576751	1722812	422987346	7807
1495799584205745667	parsec.facesim	1800	38	1.100000	1.119000	1.340000	901088990	681120	418593	158911409	1460935	384416300	5998
1495799584714983689	parsec.facesim	1800	38	1.100000	1.108000	1.327000	901085850	725540	460821	160350988	1481913	388359561	6636
1495799585224255758	parsec.facesim	1800	38	1.100000	1.109000	1.328000	901075732	545935	323294	160684680	1170147	457948724	4798
1495799585733783539	parsec.facesim	1800	38	1.100000	1.106000	1.324000	901078228	69191	27173	518532687	702989	1010458512	116
1495799586243041699	parsec.facesim	1800	39	1.200000	1.235000	1.482000	901141122	80154	28605	905412246	1208086	1318224225	125
1495799586752192739	parsec.facesim	1800	39	1.200000	1.800000	2.163000	895620412	1869819	1209336	226890774	1863028	592409490	20839
1495799587261661575	parsec.facesim	1800	38	1.200000	1.209000	1.450000	897131829	4696576	297317	436436632	6607219	800398312	4738
1495799587770949831	parsec.facesim	1800	39	1.200000	1.397000	1.676000	901087340	4729762	28857	448012865	6974508	841131892	116
1495799588280122216	parsec.facesim	1800	39	1.200000	1.382000	1.658000	901076944	4567195	28644	434844115	6879275	824430634	117
1495799588789341480	parsec.facesim	1800	39	1.200000	1.375000	1.650000	898904050	4921902	36571	431122705	5766052	845884739	196
1495799589298536706	parsec.facesim	1800	39	1.200000	1.374000	1.648000	901084575	7614849	28533	413767420	6561497	815409518	128
1495799589807732643	parsec.facesim	1800	39	1.200000	1.365000	1.638000	901084860	7524897	27765	407333003	6509161	806470059	116
1495799590316944585	parsec.facesim	1800	39	1.200000	1.355000	1.626000	901176840	7350908	30184	396738930	6443409	791374217	114
1495799590826220487	parsec.facesim	1800	39	1.200000	1.357000	1.628000	901071915	4317423	29004	342465963	5376840	722686912	137
1495799591335476060	parsec.facesim	1800	39	1.100000	1.184000	1.418000	901071830	107209	50488	182434432	1191401	385234451	619
1495799591844695801	parsec.facesim	1800	38	1.100000	1.103000	1.321000	901071540	51483	21715	171581781	239791	351204673	116
1495799592353901922	parsec.facesim	1800	38	1.100000	1.089000	1.304000	901075430	54748	23156	170758136	237453	348468009	117
1495799592863178377	parsec.facesim	1800	38	1.100000	1.116000	1.336000	901069425	51536	22079	166579327	230950	339416055	116
1495799593372480754	parsec.facesim	1800	38	1.100000	1.091000	1.307000	901067840	53360	23140	166125307	232858	338891349	117
1495799593881706381	parsec.facesim	1800	38	1.100000	1.094000	1.310000	901072375	51269	22044	166405476	230977	339036284	116
1495799594391031930	parsec.facesim	1800	38	1.100000	1.088000	1.303000	901072050	52960	22916	167070841	233462	340856784	117
1495799594900343812	parsec.facesim	1800	38	1.100000	1.099000	1.316000	901140515	52585	22694	167263302	232532	340811903	117
1495799595409704115	parsec.facesim	1800	38	1.100000	1.095000	1.311000	901067315	53719	22933	165815223	230580	338151010	117
1495799595918946961	parsec.facesim	1800	38	1.100000	1.094000	1.310000	901075620	51057	22272	169851280	237463	346681415	116
1495799596428391227	parsec.facesim	1800	38	1.100000	1.098000	1.315000	901074465	53374	22828	165406435	230661	337547752	117
1495799596937682411	parsec.facesim	1800	38	1.100000	1.092000	1.308000	901076470	52992	22299	168484387	235182	343398023	116
1495799597446931223	parsec.facesim	1800	38	1.100000	1.107000	1.326000	901059255	53606	23032	169418357	235203	345626990	117
1495799597956244911	parsec.facesim	1800	38	1.100000	1.090000	1.305000	901047185	51291	22194	165629194	231259	337810234	116
1495799598465545894	parsec.facesim	1800	38	1.100000	1.088000	1.303000	901198650	52775	23195	167882058	233299	342201053	117
1495799598974805669	parsec.facesim	1800	38	1.100000	1.096000	1.313000	901138515	53238	22584	165850574	231407	338221316	118
1495799599484022864	parsec.facesim	1800	38	1.100000	1.091000	1.307000	901055090	54614	22149	168351293	235407	343177212	115
1495799599993210059	parsec.facesim	1800	38	1.100000	1.097000	1.314000	901054955	53711	22777	167431506	233297	341925333	116
1495799600502622799	parsec.facesim	1800	38	1.100000	1.091000	1.307000	901061645	52827	22264	168120885	234865	342564810	117
1495799601012051665	parsec.facesim	1800	38	1.100000	1.088000	1.303000	901057320	52283	22847	166708438	233334	340104964	116
1495799601521376575	parsec.facesim	1800	38	1.100000	1.088000	1.303000	901039065	50963	21256	168021424	233191	342476941	116
1495799602030615861	parsec.facesim	1800	38	1.100000	1.096000	1.313000	901161720	51625	21841	168480750	235054	344216516	117
1495799602540029857	parsec.facesim	1800	38	1.100000	1.096000	1.313000	901262215	4208374	26749	307412138	3708129	615816714	131
1495799603049476979	parsec.facesim	1800	39	1.100000	1.101000	1.318000	901249125	7622831	27598	411380834	6720635	830456730	117
1495799603558686353	parsec.facesim	1800	39	1.200000	1.376000	1.651000	901224965	7511389	28062	402078595	6670656	816220349	116
1495799604067872853	parsec.facesim	1800	39	1.200000	1.370000	1.644000	901215750	7329904	28787	396530320	6668567	809019982	117
1495799604577031938	parsec.facesim	1800	39	1.200000	1.356000	1.627000	901215175	2707765	27730	340887589	5537345	755862600	138
1495799605086343108	parsec.facesim	1800	39	1.200000	1.377000	1.652000	901261730	2566236	1001184	321873950	1849217	703970170	2149
1495799605596011362	parsec.facesim	1800	39	1.200000	1.463000	1.755000	605407586	3034047	899404	117529432	1212922	274434077	15165
1495799606105989617	parsec.freqmine	1800	39	1.100000	0.790000	0.944000	901556896	9354966	2729666	194893447	3222264	376436541	47503
1495799606615810666	parsec.freqmine	1800	38	1.100000	1.181000	1.414000	901387058	9212376	2692009	200343080	3178757	395295156	46806
1495799607125752739	parsec.freqmine	1800	39	1.100000	1.187000	1.422000	882259646	7198140	2137806	174880810	2548126	353569886	36857
1495799607635472973	parsec.freqmine	1800	38	1.100000	1.192000	1.428000	901281294	254944	119337	78311054	214201	187714204	1244
1495799608144746687	parsec.freqmine	1800	38	1.100000	0.994000	1.189000	901261752	263225	120731	78707260	223421	188476946	1272
1495799608654214958	parsec.freqmine	1800	38	1.100000	0.993000	1.188000	901273820	251802	116152	78013493	211615	187100277	1214
1495799609163548083	parsec.freqmine	1800	38	1.100000	0.995000	1.192000	901186864	255036	118937	78492893	208548	188316515	1216
1495799609673356210	parsec.freqmine	1800	38	1.100000	0.994000	1.189000	901454267	255737	119654	78623747	208497	188497277	1221
1495799610182842365	parsec.freqmine	1800	37	1.100000	0.995000	1.191000	901162555	256764	120126	78579714	209648	188492158	1222
1495799610692276558	parsec.freqmine	1800	37	1.100000	0.994000	1.189000	901140527	255403	119546	78510113	210962	188312741	1219
1495799611201990736	parsec.freqmine	1800	37	1.100000	0.994000	1.189000	901168346	257878	121123	78504676	204710	188129096	1222
1495799611711357362	parsec.freqmine	1800	37	1.100000	0.994000	1.189000	901171481	251001	117528	78564097	208322	188417354	1221
1495799612221101724	parsec.freqmine	1800	37	1.100000	0.994000	1.189000	901152885	254196	117231	78529912	209926	188348084	1216
1495799612730556191	parsec.freqmine	1800	37	1.100000	0.994000	1.189000	901174035	253895	118714	78616972	211551	188500056	1217
1495799613240032154	parsec.freqmine	1800	37	1.100000	0.995000	1.191000	901156495	253683	119366	78515894	209997	188376355	1215
1495799613749609581	parsec.freqmine	1800	37	1.100000	0.994000	1.189000	901257372	253088	118521	78630425	209820	188491458	1218
1495799614258970843	parsec.freqmine	1800	37	1.100000	0.995000	1.191000	901180833	254763	118843	78602741	209202	188533254	1221
1495799614768412520	parsec.freqmine	1800	37	1.100000	0.993000	1.188000	901155640	260475	123449	80348138	215984	193048802	1342
1495799615277724493	parsec.freqmine	1800	38	1.100000	0.994000	1.189000	901118933	323255	183629	212341199	645366	1249317078	1994
1495799615786995332	parsec.freqmine	1800	38	1.200000	1.377000	1.652000	901125576	543056	306950	202058791	2792270	1076740315	4104
1495799616296423841	parsec.freqmine	1800	38	1.200000	1.393000	1.671000	901121795	1585130	886274	199869383	8010933	469609331	14003
1495799616805534461	parsec.freqmine	1800	38	1.100000	1.107000	1.326000	901104400	734003	429923	272922248	4378178	586898765	6436
1495799617314658964	parsec.freqmine	1800	38	1.100000	1.198000	1.435000	901068585	116291	27661	506240695	804194	985476933	127
1495799617823704192	parsec.freqmine	1800	39	1.200000	1.450000	1.740000	901305630	111397	27381	545452754	690764	1025396255	120
1495799618332781932	parsec.freqmine	1800	39	1.200000	1.471000	1.765000	901083940	109996	26136	553122887	713833	1029198287	114
1495799618841844888	parsec.freqmine	1800	39	1.200000	1.468000	1.761000	901089539	116170	28392	515606425	908291	981298674	122
1495799619350990690	parsec.freqmine	1800	39	1.200000	1.452000	1.742000	901086594	112925	27419	551584900	691109	1031662228	121
1495799619860042246	parsec.freqmine	1800	39	1.200000	1.475000	1.770000	901087346	107164	25679	557374526	656284	1037969622	116
1495799620369096650	parsec.freqmine	1800	40	1.200000	1.474000	1.768000	901083416	112851	27064	543042987	759712	1017908075	118
1495799620878120759	parsec.freqmine	1800	39	1.200000	1.468000	1.761000	901083231	108196	26058	557197010	651574	1036485747	116
1495799621387236591	parsec.freqmine	1800	39	1.200000	1.476000	1.771000	901079520	111076	26241	559448378	631563	1039685753	116
1495799621896586620	parsec.freqmine	1800	40	1.200000	1.473000	1.767000	901216485	111353	26494	550217653	733749	1022295060	117
1495799622406052792	parsec.freqmine	1800	40	1.200000	1.473000	1.767000	901081123	114559	27423	541569908	776133	1014872863	119
1495799622915082368	parsec.freqmine	1800	40	1.200000	1.469000	1.762000	901085099	110973	26317	556492926	655517	1038681042	116
1495799623424186713	parsec.freqmine	1800	40	1.200000	1.476000	1.771000	901076875	111980	26642	552690848	718310	1028692756	116
1495799623933399745	parsec.freqmine	1800	40	1.200000	1.471000	1.765000	901088440	111593	26793	551632578	738494	1026583973	116
1495799624442480257	parsec.freqmine	1800	40	1.200000	1.474000	1.768000	901085688	113250	26846	537328129	848627	1004694860	117
1495799624951609493	parsec.freqmine	1800	40	1.200000	1.455000	1.746000	901082088	110891	25629	559888058	749825	1035106188	114
1495799625460662918	parsec.freqmine	1800	40	1.200000	1.479000	1.774000	901082495	111759	26128	551982580	806717	1022813590	112
1495799625969850145	parsec.freqmine	1800	40	1.200000	1.469000	1.762000	901203350	109724	25113	546025675	807240	1017083059	113
1495799626478876812	parsec.freqmine	1800	40	1.200000	1.467000	1.760000	901086289	111400	25827	557177428	714106	1033237870	115
1495799626987968402	parsec.freqmine	1800	40	1.200000	1.476000	1.771000	901072358	109709	25154	554745914	792451	1025080042	112
1495799627497136847	parsec.freqmine	1800	40	1.200000	1.460000	1.752000	901204678	113337	26969	534399126	857855	1002648889	115
1495799628006329462	parsec.freqmine	1800	40	1.200000	1.477000	1.772000	901082262	109649	25266	553907044	804208	1023288347	112
1495799628515407934	parsec.freqmine	1800	40	1.200000	1.459000	1.750000	901055538	111977	26269	546463663	847636	1013301711	113
1495799629024545285	parsec.freqmine	1800	40	1.200000	1.464000	1.756000	901065545	111630	24915	537477160	886441	1002304754	112
1495799629534008314	parsec.freqmine	1800	40	1.200000	1.443000	1.731000	901087536	91723	26948	479733649	939102	957239032	121
1495799630043159270	parsec.freqmine	1800	40	1.100000	1.262000	1.511000	901341245	108063	32519	295952821	1122289	754318633	156
1495799630552387150	parsec.freqmine	1800	40	1.100000	1.205000	1.443000	901072844	221755	94259	265258660	1789999	646602237	1191
1495799631061629541	parsec.freqmine	1800	39	1.100000	1.228000	1.471000	901095196	156746	68409	287780838	2505408	705794065	733
1495799631570754851	parsec.freqmine	1800	39	1.200000	1.292000	1.550000	901104674	163548	73271	285374144	2733845	680703651	776
1495799632080014508	parsec.freqmine	1800	39	1.100000	1.294000	1.550000	606829836	616536	206080	177905214	1886026	398091295	2989
1495799632589750031	parsec.streamcluster	1800	39	1.100000	1.220000	1.461000	901214491	9242377	2691394	199340790	3162006	390944527	46336
1495799633099378490	parsec.streamcluster	1800	39	1.100000	0.790000	0.945000	901250845	9240670	2675136	197801777	3145628	387710334	46559
1495799633609328977	parsec.streamcluster	1800	39	1.100000	1.183000	1.417000	899360477	8935812	2612919	201955419	3090707	404183915	45101
1495799634119079944	parsec.streamcluster	1800	39	1.100000	1.189000	1.424000	893333755	1217430	446995	305618667	1378244	681690111	7429
1495799634628340857	parsec.streamcluster	1800	39	1.200000	1.370000	1.644000	901110926	59304	21767	295261966	1119657	677791874	116
1495799635137577210	parsec.streamcluster	1800	40	1.200000	1.414000	1.696000	901097438	58638	22126	295344149	1120242	678027745	117
1495799635646845040	parsec.streamcluster	1800	40	1.200000	1.416000	1.699000	901099905	57707	21895	295400154	1119843	678269178	116
1495799636156091354	parsec.streamcluster	1800	40	1.200000	1.417000	1.700000	901083474	59003	22592	295282409	1120456	677902675	117
1495799636665234851	parsec.streamcluster	1800	40	1.200000	1.418000	1.701000	901099793	57751	22081	295238605	1120272	678121075	114
1495799637174436291	parsec.streamcluster	1800	40	1.200000	1.418000	1.701000	901221225	59659	23942	295426573	1120162	678045937	117
1495799637683810741	parsec.streamcluster	1800	40	1.200000	1.418000	1.701000	901365005	58425	23768	295424460	1121172	678365462	117
1495799638193213136	parsec.streamcluster	1800	40	1.200000	1.419000	1.702000	901263878	61032	24107	295339296	1121027	678322387	117
1495799638702451997	parsec.streamcluster	1800	40	1.200000	1.418000	1.701000	901226350	60387	23842	294992473	1120938	677791689	118
1495799639211740680	parsec.streamcluster	1800	41	1.200000	1.418000	1.701000	901241522	58911	22091	294267335	1124624	678252384	117
1495799639720995740	parsec.streamcluster	1800	41	1.200000	1.416000	1.699000	901220678	57693	21493	294189397	1126852	678630773	116
1495799640230238749	parsec.streamcluster	1800	41	1.200000	1.416000	1.699000	901230970	58648	22215	294079730	1123993	678825715	114
1495799640739541465	parsec.streamcluster	1800	41	1.200000	1.417000	1.700000	901230682	59471	22303	293750942	1125516	678501152	112
1495799641248799756	parsec.streamcluster	1800	41	1.200000	1.416000	1.699000	901344825	60391	22214	293567404	1128373	678730147	114
1495799641757989709	parsec.streamcluster	1800	41	1.200000	1.416000	1.699000	901210800	58233	22160	293617711	1128366	678952273	112
1495799642267266321	parsec.streamcluster	1800	41	1.200000	1.416000	1.699000	901227098	61466	23890	293030507	1151522	677985232	115
1495799642776518008	parsec.streamcluster	1800	41	1.200000	1.415000	1.698000	901212712	58270	22676	292960405	1152185	678216159	113
1495799643285729856	parsec.streamcluster	1800	41	1.200000	1.416000	1.699000	901226613	58869	23157	292849868	1155056	677954555	113
1495799643795130608	parsec.streamcluster	1800	41	1.200000	1.415000	1.698000	901215517	58298	22948	291620150	1244672	675517734	112
1495799644304775687	parsec.streamcluster	1800	41	1.200000	1.414000	1.696000	901220450	58441	24084	291584994	1241778	675607724	113
1495799644814010545	parsec.streamcluster	1800	41	1.200000	1.414000	1.696000	901436928	58221	23119	291549603	1245269	675537959	113
1495799645323236275	parsec.streamcluster	1800	41	1.200000	1.413000	1.695000	901257037	58475	23876	291500086	1243278	675432085	113
1495799645832482652	parsec.streamcluster	1800	41	1.200000	1.413000	1.695000	901232525	57208	23526	291520655	1250382	675434973	112
1495799646341783778	parsec.streamcluster	1800	41	1.200000	1.412000	1.694000	901237005	59542	23807	291537966	1252882	675590658	113
1495799646851102298	parsec.streamcluster	1800	41	1.200000	1.413000	1.695000	901348785	59028	23467	290774908	1266238	673964677	113
1495799647360255443	parsec.streamcluster	1800	41	1.200000	1.412000	1.694000	901106585	59682	22716	290498105	1267631	673323335	113
1495799647869474688	parsec.streamcluster	1800	41	1.200000	1.412000	1.694000	901110920	58570	21575	290620842	1269454	673736309	112
1495799648378728724	parsec.streamcluster	1800	41	1.200000	1.412000	1.694000	901087765	58644	21826	290495889	1272031	673390846	113
1495799648888014608	parsec.streamcluster	1800	41	1.200000	1.413000	1.695000	901207815	58683	21859	290491825	1274222	673413219	113
1495799649397359450	parsec.streamcluster	1800	41	1.200000	1.412000	1.694000	901090345	61230	22612	290551113	1259590	673443343	117
1495799649907146845	splash2x.barnes	1800	40	1.100000	0.973000	1.165000	605458928	5740358	1687672	139305182	2056665	277511225	28828
1495799650417155864	splash2x.barnes	1800	40	1.100000	1.185000	1.419000	901285645	9256854	2688031	195489346	3171565	379292587	46871
1495799650926967644	splash2x.barnes	1800	40	1.100000	1.191000	1.426000	901216862	9078789	2645664	201021254	3141508	398435697	46175
1495799651436520343	splash2x.barnes	1800	40	1.100000	1.163000	1.393000	879760005	7555904	1809476	204980456	2554938	481447516	30407
1495799651945777385	splash2x.barnes	1800	40	1.200000	1.274000	1.528000	901141000	703733	357507	115962278	2293016	267847083	4974
1495799652455105429	splash2x.barnes	1800	40	1.100000	1.193000	1.429000	901098550	59592	27662	289862035	5204554	608607380	118
1495799652964186354	splash2x.barnes	1800	40	1.200000	1.402000	1.682000	901079111	55261	24427	309342598	4862120	645326235	116
1495799653473288657	splash2x.barnes	1800	40	1.200000	1.412000	1.694000	901088197	56758	25977	309545112	4588692	646217200	117
1495799653982416421	splash2x.barnes	1800	40	1.200000	1.412000	1.694000	901070600	55488	28154	309409558	4796608	645365260	116
1495799654491641146	splash2x.barnes	1800	40	1.200000	1.413000	1.695000	901078518	57649	29814	309481807	4950920	646677539	117
1495799655000765874	splash2x.barnes	1800	40	1.200000	1.412000	1.694000	901088363	56750	43801	309159450	4926437	647456658	115
1495799655509990187	splash2x.barnes	1800	40	1.200000	1.409000	1.690000	901071889	58492	41615	308386861	5356532	643876665	118
1495799656019110753	splash2x.barnes	1800	40	1.200000	1.404000	1.684000	901075528	57635	33937	308563783	4980840	644314352	116
1495799656528167902	splash2x.barnes	1800	40	1.200000	1.405000	1.686000	901072424	57974	33881	310324188	4334331	647058721	117
1495799657037360387	splash2x.barnes	1800	40	1.200000	1.412000	1.694000	901276306	58012	30023	310887253	3943605	647558129	117
1495799657546580869	splash2x.barnes	1800	40	1.200000	1.413000	1.695000	901065450	57627	32520	310828422	4095208	647129026	117
1495799658055779897	splash2x.barnes	1800	40	1.200000	1.412000	1.694000	901054190	57166	34557	310695317	4097310	647838713	116
1495799658565140586	splash2x.barnes	1800	40	1.200000	1.412000	1.694000	901040514	57806	38385	310453229	4200072	648768009	116
1495799659074390907	splash2x.barnes	1800	40	1.200000	1.411000	1.693000	901054330	58624	38594	309415841	4652609	646085062	117
1495799659583627136	splash2x.barnes	1800	40	1.200000	1.405000	1.686000	901056346	58734	36767	308609200	5133543	643299938	117
1495799660092852580	splash2x.barnes	1800	40	1.200000	1.403000	1.683000	901058805	246815	114129	239625492	2778303	524087984	1235
1495799660602067806	splash2x.barnes	1800	40	1.100000	1.210000	1.449000	901188936	56893	30664	310497426	2992145	646949101	117
1495799661111248498	splash2x.barnes	1800	40	1.200000	1.404000	1.684000	901094480	54175	32735	310623969	3296512	647203637	115
1495799661620421844	splash2x.barnes	1800	40	1.200000	1.411000	1.693000	901261735	54712	29376	310482535	3253679	646684183	112
1495799662129533783	splash2x.barnes	1800	40	1.200000	1.410000	1.692000	901070810	57317	31559	310476612	3152303	647563875	113
1495799662638702290	splash2x.barnes	1800	40	1.200000	1.410000	1.692000	901096642	57182	38460	310471934	3146201	648588021	113
1495799663148000390	splash2x.barnes	1800	40	1.200000	1.409000	1.690000	901104513	56367	39275	310187388	2899563	647088697	113
1495799663657164557	splash2x.barnes	1800	40	1.200000	1.407000	1.688000	901100665	56167	31656	309856168	3014549	645377133	112
1495799664166276277	splash2x.barnes	1800	40	1.200000	1.403000	1.683000	901089642	56069	36602	310804081	2931551	647775653	113
1495799664675387853	splash2x.barnes	1800	40	1.200000	1.407000	1.688000	901239520	56196	33940	311657685	3328210	648066755	113
1495799665184552190	splash2x.barnes	1800	40	1.200000	1.412000	1.694000	901090644	58273	30596	311793416	3297400	646880295	113
1495799665693720423	splash2x.barnes	1800	40	1.200000	1.411000	1.693000	901099776	56046	36303	311488708	3221362	648757132	112
1495799666203250209	splash2x.barnes	1800	40	1.200000	1.413000	1.695000	901233423	57294	35481	311377855	3283655	648259150	113
1495799666712472641	splash2x.barnes	1800	40	1.200000	1.414000	1.696000	901105580	56900	40387	310742312	2960902	648537536	113
1495799667221687752	splash2x.barnes	1800	40	1.200000	1.412000	1.694000	901094807	56516	38873	310503333	3117264	646098282	113
1495799667730767881	splash2x.barnes	1800	40	1.200000	1.405000	1.686000	901115822	56988	32911	287703077	3053673	600151520	112
1495799668240306939	splash2x.barnes	1800	40	1.200000	1.402000	1.682000	901164705	459254	199059	195845940	2336548	457770432	2422
1495799668749494889	splash2x.barnes	1800	40	1.200000	1.201000	1.441000	901200670	58120	35841	310576140	2996402	648618549	117
1495799669258738729	splash2x.barnes	1800	40	1.200000	1.403000	1.683000	901167158	57140	30651	311467526	3171125	650729434	117
1495799669767874374	splash2x.barnes	1800	40	1.200000	1.408000	1.689000	901085098	55441	30588	311362385	3314250	650010182	116
1495799670277031660	splash2x.barnes	1800	40	1.200000	1.408000	1.689000	901071432	56498	29481	311379220	3188454	650905699	117
1495799670786243208	splash2x.barnes	1800	40	1.200000	1.410000	1.692000	901081027	57855	31605	311191979	3153558	651286616	117
1495799671295497938	splash2x.barnes	1800	40	1.200000	1.410000	1.692000	901089505	57389	40382	311228448	2798184	651374653	117
1495799671804687305	splash2x.barnes	1800	40	1.200000	1.401000	1.681000	901077676	57005	34822	310904168	3062078	648428728	116
1495799672313815814	splash2x.barnes	1800	40	1.200000	1.403000	1.683000	901081304	58591	34053	310581977	2877504	648822264	117
1495799672822919124	splash2x.barnes	1800	40	1.200000	1.407000	1.688000	901243426	56707	38059	311935174	3224535	650586510	117
1495799673332223241	splash2x.barnes	1800	40	1.200000	1.413000	1.695000	901224119	57388	32894	312176202	3345303	649399122	117
1495799673841422368	splash2x.barnes	1800	40	1.200000	1.412000	1.694000	901206255	56538	36490	311659667	3145605	650149081	116
1495799674350590886	splash2x.barnes	1800	40	1.200000	1.412000	1.694000	901196716	56911	33975	311547385	3276819	649783339	115
1495799674859828121	splash2x.barnes	1800	40	1.200000	1.412000	1.694000	901205735	56479	37513	311384650	3073219	651556610	117
1495799675369029664	splash2x.barnes	1800	40	1.200000	1.411000	1.693000	901196154	58221	38260	310946630	2975334	648342975	117
1495799675878159589	splash2x.barnes	1800	40	1.200000	1.406000	1.687000	901203390	56951	34257	311734811	3131549	649373239	116
1495799676387399906	splash2x.barnes	1800	40	1.200000	1.403000	1.683000	901254159	472588	203678	172737078	2292239	411176134	2433
1495799676896661229	splash2x.barnes	1800	40	1.100000	1.205000	1.443000	901209637	57729	27221	310749091	2981003	648268731	116
1495799677405974736	splash2x.barnes	1800	40	1.200000	1.405000	1.686000	901110234	57299	24629	311848628	3118798	650433778	117
1495799677915068415	splash2x.barnes	1800	40	1.200000	1.411000	1.693000	901124294	55512	27559	311464365	3403543	649820074	115
1495799678424241611	splash2x.barnes	1800	40	1.200000	1.411000	1.693000	901117491	56888	28994	311383074	3230321	649795834	117
1495799678933369812	splash2x.barnes	1800	40	1.200000	1.411000	1.693000	901123475	57432	28934	311438708	3184474	650772226	114
1495799679442651822	splash2x.barnes	1800	40	1.200000	1.411000	1.693000	901124416	56389	39112	311363326	2920702	651668823	113
1495799679951855751	splash2x.barnes	1800	40	1.200000	1.402000	1.682000	901106739	57750	36516	310806349	2966485	648741484	112
1495799680461224532	splash2x.barnes	1800	40	1.200000	1.404000	1.684000	901099335	58412	36399	310891824	2896741	648981892	113
1495799680970381481	splash2x.barnes	1800	40	1.200000	1.407000	1.688000	901179405	57565	37112	311953966	3187062	650253415	112
1495799681479563658	splash2x.barnes	1800	40	1.200000	1.411000	1.693000	901117520	57568	33977	312287004	3419794	650078769	115
1495799681988650544	splash2x.barnes	1800	40	1.200000	1.411000	1.693000	901121286	58161	34973	312316888	3312550	650976647	116
1495799682497790115	splash2x.barnes	1800	40	1.200000	1.411000	1.693000	901119154	58377	35216	311899980	3219575	650353122	117
1495799683006967812	splash2x.barnes	1800	40	1.200000	1.412000	1.694000	901120878	57270	38252	311982516	3217057	652009752	117
1495799683516371569	splash2x.barnes	1800	40	1.200000	1.411000	1.693000	901134962	57790	34778	311031065	2989021	648797398	117
1495799684025546743	splash2x.barnes	1800	40	1.200000	1.406000	1.687000	901109160	58208	35776	311511479	3079407	649313827	116
1495799684535262558	splash2x.fmm	1800	40	1.200000	1.402000	1.682000	604290985	1095520	333766	162437887	1845540	345034915	5243
1495799685045119290	splash2x.fmm	1800	39	1.100000	0.790000	0.945000	901267224	9381471	2743519	193733778	3225630	371632241	47550
1495799685555015205	splash2x.fmm	1800	39	1.100000	1.186000	1.420000	901252435	9175293	2680002	199421598	3161279	391004159	46623
1495799686064793290	splash2x.fmm	1800	39	1.100000	1.192000	1.428000	895430624	8840550	2606439	200542869	3109280	398542113	45359
1495799686574274264	splash2x.fmm	1800	39	1.100000	1.147000	1.374000	893774667	977458	404619	120060267	912901	321605069	5903
1495799687083387909	splash2x.fmm	1800	39	1.100000	1.168000	1.399000	901149915	2494990	1614780	146315102	4589895	260058214	25972
1495799687592631025	splash2x.fmm	1800	39	1.100000	1.152000	1.380000	901090019	67045	24239	154126585	4159395	562182882	125
1495799688102355269	splash2x.fmm	1800	40	1.200000	1.266000	1.519000	901077156	69265	24908	169926273	5226097	749565394	117
1495799688611605276	splash2x.fmm	1800	40	1.200000	1.278000	1.533000	901205575	68803	24906	173910331	4959422	768135261	117
1495799689120717703	splash2x.fmm	1800	40	1.200000	1.286000	1.543000	901097675	69894	24647	168585749	5509868	744217503	117
1495799689630053434	splash2x.fmm	1800	40	1.200000	1.259000	1.510000	901075855	70989	24891	175929403	4695279	776709771	117
1495799690139129711	splash2x.fmm	1800	40	1.200000	1.308000	1.569000	901073590	67173	23063	214315662	2808558	957187294	116
1495799690648184582	splash2x.fmm	1800	40	1.200000	1.272000	1.526000	901135435	57474	24013	198534167	493406	877777508	121
1495799691157512206	splash2x.fmm	1800	40	1.200000	1.422000	1.706000	901261145	57558	25429	130452389	3919902	407235778	129
1495799691666724091	splash2x.fmm	1800	40	1.100000	1.138000	1.363000	901059035	71064	25015	165138096	5814658	728452829	117
1495799692175805648	splash2x.fmm	1800	40	1.100000	1.251000	1.498000	901329765	70362	24594	176912763	4588483	781224708	116
1495799692685059671	splash2x.fmm	1800	40	1.200000	1.300000	1.560000	901077128	71628	25325	172049142	5278355	760802483	117
1495799693194356783	splash2x.fmm	1800	40	1.200000	1.294000	1.552000	901096012	70565	25308	169656950	5243476	748406444	114
1495799693703359821	splash2x.fmm	1800	40	1.200000	1.257000	1.508000	901086790	70540	25111	175816071	4740693	776797264	117
1495799694212555030	splash2x.fmm	1800	40	1.200000	1.295000	1.554000	901083105	68452	24380	189458199	4217800	841202978	116
1495799694721718330	splash2x.fmm	1800	40	1.100000	1.295000	1.551000	901088915	66359	24314	240892206	271993	1077066800	120
1495799695231235052	splash2x.fmm	1800	40	1.200000	1.433000	1.719000	901258239	69852	26105	110096774	3630555	373603143	130
1495799695740340240	splash2x.fmm	1800	40	1.100000	1.262000	1.511000	901110491	76466	25515	171478149	4629373	696594548	118
1495799696249465725	splash2x.fmm	1800	40	1.100000	1.192000	1.428000	901188271	69074	25234	170615205	5350880	753297693	117
1495799696758687217	splash2x.fmm	1800	40	1.100000	1.284000	1.538000	901088370	68857	24802	174651183	4803457	771032138	117
1495799697267870048	splash2x.fmm	1800	40	1.200000	1.300000	1.560000	901078729	68065	25219	164554913	5965165	725945229	116
1495799697777041218	splash2x.fmm	1800	40	1.200000	1.271000	1.525000	901088265	68328	25317	173826582	4879817	766814037	117
1495799698286275394	splash2x.fmm	1800	40	1.200000	1.293000	1.551000	901090935	67725	24600	170606397	5321325	753688721	116
1495799698795550909	splash2x.fmm	1800	40	1.200000	1.280000	1.536000	901085760	66932	25387	253144227	450412	1138132824	118
1495799699304764388	splash2x.fmm	1800	40	1.200000	1.435000	1.722000	901072080	69226	25588	126604683	2753101	485755898	127
1495799699813972373	splash2x.fmm	1800	39	1.100000	1.087000	1.302000	901089735	73536	24625	163389988	4121666	618780265	122
1495799700323185072	splash2x.fmm	1800	40	1.200000	1.269000	1.522000	901244241	67774	24765	169681491	5345698	748980767	117
1495799700832344317	splash2x.fmm	1800	40	1.200000	1.285000	1.542000	901080287	70758	24882	173137198	5044758	764684532	117
1495799701341626902	splash2x.fmm	1800	40	1.200000	1.296000	1.555000	901086087	70551	24827	168570198	5389807	743154640	116
1495799701850736908	splash2x.fmm	1800	40	1.200000	1.262000	1.514000	901089105	70647	25312	171575630	5266008	757897600	117
1495799702360044003	splash2x.fmm	1800	40	1.200000	1.305000	1.566000	901084770	68770	24792	174318827	4832993	769149407	112
1495799702869155186	splash2x.fmm	1800	40	1.200000	1.281000	1.537000	901088475	68696	24580	228986273	1885028	1025761528	118
1495799703378542833	splash2x.fmm	1800	40	1.200000	1.290000	1.548000	901127100	60985	22754	165499862	984951	721550582	121
1495799703887845441	splash2x.fmm	1800	39	1.200000	1.396000	1.675000	901126225	64859	26143	151500365	4203323	509103638	128
1495799704397140182	splash2x.fmm	1800	40	1.100000	1.160000	1.389000	901204725	70001	25294	167840463	5559816	740362014	116
1495799704906347425	splash2x.fmm	1800	40	1.200000	1.280000	1.536000	901089140	69462	24850	173203399	4957663	764010238	117
1495799705415468884	splash2x.fmm	1800	40	1.200000	1.297000	1.556000	901237570	67679	24645	168684550	5611411	745133252	116
1495799705924723386	splash2x.fmm	1800	40	1.200000	1.286000	1.543000	901090800	68821	25081	169356836	5437555	747536876	117
1495799706433845729	splash2x.fmm	1800	40	1.200000	1.281000	1.537000	901078105	68418	24577	172661039	5104992	762290533	116
1495799706943066573	splash2x.fmm	1800	40	1.200000	1.282000	1.538000	901083135	68294	25313	204178819	3271577	909190155	118
1495799707452231592	splash2x.fmm	1800	40	1.200000	1.413000	1.695000	901081415	64515	22660	218673173	384045	972964060	118
1495799707961732903	splash2x.radiosity	1800	39	1.100000	1.209000	1.448000	604718555	2658988	784185	101589512	1658917	245725605	13171
1495799708471667220	splash2x.radiosity	1800	39	1.100000	1.140000	1.365000	901438668	9367019	2740635	194227855	3235808	374878768	47431
1495799708981588580	splash2x.radiosity	1800	39	1.100000	1.185000	1.419000	901284805	9178755	2681371	199796579	3174730	393622120	46690
1495799709491538781	splash2x.radiosity	1800	39	1.100000	1.194000	1.430000	878836362	8129599	2594312	196660339	3140839	381993424	44878
1495799710002038731	splash2x.radiosity	1800	39	1.100000	1.166000	1.396000	901326379	3897539	2525922	201004109	3276511	376005300	43539
1495799710511901982	splash2x.radiosity	1800	39	1.100000	1.188000	1.423000	901285860	4237017	2939822	216113243	3703425	360556826	49840
1495799711021857358	splash2x.radiosity	1800	39	1.100000	1.182000	1.416000	901314645	3912028	2604397	200710429	3414742	336400926	45698
1495799711531808533	splash2x.radiosity	1800	39	1.100000	1.104000	1.322000	901364195	1318171	879271	99942990	1181181	213462145	13985
1495799712040946418	splash2x.radiosity	1800	40	1.200000	1.286000	1.543000	901335548	256941	69383	328641571	766700	996842869	123
1495799712549960727	splash2x.radiosity	1800	40	1.200000	1.508000	1.809000	901208476	96933	73488	340509225	787763	1057187337	116
1495799713058964329	splash2x.radiosity	1800	40	1.200000	1.502000	1.803000	901211571	100975	28970	341017546	654544	1009747072	116
1495799713568005103	splash2x.radiosity	1800	40	1.200000	1.493000	1.791000	901204116	102060	56196	339131854	789344	1008506776	112
1495799714076991671	splash2x.radiosity	1800	40	1.200000	1.474000	1.768000	901201163	102354	43365	338703084	840218	1020186539	113
1495799714586180743	splash2x.radiosity	1800	40	1.200000	1.491000	1.789000	901199119	97741	49680	331602397	955301	1025090423	112
1495799715095193901	splash2x.radiosity	1800	40	1.200000	1.491000	1.789000	901342720	100191	55687	330236424	941386	1012496010	114
1495799715604269106	splash2x.radiosity	1800	41	1.200000	1.477000	1.772000	901168430	103353	49236	342094876	784535	1013012376	113
1495799716113305729	splash2x.radiosity	1800	41	1.200000	1.478000	1.773000	901078841	102970	44903	340795865	852581	1011864456	113
1495799716622372523	splash2x.radiosity	1800	41	1.200000	1.481000	1.777000	901072079	100661	64674	338739742	740448	1000095133	112
1495799717131513944	splash2x.radiosity	1800	41	1.200000	1.469000	1.762000	901062187	104603	43193	347674464	662361	988005466	113
1495799717640476787	splash2x.radiosity	1800	41	1.200000	1.456000	1.747000	901065874	106426	51350	339748555	678742	989968355	112
1495799718149868089	splash2x.radiosity	1800	41	1.200000	1.463000	1.755000	901062057	101942	35575	351001182	635184	980808233	113
1495799718659002979	splash2x.radiosity	1800	41	1.200000	1.457000	1.748000	901093678	102063	35334	342188436	766217	990662600	112
1495799719168071454	splash2x.radiosity	1800	41	1.200000	1.465000	1.758000	901069309	103782	43847	339501305	846026	952311575	113
1495799719677181725	splash2x.radiosity	1800	41	1.200000	1.464000	1.756000	901160151	104641	45906	338540233	846800	944482593	113
1495799720186277415	splash2x.radiosity	1800	41	1.200000	1.451000	1.741000	901113120	95640	49145	347558086	707735	1005836684	112
1495799720695499358	splash2x.radiosity	1800	41	1.200000	1.459000	1.750000	901144805	97917	45867	344110567	817515	1002572595	113
1495799721204648761	splash2x.radiosity	1800	41	1.200000	1.476000	1.771000	901047320	103594	32871	348539958	568423	1019640212	112
1495799721713759169	splash2x.radiosity	1800	41	1.200000	1.472000	1.766000	901070289	100041	35795	332171853	829533	1066047363	113
1495799722222818161	splash2x.radiosity	1800	41	1.200000	1.485000	1.782000	901084072	96106	35124	331677686	848375	1033486460	112
1495799722731909324	splash2x.radiosity	1800	41	1.200000	1.468000	1.761000	901081390	98695	28921	331016783	552570	987567713	114
1495799723241096655	splash2x.radiosity	1800	41	1.200000	1.450000	1.740000	901078594	97774	27613	336139381	482589	1010362832	112
1495799723750134990	splash2x.radiosity	1800	41	1.200000	1.448000	1.737000	901183990	103921	29256	347958811	492315	1019378731	114
1495799724259310618	splash2x.radiosity	1800	41	1.200000	1.446000	1.735000	901075806	104824	30879	338042490	473137	960517179	112
1495799724768366208	splash2x.radiosity	1800	41	1.200000	1.457000	1.748000	901224740	102961	30188	338839592	521575	954764550	113
1495799725277621216	splash2x.radiosity	1800	41	1.200000	1.441000	1.729000	901086196	101984	30683	339543040	579309	983365636	112
1495799725786707935	splash2x.radiosity	1800	41	1.200000	1.454000	1.744000	901080973	107165	30534	335134400	542754	964537829	113
1495799726295991907	splash2x.radiosity	1800	41	1.200000	1.453000	1.743000	901086235	106770	33880	333914802	594496	1003233996	112
1495799726805063797	splash2x.radiosity	1800	41	1.200000	1.451000	1.741000	901097925	110715	31618	349243396	613572	1000824780	114
1495799727314256149	splash2x.radiosity	1800	41	1.200000	1.459000	1.750000	901091016	109726	31617	346650021	609448	984340062	115
1495799727823323586	splash2x.radiosity	1800	41	1.200000	1.453000	1.743000	901183964	104201	32030	351862512	665088	938423069	118
1495799728332469317	splash2x.radiosity	1800	41	1.200000	1.464000	1.756000	901114730	98639	31219	365807126	648848	932095814	116
1495799728841571883	splash2x.radiosity	1800	41	1.200000	1.430000	1.716000	901096444	101214	41576	347419107	605119	974550881	117
1495799729350675286	splash2x.radiosity	1800	41	1.200000	1.471000	1.765000	901075626	98071	34724	357504587	758783	969711548	116
1495799729859851981	splash2x.radiosity	1800	41	1.200000	1.465000	1.758000	901083434	110074	39198	347708451	931742	934189199	117
1495799730368913596	splash2x.radiosity	1800	41	1.200000	1.462000	1.754000	901075621	108635	36621	355974666	872967	980724734	116
1495799730877975046	splash2x.radiosity	1800	41	1.200000	1.436000	1.723000	901081565	112601	38534	352564214	848500	976854325	118
1495799731387194957	splash2x.radiosity	1800	41	1.200000	1.465000	1.758000	901079834	106320	46280	350177103	811333	993719386	114
1495799731896636535	splash2x.radiosity	1800	41	1.200000	1.467000	1.760000	901237380	110056	47413	345374060	790894	980882452	117
1495799732405758450	splash2x.radiosity	1800	41	1.200000	1.465000	1.758000	901079626	112554	41943	342783352	848011	965826034	116
1495799732914978365	splash2x.radiosity	1800	41	1.200000	1.443000	1.731000	901081380	111764	41589	343646740	839464	992296132	117
1495799733424156493	splash2x.radiosity	1800	41	1.200000	1.463000	1.755000	901117845	112301	38398	345836419	827148	979769091	116
1495799733933236371	splash2x.radiosity	1800	41	1.200000	1.444000	1.732000	901101285	123256	38532	345322077	808910	970523625	117
1495799734442464127	splash2x.radiosity	1800	41	1.200000	1.465000	1.758000	901190485	117307	32720	335863757	625276	992851361	116
1495799734951636925	splash2x.radiosity	1800	41	1.200000	1.437000	1.724000	901088831	128301	33276	337986377	494728	952369725	119
1495799735460803240	splash2x.radiosity	1800	41	1.200000	1.432000	1.718000	901079611	123811	37957	340734236	679548	936204739	116
1495799735970023598	splash2x.radiosity	1800	41	1.200000	1.439000	1.726000	901188358	128091	37661	340667482	903052	925598674	118
1495799736479110260	splash2x.radiosity	1800	41	1.200000	1.451000	1.741000	901093485	142268	40023	338886842	963272	931769420	116
1495799736988144561	splash2x.radiosity	1800	41	1.200000	1.428000	1.713000	901094520	146059	38192	331908917	931415	928830272	117
1495799737497195475	splash2x.radiosity	1800	41	1.200000	1.428000	1.713000	901087029	141468	37199	322616752	826079	891227415	115
1495799738006270889	splash2x.radiosity	1800	41	1.200000	1.411000	1.693000	901090626	159180	40043	312546876	1139961	860662718	113
1495799738515536541	splash2x.radiosity	1800	40	1.200000	1.370000	1.644000	901242181	148195	39025	270128565	1478563	722045286	115
1495799739024953942	splash2x.radiosity	1800	40	1.200000	1.332000	1.598000	901225580	103324	31303	179122089	2253097	436097724	118
1495799739533999998	splash2x.radiosity	1800	40	1.100000	1.165000	1.395000	901213954	67506	26223	232309989	878802	677361726	135
1495799740043000428	splash2x.radiosity	1800	39	1.100000	1.099000	1.316000	901355566	110673	40143	258751467	561868	759575974	140
1495799740552515889	splash2x.raytrace	1800	39	1.100000	1.151000	1.378000	606849645	3693898	1094392	144214533	1410928	309456676	18332
1495799741062225516	splash2x.raytrace	1800	39	1.100000	1.187000	1.422000	901260412	9379718	2732839	196044667	3219121	379456815	47519
1495799741571875549	splash2x.raytrace	1800	39	1.100000	1.189000	1.424000	901442331	9206377	2679888	201638576	3171187	397828315	46861
1495799742081758705	splash2x.raytrace	1800	39	1.100000	1.194000	1.430000	886875958	7887494	2032767	220221683	2505842	549383692	34388
1495799742591264810	splash2x.raytrace	1800	39	1.200000	1.323000	1.587000	901263644	158925	45047	164387339	988741	401232354	378
1495799743100260287	splash2x.raytrace	1800	40	1.200000	1.300000	1.560000	901201777	92782	28426	165678489	992635	402525343	138
1495799743609415464	splash2x.raytrace	1800	40	1.200000	1.334000	1.600000	901299363	90674	27509	177162107	1043293	422122195	117
1495799744118455722	splash2x.raytrace	1800	40	1.200000	1.346000	1.615000	901192615	84681	28487	177534885	1055255	426353277	117
1495799744627482638	splash2x.raytrace	1800	40	1.200000	1.343000	1.611000	901189012	79875	27249	181778791	1076090	439679062	116
1495799745136558134	splash2x.raytrace	1800	40	1.200000	1.411000	1.693000	901068951	79727	27089	214633171	1295831	515413778	117
1495799745645496705	splash2x.raytrace	1800	40	1.200000	1.402000	1.682000	901059469	76973	26906	153797698	911212	370991192	116
1495799746154546149	splash2x.raytrace	1800	40	1.100000	1.259000	1.508000	901062001	81405	27467	140473167	824618	338125005	117
1495799746663660626	splash2x.raytrace	1800	40	1.200000	1.276000	1.531000	901061659	81421	27191	141887647	830355	340937507	116
1495799747172801350	splash2x.raytrace	1800	40	1.200000	1.276000	1.531000	901068491	87708	28722	151704625	885841	356209389	118
1495799747681884359	splash2x.raytrace	1800	40	1.200000	1.295000	1.554000	901154322	86076	27614	151590079	894327	356439984	117
1495799748191095614	splash2x.raytrace	1800	40	1.200000	1.295000	1.554000	901064417	89094	28180	155470467	898097	367952003	117
1495799748700238529	splash2x.raytrace	1800	40	1.200000	1.302000	1.562000	901038684	83750	28037	145464441	840728	350913592	117
1495799749209395481	splash2x.raytrace	1800	40	1.200000	1.279000	1.534000	901038715	80978	26566	149503426	858775	359274661	116
1495799749718403552	splash2x.raytrace	1800	40	1.100000	1.296000	1.552000	901041334	84473	27685	151198009	877675	361350048	117
1495799750227557994	splash2x.raytrace	1800	40	1.100000	1.292000	1.547000	901033905	75546	28100	152669543	884632	365153218	116
1495799750736730597	splash2x.raytrace	1800	40	1.200000	1.294000	1.552000	901039444	89546	28665	150998721	871140	361232219	116
1495799751245773612	splash2x.raytrace	1800	40	1.200000	1.293000	1.551000	901082819	82095	27181	153626351	889948	368936034	117
1495799751754942997	splash2x.raytrace	1800	40	1.200000	1.298000	1.557000	901071857	81400	28178	135467588	807557	328258129	117
1495799752264036376	splash2x.raytrace	1800	40	1.100000	1.249000	1.496000	901061221	80568	26848	130288728	764921	313948339	116
1495799752773089293	splash2x.raytrace	1800	40	1.100000	1.254000	1.502000	901073268	83801	28354	135135359	790910	323948477	117
1495799753282188121	splash2x.raytrace	1800	40	1.100000	1.260000	1.509000	901074374	82469	27403	128788882	747933	309460683	116
1495799753791348194	splash2x.raytrace	1800	40	1.100000	1.261000	1.510000	901204082	86544	28105	143374280	821652	338654229	117
1495799754300515971	splash2x.raytrace	1800	40	1.100000	1.265000	1.515000	901073680	82308	27955	132262631	745711	313947888	116
1495799754809651827	splash2x.raytrace	1800	40	1.200000	1.256000	1.507000	901071818	81275	28405	128045606	730995	307058323	118
1495799755318826968	splash2x.raytrace	1800	40	1.100000	1.252000	1.499000	901085165	82064	27660	139480878	793251	330120742	117
1495799755827919065	splash2x.raytrace	1800	40	1.100000	1.258000	1.507000	901156557	82952	28426	140503025	809282	336451848	116
1495799756336976072	splash2x.raytrace	1800	40	1.100000	1.266000	1.516000	901065860	80356	27642	139587109	805852	335513141	116
1495799756846095285	splash2x.raytrace	1800	40	1.100000	1.258000	1.507000	901080984	81538	28379	130914609	746134	311532501	117
1495799757355140157	splash2x.raytrace	1800	40	1.100000	1.248000	1.495000	901070179	81154	27242	144323475	822138	345394579	116
1495799757864191861	splash2x.raytrace	1800	40	1.100000	1.278000	1.531000	901065124	85772	28226	145786845	832561	348441883	117
1495799758373214474	splash2x.raytrace	1800	40	1.100000	1.283000	1.537000	901081637	83973	28679	146410134	840423	349150242	116
1495799758882294336	splash2x.raytrace	1800	40	1.100000	1.288000	1.543000	901085229	82963	28265	141995376	810353	338210153	116
1495799759391425023	splash2x.raytrace	1800	40	1.100000	1.279000	1.532000	901076070	81103	26872	134959496	772585	320519523	112
1495799759900476834	splash2x.raytrace	1800	40	1.100000	1.253000	1.501000	901152772	83206	28347	139710728	792680	332790935	114
1495799760409605555	splash2x.raytrace	1800	40	1.200000	1.280000	1.536000	901074678	82462	27782	143887726	829225	342750108	112
1495799760918874857	splash2x.raytrace	1800	40	1.200000	1.278000	1.533000	901067495	85725	27921	142341975	825618	337888384	113
1495799761428027444	splash2x.raytrace	1800	40	1.100000	1.268000	1.519000	901067890	82981	26740	138630702	807867	335192736	112
1495799761937208862	splash2x.raytrace	1800	40	1.100000	1.269000	1.520000	901077927	80272	25998	127735631	720273	303635316	113
1495799762446345940	splash2x.raytrace	1800	40	1.200000	1.248000	1.497000	901066918	81269	26459	129074850	725801	305694609	112
1495799762955400267	splash2x.raytrace	1800	40	1.100000	1.246000	1.492000	901073961	82637	27205	126991935	718221	301060764	114
1495799763464560045	splash2x.raytrace	1800	40	1.100000	1.243000	1.489000	901101591	81100	27008	125924954	720051	300496202	112
1495799763973664864	splash2x.raytrace	1800	40	1.200000	1.247000	1.496000	901305098	83806	27753	124785431	709196	297428230	121
1495799764482916092	splash2x.raytrace	1800	40	1.200000	1.242000	1.490000	901086524	78295	26322	123313730	699189	292940974	112
1495799764991967236	splash2x.raytrace	1800	40	1.200000	1.245000	1.494000	901076578	78164	26887	120744272	676006	284604736	113
1495799765501117997	splash2x.raytrace	1800	40	1.100000	1.241000	1.486000	901074541	79010	25882	124104383	699555	294247522	112
1495799766010212550	splash2x.raytrace	1800	40	1.100000	1.243000	1.489000	901077918	80599	26456	123274176	699459	294176827	113
1495799766519331845	splash2x.raytrace	1800	40	1.200000	1.246000	1.495000	901072272	79744	26177	124159115	702228	294743471	112
1495799767028354515	splash2x.raytrace	1800	40	1.100000	1.243000	1.489000	901083709	80787	27293	123616749	694378	290896292	114
1495799767537511968	splash2x.raytrace	1800	40	1.200000	1.242000	1.490000	901098096	80188	26884	124268218	702880	293266599	113
1495799768046737797	splash2x.raytrace	1800	40	1.200000	1.245000	1.494000	901152016	86008	27718	130240041	739500	306418203	118
1495799768555803576	splash2x.raytrace	1800	40	1.200000	1.250000	1.500000	901212200	82132	27463	130829760	732054	307736361	116
1495799769064958105	splash2x.raytrace	1800	40	1.200000	1.249000	1.498000	901206013	84181	27680	130494465	729214	306437944	117
1495799769574087169	splash2x.raytrace	1800	40	1.200000	1.245000	1.494000	901212989	83413	27718	130727267	733104	307391182	116
1495799770083094773	splash2x.raytrace	1800	40	1.200000	1.248000	1.497000	901206716	85476	28363	133644496	749829	315192911	117
1495799770592233705	splash2x.raytrace	1800	40	1.200000	1.250000	1.500000	901197338	83218	27604	131275089	729695	307931402	116
1495799771101404468	splash2x.raytrace	1800	40	1.200000	1.250000	1.500000	901208579	83897	27500	131088499	726847	305064977	117
1495799771610484268	splash2x.raytrace	1800	40	1.200000	1.246000	1.495000	901203090	81711	27790	123480582	697314	289760973	116
1495799772119606315	splash2x.raytrace	1800	40	1.200000	1.250000	1.500000	901293698	82426	27926	130225879	725909	306816463	116
1495799772628598857	splash2x.raytrace	1800	40	1.200000	1.251000	1.501000	901192410	85523	28396	129783792	724710	304978048	117
1495799773137635064	splash2x.raytrace	1800	40	1.200000	1.254000	1.504000	901209298	84302	27922	130801919	739519	308722461	116
1495799773646769475	splash2x.raytrace	1800	40	1.200000	1.258000	1.509000	901310597	84331	28421	133817123	761727	316731775	117
1495799774155794883	splash2x.raytrace	1800	40	1.200000	1.265000	1.518000	901068459	84841	27358	137912575	768253	327977962	116
1495799774665008869	splash2x.raytrace	1800	40	1.200000	1.268000	1.521000	901062259	78717	26630	130584926	718400	314902337	117
1495799775174256145	splash2x.raytrace	1800	40	1.200000	1.254000	1.504000	901076689	80809	27128	126143282	704579	303817568	117
1495799775683389208	splash2x.raytrace	1800	40	1.200000	1.243000	1.491000	901137417	82330	27030	123766115	694857	296977704	118
1495799776192582602	splash2x.raytrace	1800	40	1.200000	1.238000	1.485000	901066666	79403	26681	122538427	688941	292153194	116
1495799776701783242	splash2x.raytrace	1800	40	1.200000	1.243000	1.491000	901047015	80963	27668	123843821	696276	294326194	117
1495799777210953546	splash2x.raytrace	1800	40	1.200000	1.245000	1.494000	901043790	81503	27462	123326506	690117	293548286	115
1495799777720050429	splash2x.raytrace	1800	40	1.200000	1.246000	1.495000	901046065	81602	27091	123179535	689836	293851651	117
1495799778229085309	splash2x.raytrace	1800	40	1.200000	1.245000	1.494000	901033605	80065	27090	124768459	704043	294117982	113
1495799778738138853	splash2x.raytrace	1800	40	1.100000	1.244000	1.490000	901040704	80857	27103	125967536	710461	296891855	113
1495799779247289435	splash2x.raytrace	1800	40	1.200000	1.247000	1.496000	901041543	81730	27121	127413060	720661	299200171	113
1495799779756451722	splash2x.raytrace	1800	40	1.200000	1.249000	1.498000	901122472	83279	26859	130478612	730700	305954971	113
1495799780265495005	splash2x.raytrace	1800	40	1.200000	1.247000	1.496000	901141205	77451	27067	130712903	733878	305512974	113
1495799780774796661	splash2x.raytrace	1800	40	1.200000	1.249000	1.498000	901022239	89326	29302	131434596	738139	305881616	113
1495799781283852063	splash2x.raytrace	1800	40	1.200000	1.248000	1.497000	901067516	83504	27709	130078777	724646	303178825	113
1495799781793030046	splash2x.raytrace	1800	40	1.200000	1.247000	1.496000	901077262	85069	28199	132012927	733169	305680041	112
1495799782302125234	splash2x.raytrace	1800	40	1.200000	1.253000	1.503000	901073231	86121	28674	132283415	736876	306401696	113
1495799782811316211	splash2x.raytrace	1800	40	1.200000	1.254000	1.504000	901067281	82835	28147	127627408	716513	299648284	113
1495799783320577934	splash2x.raytrace	1800	40	1.200000	1.249000	1.498000	901213061	84109	29277	129334042	726140	301289239	113
1495799783829776279	splash2x.raytrace	1800	40	1.200000	1.250000	1.500000	901261434	83745	28296	129840766	732034	302667210	113
1495799784338851913	splash2x.raytrace	1800	40	1.200000	1.255000	1.506000	901085051	83466	28220	135416899	758082	317677746	113
1495799784847949711	splash2x.raytrace	1800	40	1.200000	1.257000	1.508000	901068115	82273	28588	132889672	741303	310258366	112
1495799785357028755	splash2x.raytrace	1800	40	1.200000	1.260000	1.512000	901082014	82808	28096	135312547	755345	316604170	113
1495799785866267881	splash2x.raytrace	1800	40	1.200000	1.269000	1.522000	901071764	84171	27378	136787316	760195	325313051	112
1495799786375286086	splash2x.raytrace	1800	40	1.200000	1.272000	1.526000	901073103	78920	25730	124704128	694097	303723677	113
1495799786884424040	splash2x.raytrace	1800	40	1.200000	1.253000	1.503000	901094839	77215	25626	119224332	674003	292484353	114
1495799787393512489	splash2x.raytrace	1800	40	1.100000	1.233000	1.477000	901079290	79107	25615	120624704	701872	291992286	113
1495799787902603020	splash2x.raytrace	1800	40	1.200000	1.235000	1.482000	901072656	83116	27950	127220992	726631	301573837	113
1495799788411665880	splash2x.raytrace	1800	40	1.200000	1.247000	1.496000	901081423	84435	28198	130445169	751777	309290032	117
1495799788920818947	splash2x.raytrace	1800	40	1.200000	1.249000	1.498000	901080240	83532	27646	126590707	723324	299533031	116
1495799789429968260	splash2x.raytrace	1800	40	1.100000	1.246000	1.492000	901079885	82570	28346	122866018	694284	289858039	117
1495799789939371863	splash2x.raytrace	1800	40	1.100000	1.239000	1.484000	901071035	80204	27601	118561407	675295	280405667	116
1495799790448604045	splash2x.raytrace	1800	40	1.200000	1.236000	1.483000	901079212	82058	27770	123977778	706109	293995155	117
1495799790957724518	splash2x.raytrace	1800	40	1.200000	1.241000	1.489000	901077312	80781	27712	122969381	699595	291888730	117
1495799791466772111	splash2x.raytrace	1800	40	1.200000	1.237000	1.484000	901068134	82316	27858	126421676	717111	297023278	117
1495799791976059496	splash2x.raytrace	1800	40	1.200000	1.242000	1.490000	901076224	83625	28300	130388854	731069	303073685	114
1495799792485100375	splash2x.raytrace	1800	40	1.200000	1.249000	1.498000	901179762	85651	29919	128679321	725061	300510975	118
1495799792994155838	splash2x.raytrace	1800	40	1.100000	1.242000	1.487000	901091368	84037	28663	126268357	713107	296433614	116
1495799793503211087	splash2x.raytrace	1800	40	1.200000	1.238000	1.485000	901208305	84251	28709	132588124	750287	308657470	117
1495799794012302086	splash2x.raytrace	1800	40	1.200000	1.250000	1.500000	901085762	83784	28311	128076004	728111	299654261	116
1495799794521373831	splash2x.raytrace	1800	40	1.200000	1.244000	1.492000	901079510	84699	28626	127118366	723624	297301757	117
1495799795030428366	splash2x.raytrace	1800	40	1.200000	1.246000	1.495000	901084777	85582	28056	130135797	734085	303379486	117
1495799795539533939	splash2x.raytrace	1800	40	1.100000	1.249000	1.496000	901086491	83535	27585	127203895	719225	298855971	117
1495799796048728552	splash2x.raytrace	1800	40	1.200000	1.250000	1.500000	901081435	81715	27889	124961178	705596	293035029	116
1495799796557856162	splash2x.raytrace	1800	40	1.100000	1.245000	1.491000	901180077	84644	28563	133553326	749112	311974968	118
1495799797067095479	splash2x.raytrace	1800	40	1.200000	1.262000	1.514000	901065299	84957	28192	129816310	718704	306357278	116
1495799797576274625	splash2x.raytrace	1800	40	1.200000	1.266000	1.519000	901090142	81101	27408	123097678	686517	294767571	117
1495799798085475770	splash2x.raytrace	1800	40	1.200000	1.239000	1.486000	901088066	79019	28568	122336535	700260	293802479	116
1495799798594742453	splash2x.raytrace	1800	40	1.200000	1.238000	1.485000	901069098	84892	28798	128438151	735088	305706437	114
1495799799103824427	splash2x.raytrace	1800	40	1.200000	1.254000	1.504000	901238611	84382	28815	134110532	786132	317407148	113
1495799799612903105	splash2x.raytrace	1800	40	1.200000	1.248000	1.497000	901216792	84468	29297	130262013	745126	307974865	113
1495799800122103241	splash2x.raytrace	1800	40	1.200000	1.248000	1.497000	901208989	83439	28989	130061430	735828	306322457	112
1495799800631253915	splash2x.raytrace	1800	40	1.200000	1.246000	1.495000	901295811	83870	28851	125221138	711938	295010961	114
1495799801140442671	splash2x.raytrace	1800	40	1.200000	1.241000	1.489000	901201638	82037	27182	124455361	707743	294093843	112
1495799801649612757	splash2x.raytrace	1800	40	1.200000	1.242000	1.490000	901202262	80819	26774	120577865	685803	287092781	113
1495799802158772966	splash2x.raytrace	1800	40	1.200000	1.239000	1.486000	901202827	82179	27145	121933447	690384	289481444	112
1495799802667935214	splash2x.raytrace	1800	40	1.200000	1.234000	1.480000	901182580	82852	27713	122142620	699347	286613870	113
1495799803177119044	splash2x.raytrace	1800	40	1.200000	1.243000	1.491000	901309062	83278	28145	123730390	705065	291641695	113
1495799803686466538	splash2x.raytrace	1800	40	1.200000	1.240000	1.488000	901110958	83202	28710	125147168	711622	293832963	113
1495799804195591155	splash2x.raytrace	1800	40	1.200000	1.244000	1.492000	901208385	82022	28333	126451582	718899	296943113	113
1495799804704822312	splash2x.raytrace	1800	40	1.200000	1.245000	1.494000	901099101	83842	28599	128540628	723845	300364320	113
1495799805213943049	splash2x.raytrace	1800	40	1.200000	1.246000	1.495000	901112751	82889	27976	127784457	715735	298767709	112
1495799805723160618	splash2x.raytrace	1800	40	1.200000	1.245000	1.494000	901113287	83268	28499	125502248	700406	294530012	113
1495799806232253560	splash2x.raytrace	1800	40	1.200000	1.241000	1.489000	901084571	80208	28043	122596992	663390	293656152	112
1495799806741410833	splash2x.raytrace	1800	40	1.200000	1.236000	1.483000	901108288	79149	26615	123250068	663519	295494112	113
1495799807250504562	splash2x.raytrace	1800	40	1.100000	1.239000	1.484000	901085903	82906	26959	131430790	735459	314294821	113
1495799807759736455	splash2x.raytrace	1800	40	1.100000	1.244000	1.490000	901088229	82517	27158	131332906	744847	312211587	113
1495799808268774305	splash2x.raytrace	1800	40	1.100000	1.239000	1.484000	901177846	85201	27713	124143407	709592	296186327	113
1495799808777935737	splash2x.raytrace	1800	40	1.200000	1.235000	1.482000	901074768	82968	27598	123803289	715735	292132644	116
1495799809287072624	splash2x.raytrace	1800	40	1.200000	1.238000	1.485000	901073718	86812	28342	128962254	775312	303851374	117
1495799809796299093	splash2x.raytrace	1800	40	1.200000	1.246000	1.495000	901085836	80611	27934	129284627	735168	302155059	116
1495799810305449310	splash2x.raytrace	1800	40	1.200000	1.247000	1.496000	901268241	80662	27356	127817488	723879	303302540	117
1495799810814628275	splash2x.raytrace	1800	40	1.200000	1.240000	1.488000	901088091	83837	26840	131388876	706183	315460819	117
1495799811323705529	splash2x.raytrace	1800	40	1.200000	1.242000	1.490000	606411696	4512898	1325303	128122771	1695678	263699746	22503
1495799811833510823	splash2x.water_nsquared	1800	40	1.100000	0.888000	1.062000	901373321	9320641	2694913	194874326	3171676	377564177	46899
1495799812343385031	splash2x.water_nsquared	1800	40	1.100000	1.184000	1.418000	901098187	9145363	2645108	200328161	3116763	395927625	46175
1495799812853433571	splash2x.water_nsquared	1800	39	1.100000	1.190000	1.425000	887255927	7736735	1929867	215089615	2343920	576761856	33134
1495799813362905109	splash2x.water_nsquared	1800	40	1.100000	1.191000	1.426000	901182268	160848	26012	427497506	361961	1149610076	157
1495799813872149771	splash2x.water_nsquared	1800	40	1.200000	1.393000	1.671000	901105045	70896	22109	415436220	348433	1110096529	116
1495799814381261681	splash2x.water_nsquared	1800	40	1.200000	1.508000	1.811000	901096756	70245	21911	392057222	329820	1043853441	117
1495799814890404339	splash2x.water_nsquared	1800	40	1.200000	1.483000	1.781000	901098655	70089	21852	363236236	307262	966168722	117
1495799815399461578	splash2x.water_nsquared	1800	40	1.200000	1.440000	1.728000	901098395	70095	22060	351428441	298450	934748161	117
1495799815908499524	splash2x.water_nsquared	1800	40	1.200000	1.422000	1.707000	901325169	69961	21728	346932010	294818	924145624	117
1495799816417602593	splash2x.water_nsquared	1800	40	1.200000	1.416000	1.699000	901089330	70228	21780	339415763	288402	902914479	117
1495799816926715161	splash2x.water_nsquared	1800	40	1.200000	1.406000	1.687000	901089775	69458	21542	324483505	275033	862542012	116
1495799817435952392	splash2x.water_nsquared	1800	40	1.200000	1.386000	1.663000	901096539	70044	21627	319967319	271703	847295751	117
1495799817945053415	splash2x.water_nsquared	1800	40	1.200000	1.380000	1.656000	901104794	70486	21685	318986161	271793	845492510	116
1495799818454130602	splash2x.water_nsquared	1800	41	1.200000	1.381000	1.657000	901089720	71292	22513	325774071	275394	864568348	117
1495799818963442037	splash2x.water_nsquared	1800	40	1.200000	1.378000	1.653000	901095155	71075	23227	338916448	284063	911822792	114
1495799819472635303	splash2x.water_nsquared	1800	41	1.200000	1.399000	1.678000	901091625	71116	22984	352957078	292967	963081080	113
1495799819981746319	splash2x.water_nsquared	1800	41	1.200000	1.420000	1.705000	901203687	71269	22533	359730069	295054	993785744	113
1495799820490818249	splash2x.water_nsquared	1800	41	1.200000	1.431000	1.718000	901083373	72640	22404	368806106	300202	1032951426	113
1495799820999970303	splash2x.water_nsquared	1800	41	1.200000	1.448000	1.737000	901103345	71008	22902	376419095	302322	1066171867	112
1495799821509062062	splash2x.water_nsquared	1800	41	1.200000	1.460000	1.752000	901094047	72678	22271	381637805	304609	1093825884	113
1495799822018157155	splash2x.water_nsquared	1800	41	1.200000	1.474000	1.770000	901101796	71758	22568	404023048	318848	1173575571	112
1495799822527324952	splash2x.water_nsquared	1800	41	1.200000	1.518000	1.823000	901231762	73107	24171	419061021	327439	1233127149	113
1495799823036544000	splash2x.water_nsquared	1800	41	1.200000	1.521000	1.826000	901114040	75852	24315	408321982	335904	1155294140	118
1495799823545617252	splash2x.water_nsquared	1800	41	1.200000	1.503000	1.805000	901098642	74981	24949	419739294	351350	1109095010	113
1495799824054905421	splash2x.water_nsquared	1800	41	1.200000	1.529000	1.836000	901216078	74501	24782	403475277	339148	1069318016	113
1495799824563983796	splash2x.water_nsquared	1800	41	1.200000	1.503000	1.805000	901107224	76243	25134	374550516	316188	990680474	115
1495799825073064212	splash2x.water_nsquared	1800	41	1.200000	1.458000	1.749000	901110221	74224	24103	353102233	299544	931021125	112
1495799825582177959	splash2x.water_nsquared	1800	41	1.200000	1.434000	1.720000	901098516	76196	23999	345654227	293516	912246996	113
1495799826091531163	splash2x.water_nsquared	1800	41	1.200000	1.430000	1.716000	901133136	74025	23525	341368151	290318	901050143	112
1495799826600638365	splash2x.water_nsquared	1800	41	1.200000	1.423000	1.707000	901103545	75275	24288	331018934	282800	872637708	113
1495799827109843691	splash2x.water_nsquared	1800	41	1.200000	1.408000	1.689000	901110586	74947	24886	318867783	272123	839055515	113
1495799827618934431	splash2x.water_nsquared	1800	41	1.200000	1.391000	1.669000	901102016	74272	24125	316341304	269697	830698789	113
1495799828128036046	splash2x.water_nsquared	1800	41	1.200000	1.386000	1.663000	901207844	74938	24225	317795913	270542	836856490	113
1495799828637300992	splash2x.water_nsquared	1800	41	1.200000	1.391000	1.669000	901111149	74472	24347	327072166	276391	868231732	113
1495799829146463104	splash2x.water_nsquared	1800	41	1.200000	1.410000	1.692000	901117922	74349	23832	341790504	286094	918387848	112
1495799829655604047	splash2x.water_nsquared	1800	41	1.200000	1.434000	1.720000	901108525	77262	25007	353339432	293079	960675748	117
1495799830164786781	splash2x.water_nsquared	1800	41	1.200000	1.446000	1.736000	901099858	75310	24591	359447263	295869	990705868	116
1495799830673931054	splash2x.water_nsquared	1800	41	1.200000	1.460000	1.753000	901093634	77057	25063	368569268	300536	1028544789	118
1495799831183143201	splash2x.water_nsquared	1800	41	1.200000	1.470000	1.764000	901106451	77504	25153	373422325	300188	1052089214	116
1495799831692282555	splash2x.water_nsquared	1800	41	1.200000	1.479000	1.776000	901094947	78167	25328	380511481	304332	1084995415	117
1495799832201394783	splash2x.water_nsquared	1800	41	1.200000	1.517000	1.821000	901217866	77378	25587	406213609	321112	1174358163	117
1495799832710473843	splash2x.water_nsquared	1800	41	1.200000	1.540000	1.849000	901193662	76522	25326	415488760	325235	1216587833	117
1495799833219608526	splash2x.water_nsquared	1800	41	1.200000	1.541000	1.850000	901078153	74607	25147	403893662	342662	1113076235	120
1495799833728785417	splash2x.water_nsquared	1800	41	1.200000	1.510000	1.813000	901063077	76221	24654	415956779	348359	1102791399	115
1495799834237958972	splash2x.water_nsquared	1800	41	1.200000	1.519000	1.824000	901218668	74638	25352	399400522	335599	1059868558	115
1495799834747166485	splash2x.water_nsquared	1800	41	1.200000	1.495000	1.795000	901182717	76136	25705	368908949	312423	975654927	118
1495799835256336121	splash2x.water_nsquared	1800	41	1.200000	1.454000	1.744000	901185255	74470	24309	351381421	298138	926063181	116
1495799835765477631	splash2x.water_nsquared	1800	41	1.200000	1.437000	1.725000	901195087	74960	24043	344625022	292647	909309794	118
1495799836274614722	splash2x.water_nsquared	1800	41	1.200000	1.429000	1.714000	901258813	74388	24545	340418159	290126	898680344	116
1495799836783762105	splash2x.water_nsquared	1800	41	1.200000	1.420000	1.704000	901179422	76691	24911	328089949	280529	863319531	117
1495799837292881277	splash2x.water_nsquared	1800	41	1.200000	1.399000	1.680000	901179927	74168	25053	317909210	272029	835261965	116
1495799837802087782	splash2x.water_nsquared	1800	41	1.200000	1.394000	1.672000	901171941	75244	25141	316047047	270256	828679337	117
1495799838311285618	splash2x.water_nsquared	1800	41	1.200000	1.393000	1.671000	901176119	76964	25241	329642413	279031	875786860	118
1495799838820473162	splash2x.water_nsquared	1800	41	1.200000	1.406000	1.687000	901168645	76060	24894	344099531	287960	926611531	116
1495799839329620496	splash2x.water_nsquared	1800	41	1.200000	1.431000	1.717000	901256302	77123	25565	354513413	293310	966145334	116
1495799839838709537	splash2x.water_nsquared	1800	41	1.200000	1.448000	1.737000	901166026	67808	24506	361323730	296475	998366866	112
1495799840347863785	splash2x.water_nsquared	1800	41	1.200000	1.461000	1.753000	901194857	77363	25684	370235108	300666	1034752562	113
1495799840857190199	splash2x.water_nsquared	1800	41	1.200000	1.460000	1.752000	901189946	77199	25607	373911952	300306	1055711569	112
1495799841366370820	splash2x.water_nsquared	1800	41	1.200000	1.471000	1.766000	901192064	78301	25482	384144481	306703	1098905127	113
1495799841875490856	splash2x.water_nsquared	1800	41	1.200000	1.484000	1.782000	901310667	76485	25516	410444211	323141	1189573758	112
1495799842384668266	splash2x.water_nsquared	1800	41	1.200000	1.528000	1.835000	901072163	78920	26488	415906219	324596	1221799171	114
1495799842893817425	splash2x.water_nsquared	1800	41	1.200000	1.544000	1.854000	901072688	75864	23670	407324436	350083	1101195652	120
1495799843403348874	splash2x.water_nsquared	1800	41	1.200000	1.500000	1.801000	901159152	78119	24995	413164743	346114	1098021145	114
1495799843912666655	splash2x.water_nsquared	1800	41	1.200000	1.536000	1.843000	901079354	76518	24769	393860663	330850	1043375647	112
1495799844421839810	splash2x.water_nsquared	1800	41	1.200000	1.509000	1.810000	901064617	76393	24089	364272494	308192	962004634	113
1495799844931172298	splash2x.water_nsquared	1800	41	1.200000	1.463000	1.755000	901065604	75854	24470	349621026	296702	922350623	112
1495799845440283284	splash2x.water_nsquared	1800	41	1.200000	1.436000	1.723000	901077350	76945	24632	343743227	292063	907338178	113
1495799845949417769	splash2x.water_nsquared	1800	41	1.200000	1.427000	1.712000	901071468	75688	24225	339352009	288988	895338686	112
1495799846458562753	splash2x.water_nsquared	1800	41	1.200000	1.421000	1.705000	901074343	76679	24669	325353095	277978	857104639	114
1495799846967814445	splash2x.water_nsquared	1800	41	1.200000	1.400000	1.680000	901075259	74611	23965	317757539	270619	833228459	112
1495799847476993634	splash2x.water_nsquared	1800	41	1.200000	1.391000	1.669000	901176933	76665	24959	315821636	270820	827756972	114
1495799847986392115	splash2x.water_nsquared	1800	41	1.200000	1.391000	1.669000	901074705	75229	23779	320174982	272946	841171323	112
1495799848495526719	splash2x.water_nsquared	1800	41	1.200000	1.394000	1.672000	901061550	75361	23816	332535700	280264	885107148	113
1495799849004682657	splash2x.water_nsquared	1800	41	1.200000	1.411000	1.693000	901073714	75590	23608	346410883	288947	934464421	112
1495799849513772259	splash2x.water_nsquared	1800	41	1.200000	1.434000	1.720000	901062268	76137	24032	355480347	293054	971335970	113
1495799850022863319	splash2x.water_nsquared	1800	41	1.200000	1.450000	1.740000	901057093	75499	23621	363441217	297769	1006728080	116
1495799850532004544	splash2x.water_nsquared	1800	41	1.200000	1.460000	1.752000	901209958	76607	24742	371239638	300896	1039104283	118
1495799851041237852	splash2x.water_nsquared	1800	41	1.200000	1.473000	1.769000	901068134	77012	24238	375241556	301305	1061612607	116
1495799851550356825	splash2x.water_nsquared	1800	41	1.200000	1.479000	1.774000	901075933	78266	25535	388802531	310496	1114973060	118
1495799852059498255	splash2x.water_nsquared	1800	41	1.200000	1.512000	1.815000	901240851	77071	24582	411729341	323449	1197371897	116
1495799852568613060	splash2x.water_nsquared	1800	41	1.200000	1.539000	1.848000	901089659	78284	25384	408213983	326590	1200841753	121
1495799853077703697	splash2x.water_nsquared	1800	41	1.200000	1.545000	1.855000	901106301	71159	25290	403204840	348333	1102965236	116
1495799853586792874	splash2x.water_nsquared	1800	41	1.200000	1.534000	1.842000	901070206	72527	25364	385925355	335155	1049687868	117
1495799854096018051	splash2x.water_nsquared	1800	41	1.200000	1.508000	1.811000	901070819	70939	24842	364328864	316649	986222149	114
1495799854605015809	splash2x.water_nsquared	1800	41	1.200000	1.468000	1.761000	901074268	74142	25849	338526491	295909	917329269	118
1495799855114253859	splash2x.water_nsquared	1800	41	1.200000	1.447000	1.736000	901095655	70684	24724	328254594	286658	886644417	116
1495799855623285574	splash2x.water_nsquared	1800	41	1.200000	1.429000	1.714000	901062970	70279	23984	324258666	282942	874808120	118
1495799856132419455	splash2x.water_nsquared	1800	41	1.200000	1.423000	1.707000	901168425	70515	24202	318480119	278811	861566029	116
1495799856641574085	splash2x.water_nsquared	1800	41	1.200000	1.416000	1.699000	901072497	70845	24409	305243734	267456	822056022	117
1495799857150656006	splash2x.water_nsquared	1800	41	1.200000	1.394000	1.672000	901085716	69632	24265	299587396	262619	806548259	115
1495799857659872133	splash2x.water_nsquared	1800	41	1.200000	1.387000	1.664000	901075022	71570	24532	298273580	262446	803070600	117
1495799858168923802	splash2x.water_nsquared	1800	41	1.200000	1.386000	1.663000	901090120	69617	23798	304742989	266577	819364026	116
1495799858678030220	splash2x.water_nsquared	1800	41	1.200000	1.397000	1.676000	901073521	73522	27179	316802413	275730	867521602	118
1495799859187153220	splash2x.water_nsquared	1800	41	1.200000	1.422000	1.706000	901070722	71472	25527	330207660	284205	920507948	116
1495799859696442928	splash2x.water_nsquared	1800	41	1.200000	1.441000	1.729000	901071215	72177	25309	339152908	288895	955349249	117
1495799860205450635	splash2x.water_nsquared	1800	41	1.200000	1.453000	1.743000	901166015	72538	25707	348649328	294272	996644197	115
1495799860714624840	splash2x.water_nsquared	1800	41	1.200000	1.470000	1.764000	901042417	71856	25669	355480492	297070	1028564142	113
1495799861223775462	splash2x.water_nsquared	1800	41	1.200000	1.479000	1.776000	901092833	70491	24749	360165716	297810	1054759579	112
1495799861732927999	splash2x.water_nsquared	1800	41	1.200000	1.501000	1.802000	901224105	71383	25198	379793335	310152	1127918711	113
1495799862241978286	splash2x.water_nsquared	1800	41	1.200000	1.536000	1.844000	901114994	71917	25678	398640396	322152	1202095025	112
