#Timestamp	CPU(0) Frequency(MHz)	CPU(0) Temperature(C)	A7 Voltage(V)	A7 Current(A)	A7 Power(W)	CPU(4) Frequency(MHz)	CPU(4) Temperature(C)	A15 Voltage(V)	A15 Current(A)	A15 Power(W)	GPU Frequency(MHz)	GPU Temperature(C)	GPU Voltage(V)	GPU Current(A)	GPU Power(W)	RAM Voltage(V)	RAM Current(A)	RAM Power(W)
1495799541911182792	1400 38 1.200000 0.216000 0.271000 1800 31 1.100000 0.469000 0.560000 600 34 0.900000 0.065000 0.064000 1.200000 0.056000 0.068000
1495799542421250667	1400 40 1.200000 0.101000 0.128000 1800 32 1.100000 1.126000 1.348000 600 34 0.900000 0.065000 0.064000 1.200000 0.031000 0.037000
1495799542931347334	1400 40 1.200000 0.101000 0.128000 1800 33 1.100000 1.129000 1.352000 600 35 0.900000 0.066000 0.065000 1.200000 0.031000 0.037000
1495799543442541950	1400 39 1.200000 0.106000 0.134000 1800 33 1.100000 1.145000 1.371000 600 36 0.900000 0.066000 0.065000 1.200000 0.034000 0.041000
1495799543953822950	1400 39 1.200000 0.161000 0.204000 1800 33 1.100000 0.929000 1.112000 600 36 0.900000 0.066000 0.065000 1.200000 0.088000 0.107000
1495799544465044691	1400 39 1.200000 0.157000 0.199000 1800 34 1.100000 0.919000 1.100000 600 36 0.900000 0.067000 0.066000 1.200000 0.083000 0.101000
1495799544976871941	1400 40 1.200000 0.155000 0.197000 1800 34 1.100000 0.926000 1.108000 600 36 0.900000 0.067000 0.066000 1.200000 0.083000 0.101000
1495799545486611063	1400 44 1.200000 0.100000 0.127000 1800 34 1.100000 1.025000 1.226000 600 37 0.900000 0.067000 0.066000 1.200000 0.083000 0.101000
1495799545996638648	1400 45 1.200000 0.095000 0.120000 1800 35 1.200000 1.408000 1.689000 600 37 0.900000 0.067000 0.066000 1.200000 0.053000 0.064000
1495799546505730347	1400 46 1.200000 0.095000 0.120000 1800 36 1.200000 1.383000 1.659000 600 38 0.900000 0.068000 0.067000 1.200000 0.047000 0.057000
1495799547014970965	1400 46 1.200000 0.095000 0.120000 1800 36 1.200000 1.434000 1.720000 600 38 0.900000 0.068000 0.067000 1.200000 0.045000 0.054000
1495799547524345436	1400 46 1.200000 0.100000 0.127000 1800 36 1.200000 1.430000 1.716000 600 38 0.900000 0.069000 0.068000 1.200000 0.043000 0.052000
1495799548033555955	1400 47 1.200000 0.102000 0.129000 1800 36 1.200000 1.428000 1.713000 600 39 0.900000 0.069000 0.068000 1.200000 0.043000 0.052000
1495799548542988981	1400 47 1.200000 0.101000 0.128000 1800 37 1.200000 1.451000 1.741000 600 39 0.900000 0.069000 0.068000 1.200000 0.045000 0.054000
1495799549052099142	1400 47 1.200000 0.100000 0.127000 1800 37 1.200000 1.415000 1.698000 600 39 0.900000 0.069000 0.068000 1.200000 0.045000 0.054000
1495799549561212179	1400 47 1.200000 0.097000 0.123000 1800 37 1.200000 1.380000 1.656000 600 39 0.900000 0.069000 0.068000 1.200000 0.048000 0.058000
1495799550070534351	1400 46 1.200000 0.099000 0.125000 1800 37 1.200000 1.428000 1.713000 600 39 0.900000 0.069000 0.068000 1.200000 0.042000 0.051000
1495799550580063890	1400 46 1.200000 0.099000 0.126000 1800 37 1.100000 1.307000 1.565000 600 39 0.900000 0.069000 0.068000 1.200000 0.030000 0.036000
1495799551089448775	1400 46 1.200000 0.103000 0.131000 1800 37 1.100000 1.314000 1.574000 600 39 0.900000 0.069000 0.068000 1.200000 0.031000 0.037000
1495799551598821645	1400 46 1.200000 0.101000 0.128000 1800 37 1.200000 1.320000 1.584000 600 39 0.900000 0.069000 0.068000 1.200000 0.031000 0.037000
1495799552108203822	1400 46 1.200000 0.099000 0.125000 1800 37 1.100000 1.309000 1.568000 600 39 0.900000 0.069000 0.068000 1.200000 0.032000 0.038000
1495799552617741475	1400 46 1.200000 0.096000 0.122000 1800 37 1.100000 1.306000 1.564000 600 40 0.900000 0.069000 0.068000 1.200000 0.032000 0.038000
1495799553127246480	1400 46 1.200000 0.098000 0.124000 1800 37 1.100000 1.302000 1.559000 600 39 0.900000 0.069000 0.068000 1.200000 0.031000 0.037000
1495799553636681454	1400 46 1.200000 0.097000 0.123000 1800 37 1.100000 1.301000 1.558000 600 39 0.900000 0.070000 0.069000 1.200000 0.031000 0.037000
1495799554146121281	1400 46 1.200000 0.099000 0.126000 1800 37 1.200000 1.313000 1.575000 600 39 0.900000 0.070000 0.069000 1.200000 0.030000 0.036000
1495799554655483781	1400 46 1.200000 0.095000 0.120000 1800 37 1.100000 1.312000 1.571000 600 40 0.900000 0.070000 0.069000 1.200000 0.030000 0.036000
1495799555164988092	1400 46 1.200000 0.096000 0.122000 1800 37 1.100000 1.314000 1.574000 600 40 0.900000 0.070000 0.069000 1.200000 0.030000 0.036000
1495799555674366238	1400 46 1.200000 0.096000 0.122000 1800 37 1.200000 1.329000 1.594000 600 40 0.900000 0.070000 0.069000 1.200000 0.030000 0.036000
1495799556184137696	1400 47 1.200000 0.099000 0.125000 1800 37 1.200000 1.305000 1.566000 600 40 0.900000 0.070000 0.069000 1.200000 0.032000 0.038000
1495799556693540192	1400 46 1.200000 0.102000 0.129000 1800 37 1.100000 1.325000 1.587000 600 40 0.900000 0.069000 0.068000 1.200000 0.031000 0.037000
1495799557202780001	1400 45 1.200000 0.102000 0.129000 1800 37 1.100000 1.279000 1.532000 600 40 0.900000 0.069000 0.068000 1.200000 0.030000 0.036000
1495799557712184385	1400 46 1.200000 0.096000 0.122000 1800 37 1.200000 1.267000 1.520000 600 40 0.900000 0.070000 0.069000 1.200000 0.029000 0.035000
1495799558221690500	1400 46 1.200000 0.095000 0.120000 1800 38 1.100000 1.275000 1.527000 600 40 0.900000 0.070000 0.069000 1.200000 0.030000 0.036000
1495799558731302310	1400 46 1.200000 0.097000 0.123000 1800 38 1.200000 1.285000 1.542000 600 40 0.900000 0.070000 0.069000 1.200000 0.030000 0.036000
1495799559240564894	1400 46 1.200000 0.101000 0.128000 1800 38 1.200000 1.279000 1.534000 600 40 0.900000 0.070000 0.069000 1.200000 0.031000 0.037000
1495799559749914253	1400 47 1.200000 0.102000 0.129000 1800 37 1.200000 1.283000 1.539000 600 40 0.900000 0.070000 0.069000 1.200000 0.031000 0.037000
1495799560259303677	1400 46 1.200000 0.101000 0.128000 1800 38 1.100000 1.281000 1.534000 600 40 0.900000 0.070000 0.069000 1.200000 0.029000 0.035000
1495799560768472998	1400 47 1.200000 0.100000 0.127000 1800 38 1.100000 1.283000 1.537000 600 40 0.900000 0.070000 0.069000 1.200000 0.029000 0.035000
1495799561278061092	1400 46 1.200000 0.098000 0.124000 1800 38 1.200000 1.279000 1.534000 600 40 0.900000 0.070000 0.069000 1.200000 0.030000 0.036000
1495799561787451080	1400 46 1.200000 0.098000 0.124000 1800 38 1.200000 1.281000 1.537000 600 40 0.900000 0.070000 0.069000 1.200000 0.032000 0.038000
1495799562296962258	1400 47 1.200000 0.096000 0.122000 1800 38 1.100000 1.285000 1.539000 600 40 0.900000 0.070000 0.069000 1.200000 0.029000 0.035000
1495799562806458953	1400 46 1.200000 0.097000 0.123000 1800 38 1.100000 1.285000 1.539000 600 40 0.900000 0.070000 0.069000 1.200000 0.029000 0.035000
1495799563316021545	1400 46 1.200000 0.096000 0.122000 1800 38 1.100000 1.266000 1.516000 600 40 0.900000 0.070000 0.069000 1.200000 0.029000 0.035000
1495799563825323236	1400 47 1.200000 0.099000 0.125000 1800 38 1.200000 1.286000 1.543000 600 40 0.900000 0.070000 0.069000 1.200000 0.031000 0.037000
1495799564334657616	1400 46 1.200000 0.098000 0.124000 1800 38 1.100000 1.274000 1.526000 600 40 0.900000 0.070000 0.069000 1.200000 0.030000 0.036000
1495799564844009800	1400 47 1.200000 0.099000 0.125000 1800 38 1.200000 1.281000 1.537000 600 40 0.900000 0.070000 0.069000 1.200000 0.030000 0.036000
1495799565353303382	1400 46 1.200000 0.101000 0.128000 1800 38 1.100000 1.279000 1.532000 600 40 0.900000 0.070000 0.069000 1.200000 0.030000 0.036000
1495799565862710306	1400 47 1.200000 0.104000 0.132000 1800 38 1.100000 1.276000 1.528000 600 40 0.900000 0.070000 0.069000 1.200000 0.031000 0.037000
1495799566372060254	1400 47 1.200000 0.104000 0.132000 1800 38 1.200000 1.278000 1.533000 600 40 0.900000 0.070000 0.069000 1.200000 0.029000 0.035000
1495799566881587168	1400 47 1.200000 0.097000 0.123000 1800 38 1.200000 1.285000 1.542000 600 40 0.900000 0.070000 0.069000 1.200000 0.029000 0.035000
1495799567390956937	1400 47 1.200000 0.095000 0.120000 1800 38 1.200000 1.285000 1.542000 600 40 0.900000 0.070000 0.069000 1.200000 0.030000 0.036000
1495799567900603505	1400 48 1.200000 0.122000 0.154000 1800 38 1.200000 1.310000 1.572000 600 41 0.900000 0.070000 0.069000 1.200000 0.063000 0.076000
1495799568410537010	1400 47 1.200000 0.107000 0.136000 1800 38 1.200000 1.288000 1.545000 600 40 0.900000 0.070000 0.069000 1.200000 0.037000 0.044000
1495799568920348188	1400 47 1.200000 0.107000 0.136000 1800 38 1.200000 1.291000 1.549000 600 40 0.900000 0.070000 0.069000 1.200000 0.037000 0.044000
1495799569429917971	1400 47 1.200000 0.096000 0.122000 1800 38 1.100000 1.287000 1.541000 600 40 0.900000 0.070000 0.069000 1.200000 0.038000 0.046000
1495799569939193174	1400 47 1.200000 0.099000 0.125000 1800 38 1.100000 1.275000 1.527000 600 40 0.900000 0.070000 0.069000 1.200000 0.031000 0.037000
1495799570448547607	1400 47 1.200000 0.099000 0.125000 1800 38 1.100000 1.293000 1.549000 600 40 0.900000 0.070000 0.069000 1.200000 0.029000 0.035000
1495799570958248876	1400 46 1.200000 0.096000 0.122000 1800 38 1.200000 1.285000 1.542000 600 40 0.900000 0.070000 0.069000 1.200000 0.029000 0.035000
1495799571467728457	1400 47 1.200000 0.104000 0.132000 1800 38 1.200000 1.286000 1.543000 600 40 0.900000 0.070000 0.069000 1.200000 0.030000 0.036000
1495799571977127998	1400 47 1.200000 0.103000 0.131000 1800 38 1.200000 1.282000 1.538000 600 40 0.900000 0.070000 0.069000 1.200000 0.030000 0.036000
1495799572486535559	1400 47 1.200000 0.100000 0.127000 1800 38 1.100000 1.288000 1.543000 600 40 0.900000 0.070000 0.069000 1.200000 0.031000 0.037000
1495799572996429871	1400 47 1.200000 0.097000 0.123000 1800 38 1.200000 1.283000 1.539000 600 40 0.900000 0.070000 0.069000 1.200000 0.032000 0.038000
1495799573506098702	1400 47 1.200000 0.108000 0.137000 1800 38 1.200000 1.286000 1.543000 600 40 0.900000 0.070000 0.069000 1.200000 0.034000 0.041000
1495799574015429742	1400 47 1.200000 0.102000 0.129000 1800 38 1.200000 1.282000 1.538000 600 41 0.900000 0.070000 0.069000 1.200000 0.030000 0.036000
1495799574524864800	1400 47 1.200000 0.103000 0.131000 1800 38 1.200000 1.278000 1.533000 600 40 0.900000 0.071000 0.070000 1.200000 0.030000 0.036000
1495799575034272068	1400 47 1.200000 0.102000 0.129000 1800 38 1.200000 1.285000 1.542000 600 41 0.900000 0.070000 0.069000 1.200000 0.031000 0.037000
1495799575543513769	1400 47 1.200000 0.098000 0.124000 1800 38 1.200000 1.285000 1.542000 600 41 0.900000 0.070000 0.069000 1.200000 0.030000 0.036000
1495799576052806221	1400 47 1.200000 0.097000 0.123000 1800 38 1.200000 1.278000 1.533000 600 40 0.900000 0.070000 0.069000 1.200000 0.029000 0.035000
1495799576562288812	1400 47 1.200000 0.096000 0.122000 1800 38 1.200000 1.285000 1.542000 600 40 0.900000 0.070000 0.069000 1.200000 0.030000 0.036000
1495799577071762823	1400 47 1.200000 0.096000 0.122000 1800 38 1.100000 1.277000 1.529000 600 41 0.900000 0.070000 0.069000 1.200000 0.029000 0.035000
1495799577581200054	1400 47 1.200000 0.097000 0.123000 1800 38 1.200000 1.277000 1.532000 600 40 0.900000 0.070000 0.069000 1.200000 0.028000 0.034000
1495799578090513080	1400 47 1.200000 0.097000 0.123000 1800 38 1.200000 1.286000 1.543000 600 40 0.900000 0.070000 0.069000 1.200000 0.030000 0.036000
1495799578599946118	1400 47 1.200000 0.101000 0.128000 1800 38 1.200000 1.282000 1.538000 600 40 0.900000 0.070000 0.069000 1.200000 0.031000 0.037000
1495799579109860450	1400 45 1.200000 0.107000 0.136000 1800 38 1.100000 1.195000 1.431000 600 40 0.900000 0.070000 0.069000 1.200000 0.049000 0.059000
1495799579619722000	1400 45 1.200000 0.104000 0.132000 1800 38 1.100000 1.174000 1.406000 600 40 0.900000 0.070000 0.069000 1.200000 0.030000 0.036000
1495799580129543304	1400 45 1.200000 0.100000 0.127000 1800 38 1.100000 1.184000 1.418000 600 40 0.900000 0.070000 0.069000 1.200000 0.030000 0.036000
1495799580639499575	1400 47 1.200000 0.102000 0.129000 1800 38 1.100000 1.191000 1.426000 600 40 0.900000 0.070000 0.069000 1.200000 0.030000 0.036000
1495799581149718350	1400 48 1.200000 0.117000 0.148000 1800 38 1.100000 1.176000 1.408000 600 40 0.900000 0.070000 0.069000 1.200000 0.053000 0.064000
1495799581659382258	1400 46 1.200000 0.121000 0.153000 1800 38 1.100000 1.229000 1.472000 600 40 0.900000 0.070000 0.069000 1.200000 0.056000 0.068000
1495799582168501504	1400 45 1.200000 0.101000 0.128000 1800 38 1.100000 1.166000 1.396000 600 41 0.900000 0.070000 0.069000 1.200000 0.055000 0.066000
1495799582677832423	1400 45 1.200000 0.103000 0.131000 1800 38 1.100000 1.097000 1.314000 600 40 0.900000 0.070000 0.069000 1.200000 0.054000 0.065000
1495799583187122721	1400 45 1.200000 0.104000 0.132000 1800 38 1.100000 1.142000 1.368000 600 40 0.900000 0.070000 0.069000 1.200000 0.050000 0.060000
1495799583696636234	1400 45 1.200000 0.101000 0.128000 1800 38 1.100000 1.126000 1.348000 600 40 0.900000 0.070000 0.069000 1.200000 0.058000 0.070000
1495799584205745667	1400 45 1.200000 0.098000 0.124000 1800 38 1.100000 1.119000 1.340000 600 40 0.900000 0.070000 0.069000 1.200000 0.047000 0.057000
1495799584714983689	1400 45 1.200000 0.096000 0.122000 1800 38 1.100000 1.108000 1.327000 600 40 0.900000 0.070000 0.069000 1.200000 0.048000 0.058000
1495799585224255758	1400 45 1.200000 0.097000 0.123000 1800 38 1.100000 1.109000 1.328000 600 40 0.900000 0.070000 0.069000 1.200000 0.048000 0.058000
1495799585733783539	1400 47 1.200000 0.102000 0.129000 1800 38 1.100000 1.106000 1.324000 600 40 0.900000 0.070000 0.069000 1.200000 0.051000 0.062000
1495799586243041699	1400 50 1.200000 0.104000 0.132000 1800 39 1.200000 1.235000 1.482000 600 41 0.900000 0.070000 0.069000 1.200000 0.048000 0.058000
1495799586752192739	1400 48 1.200000 0.102000 0.129000 1800 39 1.200000 1.800000 2.163000 600 41 0.900000 0.070000 0.069000 1.200000 0.035000 0.042000
1495799587261661575	1400 48 1.200000 0.102000 0.129000 1800 38 1.200000 1.209000 1.450000 600 41 0.900000 0.071000 0.070000 1.200000 0.057000 0.069000
1495799587770949831	1400 48 1.200000 0.099000 0.125000 1800 39 1.200000 1.397000 1.676000 600 41 0.900000 0.071000 0.070000 1.200000 0.050000 0.060000
1495799588280122216	1400 48 1.200000 0.101000 0.128000 1800 39 1.200000 1.382000 1.658000 600 41 0.900000 0.071000 0.070000 1.200000 0.051000 0.062000
1495799588789341480	1400 49 1.200000 0.103000 0.131000 1800 39 1.200000 1.375000 1.650000 600 41 0.900000 0.071000 0.070000 1.200000 0.050000 0.060000
1495799589298536706	1400 48 1.200000 0.097000 0.123000 1800 39 1.200000 1.374000 1.648000 600 41 0.900000 0.071000 0.070000 1.200000 0.049000 0.059000
1495799589807732643	1400 48 1.200000 0.097000 0.123000 1800 39 1.200000 1.365000 1.638000 600 41 0.900000 0.071000 0.070000 1.200000 0.049000 0.059000
1495799590316944585	1400 48 1.200000 0.099000 0.126000 1800 39 1.200000 1.355000 1.626000 600 41 0.900000 0.071000 0.070000 1.200000 0.049000 0.059000
1495799590826220487	1400 48 1.200000 0.098000 0.124000 1800 39 1.200000 1.357000 1.628000 600 41 0.900000 0.072000 0.071000 1.200000 0.049000 0.059000
1495799591335476060	1400 45 1.200000 0.098000 0.124000 1800 39 1.100000 1.184000 1.418000 600 41 0.900000 0.071000 0.070000 1.200000 0.063000 0.076000
1495799591844695801	1400 45 1.200000 0.099000 0.126000 1800 38 1.100000 1.103000 1.321000 600 41 0.900000 0.071000 0.070000 1.200000 0.095000 0.115000
1495799592353901922	1400 45 1.200000 0.106000 0.134000 1800 38 1.100000 1.089000 1.304000 600 41 0.900000 0.071000 0.070000 1.200000 0.095000 0.115000
1495799592863178377	1400 45 1.200000 0.100000 0.127000 1800 38 1.100000 1.116000 1.336000 600 41 0.900000 0.071000 0.070000 1.200000 0.094000 0.114000
1495799593372480754	1400 45 1.200000 0.103000 0.131000 1800 38 1.100000 1.091000 1.307000 600 41 0.900000 0.071000 0.070000 1.200000 0.094000 0.114000
1495799593881706381	1400 45 1.200000 0.101000 0.128000 1800 38 1.100000 1.094000 1.310000 600 41 0.900000 0.071000 0.070000 1.200000 0.094000 0.114000
1495799594391031930	1400 45 1.200000 0.100000 0.127000 1800 38 1.100000 1.088000 1.303000 600 41 0.900000 0.070000 0.069000 1.200000 0.095000 0.115000
1495799594900343812	1400 45 1.200000 0.102000 0.129000 1800 38 1.100000 1.099000 1.316000 600 41 0.900000 0.071000 0.070000 1.200000 0.093000 0.113000
1495799595409704115	1400 45 1.200000 0.106000 0.134000 1800 38 1.100000 1.095000 1.311000 600 41 0.900000 0.070000 0.069000 1.200000 0.092000 0.112000
1495799595918946961	1400 45 1.200000 0.106000 0.134000 1800 38 1.100000 1.094000 1.310000 600 41 0.900000 0.070000 0.069000 1.200000 0.094000 0.114000
1495799596428391227	1400 45 1.200000 0.104000 0.132000 1800 38 1.100000 1.098000 1.315000 600 41 0.900000 0.071000 0.070000 1.200000 0.095000 0.115000
1495799596937682411	1400 45 1.200000 0.101000 0.128000 1800 38 1.100000 1.092000 1.308000 600 41 0.900000 0.070000 0.069000 1.200000 0.093000 0.113000
1495799597446931223	1400 45 1.200000 0.101000 0.128000 1800 38 1.100000 1.107000 1.326000 600 41 0.900000 0.070000 0.069000 1.200000 0.096000 0.116000
1495799597956244911	1400 45 1.200000 0.100000 0.127000 1800 38 1.100000 1.090000 1.305000 600 41 0.900000 0.070000 0.069000 1.200000 0.093000 0.113000
1495799598465545894	1400 44 1.200000 0.098000 0.124000 1800 38 1.100000 1.088000 1.303000 600 41 0.900000 0.071000 0.070000 1.200000 0.095000 0.115000
1495799598974805669	1400 45 1.200000 0.097000 0.123000 1800 38 1.100000 1.096000 1.313000 600 40 0.900000 0.070000 0.069000 1.200000 0.091000 0.110000
1495799599484022864	1400 45 1.200000 0.099000 0.126000 1800 38 1.100000 1.091000 1.307000 600 41 0.900000 0.071000 0.070000 1.200000 0.091000 0.110000
1495799599993210059	1400 45 1.200000 0.099000 0.126000 1800 38 1.100000 1.097000 1.314000 600 41 0.900000 0.070000 0.069000 1.200000 0.095000 0.115000
1495799600502622799	1400 45 1.200000 0.099000 0.125000 1800 38 1.100000 1.091000 1.307000 600 41 0.900000 0.070000 0.069000 1.200000 0.092000 0.112000
1495799601012051665	1400 45 1.200000 0.104000 0.132000 1800 38 1.100000 1.088000 1.303000 600 41 0.900000 0.070000 0.069000 1.200000 0.095000 0.115000
1495799601521376575	1400 45 1.200000 0.105000 0.133000 1800 38 1.100000 1.088000 1.303000 600 41 0.900000 0.070000 0.069000 1.200000 0.093000 0.113000
1495799602030615861	1400 45 1.200000 0.105000 0.133000 1800 38 1.100000 1.096000 1.313000 600 41 0.900000 0.070000 0.069000 1.200000 0.093000 0.113000
1495799602540029857	1400 45 1.200000 0.099000 0.126000 1800 38 1.100000 1.096000 1.313000 600 41 0.900000 0.070000 0.069000 1.200000 0.094000 0.114000
1495799603049476979	1400 48 1.200000 0.099000 0.126000 1800 39 1.100000 1.101000 1.318000 600 41 0.900000 0.070000 0.069000 1.200000 0.092000 0.112000
1495799603558686353	1400 48 1.200000 0.097000 0.123000 1800 39 1.200000 1.376000 1.651000 600 41 0.900000 0.071000 0.070000 1.200000 0.050000 0.060000
1495799604067872853	1400 48 1.200000 0.101000 0.128000 1800 39 1.200000 1.370000 1.644000 600 41 0.900000 0.071000 0.070000 1.200000 0.050000 0.060000
1495799604577031938	1400 48 1.200000 0.102000 0.129000 1800 39 1.200000 1.356000 1.627000 600 41 0.900000 0.071000 0.070000 1.200000 0.051000 0.062000
1495799605086343108	1400 48 1.200000 0.107000 0.136000 1800 39 1.200000 1.377000 1.652000 600 41 0.900000 0.071000 0.070000 1.200000 0.050000 0.060000
1495799605596011362	1400 46 1.200000 0.111000 0.141000 1800 39 1.200000 1.463000 1.755000 600 41 0.900000 0.071000 0.070000 1.200000 0.042000 0.051000
1495799606105989617	1400 46 1.200000 0.149000 0.188000 1800 39 1.100000 0.790000 0.944000 600 41 0.900000 0.071000 0.070000 1.200000 0.069000 0.084000
1495799606615810666	1400 46 1.200000 0.103000 0.131000 1800 38 1.100000 1.181000 1.414000 600 41 0.900000 0.071000 0.070000 1.200000 0.029000 0.035000
1495799607125752739	1400 46 1.200000 0.104000 0.132000 1800 39 1.100000 1.187000 1.422000 600 41 0.900000 0.071000 0.070000 1.200000 0.028000 0.034000
1495799607635472973	1400 44 1.200000 0.107000 0.136000 1800 38 1.100000 1.192000 1.428000 600 41 0.900000 0.070000 0.069000 1.200000 0.030000 0.036000
1495799608144746687	1400 44 1.200000 0.108000 0.137000 1800 38 1.100000 0.994000 1.189000 600 40 0.900000 0.071000 0.070000 1.200000 0.028000 0.034000
1495799608654214958	1400 44 1.200000 0.103000 0.131000 1800 38 1.100000 0.993000 1.188000 600 40 0.900000 0.070000 0.069000 1.200000 0.028000 0.034000
1495799609163548083	1400 44 1.200000 0.099000 0.125000 1800 38 1.100000 0.995000 1.192000 600 40 0.900000 0.070000 0.069000 1.200000 0.028000 0.034000
1495799609673356210	1400 43 1.200000 0.100000 0.127000 1800 38 1.100000 0.994000 1.189000 600 40 0.900000 0.070000 0.069000 1.200000 0.029000 0.035000
1495799610182842365	1400 43 1.200000 0.104000 0.132000 1800 37 1.100000 0.995000 1.191000 600 40 0.900000 0.070000 0.069000 1.200000 0.027000 0.032000
1495799610692276558	1400 43 1.200000 0.107000 0.136000 1800 37 1.100000 0.994000 1.189000 600 40 0.900000 0.070000 0.069000 1.200000 0.026000 0.031000
1495799611201990736	1400 43 1.200000 0.098000 0.124000 1800 37 1.100000 0.994000 1.189000 600 40 0.900000 0.070000 0.069000 1.200000 0.026000 0.031000
1495799611711357362	1400 43 1.200000 0.097000 0.123000 1800 37 1.100000 0.994000 1.189000 600 40 0.900000 0.070000 0.069000 1.200000 0.029000 0.035000
1495799612221101724	1400 43 1.200000 0.098000 0.124000 1800 37 1.100000 0.994000 1.189000 600 40 0.900000 0.070000 0.069000 1.200000 0.027000 0.032000
1495799612730556191	1400 43 1.200000 0.098000 0.124000 1800 37 1.100000 0.994000 1.189000 600 40 0.900000 0.070000 0.069000 1.200000 0.027000 0.032000
1495799613240032154	1400 43 1.200000 0.099000 0.126000 1800 37 1.100000 0.995000 1.191000 600 40 0.900000 0.070000 0.069000 1.200000 0.028000 0.034000
1495799613749609581	1400 43 1.200000 0.097000 0.123000 1800 37 1.100000 0.994000 1.189000 600 40 0.900000 0.070000 0.069000 1.200000 0.028000 0.034000
1495799614258970843	1400 43 1.200000 0.098000 0.124000 1800 37 1.100000 0.995000 1.191000 600 40 0.900000 0.070000 0.069000 1.200000 0.028000 0.034000
1495799614768412520	1400 43 1.200000 0.098000 0.124000 1800 37 1.100000 0.993000 1.188000 600 39 0.900000 0.070000 0.069000 1.200000 0.026000 0.031000
1495799615277724493	1400 48 1.200000 0.098000 0.124000 1800 38 1.100000 0.994000 1.189000 600 40 0.900000 0.069000 0.068000 1.200000 0.028000 0.034000
1495799615786995332	1400 48 1.200000 0.101000 0.128000 1800 38 1.200000 1.377000 1.652000 600 40 0.900000 0.070000 0.069000 1.200000 0.031000 0.037000
1495799616296423841	1400 44 1.200000 0.102000 0.129000 1800 38 1.200000 1.393000 1.671000 600 40 0.900000 0.070000 0.069000 1.200000 0.031000 0.037000
1495799616805534461	1400 45 1.200000 0.102000 0.129000 1800 38 1.100000 1.107000 1.326000 600 40 0.900000 0.070000 0.069000 1.200000 0.040000 0.048000
1495799617314658964	1400 48 1.200000 0.103000 0.131000 1800 38 1.100000 1.198000 1.435000 600 41 0.900000 0.070000 0.069000 1.200000 0.066000 0.080000
1495799617823704192	1400 49 1.200000 0.100000 0.127000 1800 39 1.200000 1.450000 1.740000 600 41 0.900000 0.070000 0.069000 1.200000 0.027000 0.032000
1495799618332781932	1400 49 1.200000 0.097000 0.123000 1800 39 1.200000 1.471000 1.765000 600 41 0.900000 0.071000 0.070000 1.200000 0.024000 0.029000
1495799618841844888	1400 49 1.200000 0.098000 0.124000 1800 39 1.200000 1.468000 1.761000 600 41 0.900000 0.071000 0.070000 1.200000 0.024000 0.029000
1495799619350990690	1400 50 1.200000 0.103000 0.131000 1800 39 1.200000 1.452000 1.742000 600 41 0.900000 0.071000 0.070000 1.200000 0.025000 0.030000
1495799619860042246	1400 50 1.200000 0.105000 0.133000 1800 39 1.200000 1.475000 1.770000 600 41 0.900000 0.071000 0.070000 1.200000 0.022000 0.026000
1495799620369096650	1400 50 1.200000 0.097000 0.123000 1800 40 1.200000 1.474000 1.768000 600 41 0.900000 0.071000 0.070000 1.200000 0.023000 0.027000
1495799620878120759	1400 50 1.200000 0.097000 0.123000 1800 39 1.200000 1.468000 1.761000 600 41 0.900000 0.071000 0.070000 1.200000 0.025000 0.030000
1495799621387236591	1400 50 1.200000 0.097000 0.123000 1800 39 1.200000 1.476000 1.771000 600 42 0.900000 0.071000 0.070000 1.200000 0.023000 0.027000
1495799621896586620	1400 50 1.200000 0.099000 0.126000 1800 40 1.200000 1.473000 1.767000 600 42 0.900000 0.072000 0.071000 1.200000 0.023000 0.027000
1495799622406052792	1400 50 1.200000 0.100000 0.127000 1800 40 1.200000 1.473000 1.767000 600 42 0.900000 0.072000 0.071000 1.200000 0.024000 0.029000
1495799622915082368	1400 50 1.200000 0.104000 0.132000 1800 40 1.200000 1.469000 1.762000 600 42 0.900000 0.072000 0.071000 1.200000 0.024000 0.029000
1495799623424186713	1400 50 1.200000 0.107000 0.136000 1800 40 1.200000 1.476000 1.771000 600 42 0.900000 0.072000 0.071000 1.200000 0.023000 0.027000
1495799623933399745	1400 50 1.200000 0.103000 0.131000 1800 40 1.200000 1.471000 1.765000 600 42 0.900000 0.072000 0.071000 1.200000 0.023000 0.027000
1495799624442480257	1400 50 1.200000 0.097000 0.123000 1800 40 1.200000 1.474000 1.768000 600 42 0.900000 0.072000 0.071000 1.200000 0.024000 0.029000
1495799624951609493	1400 50 1.200000 0.099000 0.126000 1800 40 1.200000 1.455000 1.746000 600 42 0.900000 0.072000 0.071000 1.200000 0.024000 0.029000
1495799625460662918	1400 50 1.200000 0.098000 0.124000 1800 40 1.200000 1.479000 1.774000 600 42 0.900000 0.072000 0.071000 1.200000 0.024000 0.029000
1495799625969850145	1400 51 1.200000 0.097000 0.123000 1800 40 1.200000 1.469000 1.762000 600 42 0.900000 0.072000 0.071000 1.200000 0.024000 0.029000
1495799626478876812	1400 50 1.200000 0.106000 0.134000 1800 40 1.200000 1.467000 1.760000 600 42 0.900000 0.072000 0.071000 1.200000 0.024000 0.029000
1495799626987968402	1400 51 1.200000 0.105000 0.133000 1800 40 1.200000 1.476000 1.771000 600 42 0.900000 0.072000 0.071000 1.200000 0.023000 0.027000
1495799627497136847	1400 50 1.200000 0.104000 0.132000 1800 40 1.200000 1.460000 1.752000 600 42 0.900000 0.072000 0.071000 1.200000 0.023000 0.027000
1495799628006329462	1400 51 1.200000 0.100000 0.127000 1800 40 1.200000 1.477000 1.772000 600 42 0.900000 0.072000 0.071000 1.200000 0.022000 0.026000
1495799628515407934	1400 51 1.200000 0.098000 0.124000 1800 40 1.200000 1.459000 1.750000 600 42 0.900000 0.072000 0.071000 1.200000 0.025000 0.030000
1495799629024545285	1400 51 1.200000 0.099000 0.126000 1800 40 1.200000 1.464000 1.756000 600 42 0.900000 0.072000 0.071000 1.200000 0.024000 0.029000
1495799629534008314	1400 50 1.200000 0.102000 0.129000 1800 40 1.200000 1.443000 1.731000 600 42 0.900000 0.072000 0.071000 1.200000 0.029000 0.035000
1495799630043159270	1400 47 1.200000 0.106000 0.134000 1800 40 1.100000 1.262000 1.511000 600 42 0.900000 0.072000 0.071000 1.200000 0.052000 0.063000
1495799630552387150	1400 50 1.200000 0.104000 0.132000 1800 40 1.100000 1.205000 1.443000 600 42 0.900000 0.072000 0.071000 1.200000 0.059000 0.071000
1495799631061629541	1400 48 1.200000 0.102000 0.129000 1800 39 1.100000 1.228000 1.471000 600 42 0.900000 0.072000 0.071000 1.200000 0.049000 0.059000
1495799631570754851	1400 49 1.200000 0.098000 0.124000 1800 39 1.200000 1.292000 1.550000 600 42 0.900000 0.072000 0.071000 1.200000 0.047000 0.057000
1495799632080014508	1400 48 1.200000 0.101000 0.128000 1800 39 1.100000 1.294000 1.550000 600 42 0.900000 0.072000 0.071000 1.200000 0.047000 0.057000
1495799632589750031	1400 43 1.200000 0.104000 0.132000 1800 39 1.100000 1.220000 1.461000 600 41 0.900000 0.072000 0.071000 1.200000 0.047000 0.057000
1495799633099378490	1400 47 1.200000 0.110000 0.140000 1800 39 1.100000 0.790000 0.945000 600 41 0.900000 0.072000 0.071000 1.200000 0.029000 0.035000
1495799633609328977	1400 47 1.200000 0.101000 0.128000 1800 39 1.100000 1.183000 1.417000 600 41 0.900000 0.071000 0.070000 1.200000 0.027000 0.032000
1495799634119079944	1400 46 1.200000 0.102000 0.129000 1800 39 1.100000 1.189000 1.424000 600 41 0.900000 0.071000 0.070000 1.200000 0.027000 0.032000
1495799634628340857	1400 48 1.200000 0.104000 0.132000 1800 39 1.200000 1.370000 1.644000 600 42 0.900000 0.071000 0.070000 1.200000 0.066000 0.080000
1495799635137577210	1400 48 1.200000 0.104000 0.132000 1800 40 1.200000 1.414000 1.696000 600 42 0.900000 0.071000 0.070000 1.200000 0.145000 0.176000
1495799635646845040	1400 49 1.200000 0.104000 0.132000 1800 40 1.200000 1.416000 1.699000 600 42 0.900000 0.072000 0.071000 1.200000 0.146000 0.178000
1495799636156091354	1400 49 1.200000 0.106000 0.134000 1800 40 1.200000 1.417000 1.700000 600 42 0.900000 0.072000 0.071000 1.200000 0.146000 0.178000
1495799636665234851	1400 49 1.200000 0.106000 0.134000 1800 40 1.200000 1.418000 1.701000 600 43 0.900000 0.072000 0.071000 1.200000 0.145000 0.177000
1495799637174436291	1400 49 1.200000 0.107000 0.136000 1800 40 1.200000 1.418000 1.701000 600 43 0.900000 0.072000 0.071000 1.200000 0.146000 0.178000
1495799637683810741	1400 49 1.200000 0.106000 0.134000 1800 40 1.200000 1.418000 1.701000 600 43 0.900000 0.072000 0.071000 1.200000 0.146000 0.178000
1495799638193213136	1400 49 1.200000 0.109000 0.138000 1800 40 1.200000 1.419000 1.702000 600 43 0.900000 0.072000 0.071000 1.200000 0.145000 0.177000
1495799638702451997	1400 50 1.200000 0.113000 0.143000 1800 40 1.200000 1.418000 1.701000 600 43 0.900000 0.072000 0.071000 1.200000 0.146000 0.178000
1495799639211740680	1400 50 1.200000 0.113000 0.143000 1800 41 1.200000 1.418000 1.701000 600 43 0.900000 0.072000 0.071000 1.200000 0.146000 0.178000
1495799639720995740	1400 50 1.200000 0.113000 0.143000 1800 41 1.200000 1.416000 1.699000 600 43 0.900000 0.073000 0.072000 1.200000 0.146000 0.178000
1495799640230238749	1400 50 1.200000 0.110000 0.139000 1800 41 1.200000 1.416000 1.699000 600 43 0.900000 0.073000 0.072000 1.200000 0.146000 0.178000
1495799640739541465	1400 50 1.200000 0.107000 0.136000 1800 41 1.200000 1.417000 1.700000 600 43 0.900000 0.072000 0.071000 1.200000 0.146000 0.178000
1495799641248799756	1400 50 1.200000 0.108000 0.137000 1800 41 1.200000 1.416000 1.699000 600 43 0.900000 0.073000 0.072000 1.200000 0.145000 0.177000
1495799641757989709	1400 50 1.200000 0.111000 0.141000 1800 41 1.200000 1.416000 1.699000 600 43 0.900000 0.073000 0.072000 1.200000 0.145000 0.177000
1495799642267266321	1400 50 1.200000 0.107000 0.136000 1800 41 1.200000 1.416000 1.699000 600 43 0.900000 0.073000 0.072000 1.200000 0.145000 0.177000
1495799642776518008	1400 50 1.200000 0.106000 0.134000 1800 41 1.200000 1.415000 1.698000 600 43 0.900000 0.073000 0.072000 1.200000 0.145000 0.177000
1495799643285729856	1400 50 1.200000 0.106000 0.134000 1800 41 1.200000 1.416000 1.699000 600 43 0.900000 0.072000 0.071000 1.200000 0.146000 0.178000
1495799643795130608	1400 50 1.200000 0.107000 0.136000 1800 41 1.200000 1.415000 1.698000 600 43 0.900000 0.073000 0.072000 1.200000 0.145000 0.177000
1495799644304775687	1400 50 1.200000 0.107000 0.136000 1800 41 1.200000 1.414000 1.696000 600 43 0.900000 0.073000 0.072000 1.200000 0.145000 0.177000
1495799644814010545	1400 50 1.200000 0.111000 0.141000 1800 41 1.200000 1.414000 1.696000 600 43 0.900000 0.073000 0.072000 1.200000 0.145000 0.177000
1495799645323236275	1400 50 1.200000 0.114000 0.145000 1800 41 1.200000 1.413000 1.695000 600 43 0.900000 0.073000 0.072000 1.200000 0.145000 0.177000
1495799645832482652	1400 50 1.200000 0.114000 0.145000 1800 41 1.200000 1.413000 1.695000 600 44 0.900000 0.073000 0.072000 1.200000 0.145000 0.177000
1495799646341783778	1400 50 1.200000 0.111000 0.141000 1800 41 1.200000 1.412000 1.694000 600 43 0.900000 0.073000 0.072000 1.200000 0.145000 0.177000
1495799646851102298	1400 50 1.200000 0.107000 0.136000 1800 41 1.200000 1.413000 1.695000 600 44 0.900000 0.073000 0.072000 1.200000 0.146000 0.178000
1495799647360255443	1400 50 1.200000 0.107000 0.136000 1800 41 1.200000 1.412000 1.694000 600 44 0.900000 0.073000 0.072000 1.200000 0.145000 0.177000
1495799647869474688	1400 50 1.200000 0.106000 0.134000 1800 41 1.200000 1.412000 1.694000 600 43 0.900000 0.073000 0.072000 1.200000 0.145000 0.177000
1495799648378728724	1400 50 1.200000 0.106000 0.134000 1800 41 1.200000 1.412000 1.694000 600 44 0.900000 0.073000 0.072000 1.200000 0.145000 0.177000
1495799648888014608	1400 50 1.200000 0.114000 0.145000 1800 41 1.200000 1.413000 1.695000 600 44 0.900000 0.073000 0.072000 1.200000 0.145000 0.177000
1495799649397359450	1400 50 1.200000 0.114000 0.145000 1800 41 1.200000 1.412000 1.694000 600 44 0.900000 0.073000 0.072000 1.200000 0.145000 0.177000
1495799649907146845	1400 48 1.200000 0.110000 0.139000 1800 40 1.100000 0.973000 1.165000 600 43 0.900000 0.073000 0.072000 1.200000 0.121000 0.147000
1495799650417155864	1400 48 1.200000 0.105000 0.133000 1800 40 1.100000 1.185000 1.419000 600 43 0.900000 0.073000 0.072000 1.200000 0.029000 0.035000
1495799650926967644	1400 48 1.200000 0.107000 0.136000 1800 40 1.100000 1.191000 1.426000 600 42 0.900000 0.072000 0.071000 1.200000 0.028000 0.034000
1495799651436520343	1400 48 1.200000 0.105000 0.133000 1800 40 1.100000 1.163000 1.393000 600 42 0.900000 0.072000 0.071000 1.200000 0.031000 0.037000
1495799651945777385	1400 47 1.200000 0.109000 0.138000 1800 40 1.200000 1.274000 1.528000 600 42 0.900000 0.072000 0.071000 1.200000 0.040000 0.048000
1495799652455105429	1400 49 1.200000 0.104000 0.132000 1800 40 1.100000 1.193000 1.429000 600 42 0.900000 0.072000 0.071000 1.200000 0.075000 0.091000
1495799652964186354	1400 49 1.200000 0.101000 0.128000 1800 40 1.200000 1.402000 1.682000 600 42 0.900000 0.072000 0.071000 1.200000 0.027000 0.032000
1495799653473288657	1400 49 1.200000 0.099000 0.125000 1800 40 1.200000 1.412000 1.694000 600 42 0.900000 0.072000 0.071000 1.200000 0.026000 0.031000
1495799653982416421	1400 49 1.200000 0.102000 0.129000 1800 40 1.200000 1.412000 1.694000 600 42 0.900000 0.072000 0.071000 1.200000 0.027000 0.032000
1495799654491641146	1400 49 1.200000 0.105000 0.133000 1800 40 1.200000 1.413000 1.695000 600 42 0.900000 0.072000 0.071000 1.200000 0.025000 0.030000
1495799655000765874	1400 50 1.200000 0.107000 0.136000 1800 40 1.200000 1.412000 1.694000 600 42 0.900000 0.072000 0.071000 1.200000 0.025000 0.030000
1495799655509990187	1400 50 1.200000 0.099000 0.126000 1800 40 1.200000 1.409000 1.690000 600 42 0.900000 0.072000 0.071000 1.200000 0.026000 0.031000
1495799656019110753	1400 49 1.200000 0.097000 0.123000 1800 40 1.200000 1.404000 1.684000 600 42 0.900000 0.072000 0.071000 1.200000 0.027000 0.032000
1495799656528167902	1400 50 1.200000 0.099000 0.126000 1800 40 1.200000 1.405000 1.686000 600 42 0.900000 0.072000 0.071000 1.200000 0.027000 0.032000
1495799657037360387	1400 50 1.200000 0.099000 0.126000 1800 40 1.200000 1.412000 1.694000 600 42 0.900000 0.072000 0.071000 1.200000 0.026000 0.031000
1495799657546580869	1400 50 1.200000 0.098000 0.124000 1800 40 1.200000 1.413000 1.695000 600 42 0.900000 0.072000 0.071000 1.200000 0.026000 0.031000
1495799658055779897	1400 50 1.200000 0.097000 0.123000 1800 40 1.200000 1.412000 1.694000 600 42 0.900000 0.072000 0.071000 1.200000 0.026000 0.031000
1495799658565140586	1400 50 1.200000 0.098000 0.124000 1800 40 1.200000 1.412000 1.694000 600 42 0.900000 0.072000 0.071000 1.200000 0.026000 0.031000
1495799659074390907	1400 50 1.200000 0.102000 0.129000 1800 40 1.200000 1.411000 1.693000 600 43 0.900000 0.072000 0.071000 1.200000 0.027000 0.032000
1495799659583627136	1400 49 1.200000 0.101000 0.128000 1800 40 1.200000 1.405000 1.686000 600 42 0.900000 0.072000 0.071000 1.200000 0.028000 0.034000
1495799660092852580	1400 47 1.200000 0.099000 0.125000 1800 40 1.200000 1.403000 1.683000 600 42 0.900000 0.072000 0.071000 1.200000 0.027000 0.032000
1495799660602067806	1400 49 1.200000 0.104000 0.132000 1800 40 1.100000 1.210000 1.449000 600 42 0.900000 0.072000 0.071000 1.200000 0.066000 0.080000
1495799661111248498	1400 49 1.200000 0.104000 0.132000 1800 40 1.200000 1.404000 1.684000 600 42 0.900000 0.072000 0.071000 1.200000 0.027000 0.032000
1495799661620421844	1400 50 1.200000 0.106000 0.134000 1800 40 1.200000 1.411000 1.693000 600 43 0.900000 0.072000 0.071000 1.200000 0.027000 0.032000
1495799662129533783	1400 50 1.200000 0.105000 0.133000 1800 40 1.200000 1.410000 1.692000 600 42 0.900000 0.072000 0.071000 1.200000 0.027000 0.032000
1495799662638702290	1400 50 1.200000 0.102000 0.129000 1800 40 1.200000 1.410000 1.692000 600 42 0.900000 0.072000 0.071000 1.200000 0.027000 0.032000
1495799663148000390	1400 50 1.200000 0.099000 0.125000 1800 40 1.200000 1.409000 1.690000 600 42 0.900000 0.072000 0.071000 1.200000 0.025000 0.030000
1495799663657164557	1400 49 1.200000 0.101000 0.128000 1800 40 1.200000 1.407000 1.688000 600 42 0.900000 0.072000 0.071000 1.200000 0.026000 0.031000
1495799664166276277	1400 50 1.200000 0.104000 0.132000 1800 40 1.200000 1.403000 1.683000 600 42 0.900000 0.072000 0.071000 1.200000 0.026000 0.031000
1495799664675387853	1400 50 1.200000 0.099000 0.126000 1800 40 1.200000 1.407000 1.688000 600 42 0.900000 0.072000 0.071000 1.200000 0.026000 0.031000
1495799665184552190	1400 49 1.200000 0.098000 0.124000 1800 40 1.200000 1.412000 1.694000 600 42 0.900000 0.072000 0.071000 1.200000 0.025000 0.030000
1495799665693720423	1400 50 1.200000 0.098000 0.124000 1800 40 1.200000 1.411000 1.693000 600 42 0.900000 0.072000 0.071000 1.200000 0.025000 0.030000
1495799666203250209	1400 50 1.200000 0.100000 0.127000 1800 40 1.200000 1.413000 1.695000 600 42 0.900000 0.072000 0.071000 1.200000 0.027000 0.032000
1495799666712472641	1400 49 1.200000 0.099000 0.125000 1800 40 1.200000 1.414000 1.696000 600 42 0.900000 0.072000 0.071000 1.200000 0.027000 0.032000
1495799667221687752	1400 50 1.200000 0.102000 0.129000 1800 40 1.200000 1.412000 1.694000 600 42 0.900000 0.072000 0.071000 1.200000 0.025000 0.030000
1495799667730767881	1400 50 1.200000 0.105000 0.133000 1800 40 1.200000 1.405000 1.686000 600 42 0.900000 0.072000 0.071000 1.200000 0.027000 0.032000
1495799668240306939	1400 47 1.200000 0.106000 0.134000 1800 40 1.200000 1.402000 1.682000 600 42 0.900000 0.072000 0.071000 1.200000 0.026000 0.031000
1495799668749494889	1400 49 1.200000 0.099000 0.126000 1800 40 1.200000 1.201000 1.441000 600 42 0.900000 0.072000 0.071000 1.200000 0.072000 0.087000
1495799669258738729	1400 50 1.200000 0.099000 0.126000 1800 40 1.200000 1.403000 1.683000 600 42 0.900000 0.072000 0.071000 1.200000 0.028000 0.034000
1495799669767874374	1400 50 1.200000 0.099000 0.126000 1800 40 1.200000 1.408000 1.689000 600 42 0.900000 0.072000 0.071000 1.200000 0.027000 0.032000
1495799670277031660	1400 50 1.200000 0.099000 0.126000 1800 40 1.200000 1.408000 1.689000 600 42 0.900000 0.072000 0.071000 1.200000 0.027000 0.032000
1495799670786243208	1400 50 1.200000 0.097000 0.123000 1800 40 1.200000 1.410000 1.692000 600 42 0.900000 0.072000 0.071000 1.200000 0.027000 0.032000
1495799671295497938	1400 49 1.200000 0.107000 0.136000 1800 40 1.200000 1.410000 1.692000 600 43 0.900000 0.072000 0.071000 1.200000 0.027000 0.032000
1495799671804687305	1400 49 1.200000 0.106000 0.134000 1800 40 1.200000 1.401000 1.681000 600 43 0.900000 0.072000 0.071000 1.200000 0.027000 0.032000
1495799672313815814	1400 50 1.200000 0.102000 0.129000 1800 40 1.200000 1.403000 1.683000 600 42 0.900000 0.072000 0.071000 1.200000 0.028000 0.034000
1495799672822919124	1400 50 1.200000 0.099000 0.125000 1800 40 1.200000 1.407000 1.688000 600 42 0.900000 0.072000 0.071000 1.200000 0.027000 0.032000
1495799673332223241	1400 50 1.200000 0.100000 0.127000 1800 40 1.200000 1.413000 1.695000 600 43 0.900000 0.072000 0.071000 1.200000 0.029000 0.035000
1495799673841422368	1400 50 1.200000 0.102000 0.129000 1800 40 1.200000 1.412000 1.694000 600 42 0.900000 0.072000 0.071000 1.200000 0.029000 0.035000
1495799674350590886	1400 50 1.200000 0.104000 0.132000 1800 40 1.200000 1.412000 1.694000 600 42 0.900000 0.072000 0.071000 1.200000 0.028000 0.034000
1495799674859828121	1400 50 1.200000 0.107000 0.136000 1800 40 1.200000 1.412000 1.694000 600 42 0.900000 0.072000 0.071000 1.200000 0.028000 0.034000
1495799675369029664	1400 49 1.200000 0.104000 0.132000 1800 40 1.200000 1.411000 1.693000 600 42 0.900000 0.072000 0.071000 1.200000 0.027000 0.032000
1495799675878159589	1400 50 1.200000 0.101000 0.128000 1800 40 1.200000 1.406000 1.687000 600 42 0.900000 0.072000 0.071000 1.200000 0.028000 0.034000
1495799676387399906	1400 48 1.200000 0.099000 0.125000 1800 40 1.200000 1.403000 1.683000 600 42 0.900000 0.072000 0.071000 1.200000 0.029000 0.035000
1495799676896661229	1400 49 1.200000 0.102000 0.129000 1800 40 1.100000 1.205000 1.443000 600 42 0.900000 0.072000 0.071000 1.200000 0.065000 0.079000
1495799677405974736	1400 49 1.200000 0.105000 0.133000 1800 40 1.200000 1.405000 1.686000 600 42 0.900000 0.072000 0.071000 1.200000 0.028000 0.034000
1495799677915068415	1400 49 1.200000 0.098000 0.124000 1800 40 1.200000 1.411000 1.693000 600 42 0.900000 0.072000 0.071000 1.200000 0.027000 0.032000
1495799678424241611	1400 50 1.200000 0.098000 0.124000 1800 40 1.200000 1.411000 1.693000 600 42 0.900000 0.072000 0.071000 1.200000 0.028000 0.034000
1495799678933369812	1400 50 1.200000 0.099000 0.126000 1800 40 1.200000 1.411000 1.693000 600 42 0.900000 0.072000 0.071000 1.200000 0.028000 0.034000
1495799679442651822	1400 50 1.200000 0.099000 0.126000 1800 40 1.200000 1.411000 1.693000 600 42 0.900000 0.072000 0.071000 1.200000 0.027000 0.032000
1495799679951855751	1400 50 1.200000 0.098000 0.124000 1800 40 1.200000 1.402000 1.682000 600 43 0.900000 0.072000 0.071000 1.200000 0.028000 0.034000
1495799680461224532	1400 49 1.200000 0.098000 0.124000 1800 40 1.200000 1.404000 1.684000 600 42 0.900000 0.072000 0.071000 1.200000 0.029000 0.035000
1495799680970381481	1400 50 1.200000 0.105000 0.133000 1800 40 1.200000 1.407000 1.688000 600 42 0.900000 0.072000 0.071000 1.200000 0.030000 0.036000
1495799681479563658	1400 50 1.200000 0.104000 0.132000 1800 40 1.200000 1.411000 1.693000 600 43 0.900000 0.072000 0.071000 1.200000 0.029000 0.035000
1495799681988650544	1400 50 1.200000 0.099000 0.126000 1800 40 1.200000 1.411000 1.693000 600 42 0.900000 0.072000 0.071000 1.200000 0.028000 0.034000
1495799682497790115	1400 50 1.200000 0.099000 0.125000 1800 40 1.200000 1.411000 1.693000 600 42 0.900000 0.072000 0.071000 1.200000 0.028000 0.034000
1495799683006967812	1400 49 1.200000 0.100000 0.127000 1800 40 1.200000 1.412000 1.694000 600 43 0.900000 0.072000 0.071000 1.200000 0.028000 0.034000
1495799683516371569	1400 50 1.200000 0.101000 0.128000 1800 40 1.200000 1.411000 1.693000 600 43 0.900000 0.072000 0.071000 1.200000 0.027000 0.032000
1495799684025546743	1400 50 1.200000 0.104000 0.132000 1800 40 1.200000 1.406000 1.687000 600 42 0.900000 0.073000 0.072000 1.200000 0.029000 0.035000
1495799684535262558	1400 43 1.200000 0.107000 0.136000 1800 40 1.200000 1.402000 1.682000 600 42 0.900000 0.072000 0.071000 1.200000 0.030000 0.036000
1495799685045119290	1400 47 1.200000 0.173000 0.218000 1800 39 1.100000 0.790000 0.945000 600 42 0.900000 0.072000 0.071000 1.200000 0.035000 0.042000
1495799685555015205	1400 47 1.200000 0.105000 0.133000 1800 39 1.100000 1.186000 1.420000 600 42 0.900000 0.072000 0.071000 1.200000 0.029000 0.035000
1495799686064793290	1400 47 1.200000 0.105000 0.133000 1800 39 1.100000 1.192000 1.428000 600 42 0.900000 0.072000 0.071000 1.200000 0.028000 0.034000
1495799686574274264	1400 46 1.200000 0.105000 0.133000 1800 39 1.100000 1.147000 1.374000 600 42 0.900000 0.072000 0.071000 1.200000 0.030000 0.036000
1495799687083387909	1400 47 1.200000 0.100000 0.127000 1800 39 1.100000 1.168000 1.399000 600 42 0.900000 0.072000 0.071000 1.200000 0.061000 0.074000
1495799687592631025	1400 48 1.200000 0.097000 0.123000 1800 39 1.100000 1.152000 1.380000 600 42 0.900000 0.072000 0.071000 1.200000 0.063000 0.076000
1495799688102355269	1400 49 1.200000 0.104000 0.132000 1800 40 1.200000 1.266000 1.519000 600 41 0.900000 0.072000 0.071000 1.200000 0.032000 0.038000
1495799688611605276	1400 49 1.200000 0.100000 0.127000 1800 40 1.200000 1.278000 1.533000 600 42 0.900000 0.072000 0.071000 1.200000 0.032000 0.038000
1495799689120717703	1400 48 1.200000 0.099000 0.125000 1800 40 1.200000 1.286000 1.543000 600 42 0.900000 0.072000 0.071000 1.200000 0.029000 0.035000
1495799689630053434	1400 49 1.200000 0.102000 0.129000 1800 40 1.200000 1.259000 1.510000 600 42 0.900000 0.072000 0.071000 1.200000 0.033000 0.040000
1495799690139129711	1400 49 1.200000 0.105000 0.133000 1800 40 1.200000 1.308000 1.569000 600 42 0.900000 0.072000 0.071000 1.200000 0.034000 0.041000
1495799690648184582	1400 51 1.200000 0.105000 0.133000 1800 40 1.200000 1.272000 1.526000 600 42 0.900000 0.072000 0.071000 1.200000 0.034000 0.041000
1495799691157512206	1400 47 1.200000 0.097000 0.123000 1800 40 1.200000 1.422000 1.706000 600 42 0.900000 0.072000 0.071000 1.200000 0.029000 0.035000
1495799691666724091	1400 48 1.200000 0.100000 0.127000 1800 40 1.100000 1.138000 1.363000 600 42 0.900000 0.072000 0.071000 1.200000 0.098000 0.119000
1495799692175805648	1400 49 1.200000 0.098000 0.124000 1800 40 1.100000 1.251000 1.498000 600 42 0.900000 0.072000 0.071000 1.200000 0.039000 0.047000
1495799692685059671	1400 49 1.200000 0.097000 0.123000 1800 40 1.200000 1.300000 1.560000 600 42 0.900000 0.072000 0.071000 1.200000 0.030000 0.036000
1495799693194356783	1400 49 1.200000 0.097000 0.123000 1800 40 1.200000 1.294000 1.552000 600 42 0.900000 0.072000 0.071000 1.200000 0.030000 0.036000
1495799693703359821	1400 48 1.200000 0.106000 0.134000 1800 40 1.200000 1.257000 1.508000 600 42 0.900000 0.072000 0.071000 1.200000 0.034000 0.041000
1495799694212555030	1400 49 1.200000 0.105000 0.133000 1800 40 1.200000 1.295000 1.554000 600 42 0.900000 0.072000 0.071000 1.200000 0.034000 0.041000
1495799694721718330	1400 50 1.200000 0.102000 0.129000 1800 40 1.100000 1.295000 1.551000 600 42 0.900000 0.072000 0.071000 1.200000 0.033000 0.040000
1495799695231235052	1400 48 1.200000 0.101000 0.128000 1800 40 1.200000 1.433000 1.719000 600 42 0.900000 0.072000 0.071000 1.200000 0.030000 0.036000
1495799695740340240	1400 48 1.200000 0.101000 0.128000 1800 40 1.100000 1.262000 1.511000 600 42 0.900000 0.072000 0.071000 1.200000 0.083000 0.101000
1495799696249465725	1400 49 1.200000 0.102000 0.129000 1800 40 1.100000 1.192000 1.428000 600 42 0.900000 0.072000 0.071000 1.200000 0.052000 0.063000
1495799696758687217	1400 49 1.200000 0.104000 0.132000 1800 40 1.100000 1.284000 1.538000 600 42 0.900000 0.072000 0.071000 1.200000 0.030000 0.036000
1495799697267870048	1400 48 1.200000 0.106000 0.134000 1800 40 1.200000 1.300000 1.560000 600 42 0.900000 0.072000 0.071000 1.200000 0.029000 0.035000
1495799697777041218	1400 48 1.200000 0.104000 0.132000 1800 40 1.200000 1.271000 1.525000 600 42 0.900000 0.072000 0.071000 1.200000 0.034000 0.041000
1495799698286275394	1400 48 1.200000 0.100000 0.127000 1800 40 1.200000 1.293000 1.551000 600 42 0.900000 0.072000 0.071000 1.200000 0.034000 0.041000
1495799698795550909	1400 50 1.200000 0.099000 0.125000 1800 40 1.200000 1.280000 1.536000 600 42 0.900000 0.072000 0.071000 1.200000 0.033000 0.040000
1495799699304764388	1400 48 1.200000 0.102000 0.129000 1800 40 1.200000 1.435000 1.722000 600 42 0.900000 0.072000 0.071000 1.200000 0.029000 0.035000
1495799699813972373	1400 47 1.200000 0.100000 0.127000 1800 39 1.100000 1.087000 1.302000 600 42 0.900000 0.072000 0.071000 1.200000 0.095000 0.115000
1495799700323185072	1400 49 1.200000 0.097000 0.123000 1800 40 1.200000 1.269000 1.522000 600 42 0.900000 0.072000 0.071000 1.200000 0.068000 0.082000
1495799700832344317	1400 49 1.200000 0.098000 0.124000 1800 40 1.200000 1.285000 1.542000 600 42 0.900000 0.072000 0.071000 1.200000 0.030000 0.036000
1495799701341626902	1400 48 1.200000 0.099000 0.126000 1800 40 1.200000 1.296000 1.555000 600 42 0.900000 0.072000 0.071000 1.200000 0.029000 0.035000
1495799701850736908	1400 49 1.200000 0.099000 0.126000 1800 40 1.200000 1.262000 1.514000 600 42 0.900000 0.072000 0.071000 1.200000 0.034000 0.041000
1495799702360044003	1400 49 1.200000 0.097000 0.123000 1800 40 1.200000 1.305000 1.566000 600 42 0.900000 0.072000 0.071000 1.200000 0.034000 0.041000
1495799702869155186	1400 50 1.200000 0.103000 0.131000 1800 40 1.200000 1.281000 1.537000 600 42 0.900000 0.072000 0.071000 1.200000 0.035000 0.042000
1495799703378542833	1400 51 1.200000 0.104000 0.132000 1800 40 1.200000 1.290000 1.548000 600 42 0.900000 0.072000 0.071000 1.200000 0.034000 0.041000
1495799703887845441	1400 46 1.200000 0.106000 0.134000 1800 39 1.200000 1.396000 1.675000 600 42 0.900000 0.072000 0.071000 1.200000 0.049000 0.059000
1495799704397140182	1400 48 1.200000 0.100000 0.127000 1800 40 1.100000 1.160000 1.389000 600 42 0.900000 0.072000 0.071000 1.200000 0.070000 0.085000
1495799704906347425	1400 49 1.200000 0.099000 0.125000 1800 40 1.200000 1.280000 1.536000 600 42 0.900000 0.072000 0.071000 1.200000 0.030000 0.036000
1495799705415468884	1400 49 1.200000 0.099000 0.125000 1800 40 1.200000 1.297000 1.556000 600 42 0.900000 0.072000 0.071000 1.200000 0.029000 0.035000
1495799705924723386	1400 48 1.200000 0.101000 0.128000 1800 40 1.200000 1.286000 1.543000 600 42 0.900000 0.072000 0.071000 1.200000 0.033000 0.040000
1495799706433845729	1400 49 1.200000 0.103000 0.131000 1800 40 1.200000 1.281000 1.537000 600 42 0.900000 0.072000 0.071000 1.200000 0.035000 0.042000
1495799706943066573	1400 49 1.200000 0.106000 0.134000 1800 40 1.200000 1.282000 1.538000 600 42 0.900000 0.072000 0.071000 1.200000 0.033000 0.040000
1495799707452231592	1400 51 1.200000 0.104000 0.132000 1800 40 1.200000 1.413000 1.695000 600 42 0.900000 0.072000 0.071000 1.200000 0.029000 0.035000
1495799707961732903	1400 43 1.200000 0.102000 0.129000 1800 39 1.100000 1.209000 1.448000 600 42 0.900000 0.072000 0.071000 1.200000 0.086000 0.104000
1495799708471667220	1400 47 1.200000 0.140000 0.177000 1800 39 1.100000 1.140000 1.365000 600 41 0.900000 0.072000 0.071000 1.200000 0.030000 0.036000
1495799708981588580	1400 47 1.200000 0.105000 0.133000 1800 39 1.100000 1.185000 1.419000 600 42 0.900000 0.071000 0.070000 1.200000 0.027000 0.032000
1495799709491538781	1400 47 1.200000 0.102000 0.129000 1800 39 1.100000 1.194000 1.430000 600 42 0.900000 0.071000 0.070000 1.200000 0.028000 0.034000
1495799710002038731	1400 47 1.200000 0.110000 0.140000 1800 39 1.100000 1.166000 1.396000 600 42 0.900000 0.071000 0.070000 1.200000 0.042000 0.051000
1495799710511901982	1400 47 1.200000 0.106000 0.134000 1800 39 1.100000 1.188000 1.423000 600 42 0.900000 0.071000 0.070000 1.200000 0.059000 0.071000
1495799711021857358	1400 47 1.200000 0.102000 0.129000 1800 39 1.100000 1.182000 1.416000 600 42 0.900000 0.071000 0.070000 1.200000 0.057000 0.069000
1495799711531808533	1400 46 1.200000 0.104000 0.132000 1800 39 1.100000 1.104000 1.322000 600 42 0.900000 0.071000 0.070000 1.200000 0.056000 0.068000
1495799712040946418	1400 51 1.200000 0.107000 0.136000 1800 40 1.200000 1.286000 1.543000 600 42 0.900000 0.071000 0.070000 1.200000 0.121000 0.148000
1495799712549960727	1400 51 1.200000 0.106000 0.134000 1800 40 1.200000 1.508000 1.809000 600 42 0.900000 0.072000 0.071000 1.200000 0.025000 0.030000
1495799713058964329	1400 51 1.200000 0.099000 0.126000 1800 40 1.200000 1.502000 1.803000 600 42 0.900000 0.072000 0.071000 1.200000 0.025000 0.030000
1495799713568005103	1400 51 1.200000 0.099000 0.126000 1800 40 1.200000 1.493000 1.791000 600 42 0.900000 0.072000 0.071000 1.200000 0.026000 0.031000
1495799714076991671	1400 51 1.200000 0.099000 0.126000 1800 40 1.200000 1.474000 1.768000 600 42 0.900000 0.072000 0.071000 1.200000 0.027000 0.032000
1495799714586180743	1400 51 1.200000 0.100000 0.127000 1800 40 1.200000 1.491000 1.789000 600 42 0.900000 0.072000 0.071000 1.200000 0.026000 0.031000
1495799715095193901	1400 51 1.200000 0.098000 0.124000 1800 40 1.200000 1.491000 1.789000 600 42 0.900000 0.072000 0.071000 1.200000 0.025000 0.030000
1495799715604269106	1400 51 1.200000 0.098000 0.124000 1800 41 1.200000 1.477000 1.772000 600 42 0.900000 0.072000 0.071000 1.200000 0.025000 0.030000
1495799716113305729	1400 51 1.200000 0.106000 0.134000 1800 41 1.200000 1.478000 1.773000 600 43 0.900000 0.072000 0.071000 1.200000 0.025000 0.030000
1495799716622372523	1400 51 1.200000 0.104000 0.132000 1800 41 1.200000 1.481000 1.777000 600 43 0.900000 0.072000 0.071000 1.200000 0.025000 0.030000
1495799717131513944	1400 51 1.200000 0.102000 0.129000 1800 41 1.200000 1.469000 1.762000 600 42 0.900000 0.072000 0.071000 1.200000 0.025000 0.030000
1495799717640476787	1400 51 1.200000 0.100000 0.127000 1800 41 1.200000 1.456000 1.747000 600 42 0.900000 0.072000 0.071000 1.200000 0.027000 0.032000
1495799718149868089	1400 51 1.200000 0.101000 0.128000 1800 41 1.200000 1.463000 1.755000 600 43 0.900000 0.072000 0.071000 1.200000 0.027000 0.032000
1495799718659002979	1400 51 1.200000 0.104000 0.132000 1800 41 1.200000 1.457000 1.748000 600 43 0.900000 0.072000 0.071000 1.200000 0.028000 0.034000
1495799719168071454	1400 51 1.200000 0.106000 0.134000 1800 41 1.200000 1.465000 1.758000 600 42 0.900000 0.072000 0.071000 1.200000 0.027000 0.032000
1495799719677181725	1400 51 1.200000 0.106000 0.134000 1800 41 1.200000 1.464000 1.756000 600 43 0.900000 0.072000 0.071000 1.200000 0.026000 0.031000
1495799720186277415	1400 51 1.200000 0.104000 0.132000 1800 41 1.200000 1.451000 1.741000 600 42 0.900000 0.072000 0.071000 1.200000 0.026000 0.031000
1495799720695499358	1400 51 1.200000 0.101000 0.128000 1800 41 1.200000 1.459000 1.750000 600 42 0.900000 0.072000 0.071000 1.200000 0.026000 0.031000
1495799721204648761	1400 51 1.200000 0.100000 0.127000 1800 41 1.200000 1.476000 1.771000 600 43 0.900000 0.072000 0.071000 1.200000 0.025000 0.030000
1495799721713759169	1400 51 1.200000 0.103000 0.131000 1800 41 1.200000 1.472000 1.766000 600 43 0.900000 0.072000 0.071000 1.200000 0.026000 0.031000
1495799722222818161	1400 52 1.200000 0.099000 0.126000 1800 41 1.200000 1.485000 1.782000 600 43 0.900000 0.072000 0.071000 1.200000 0.027000 0.032000
1495799722731909324	1400 51 1.200000 0.097000 0.123000 1800 41 1.200000 1.468000 1.761000 600 42 0.900000 0.072000 0.071000 1.200000 0.025000 0.030000
1495799723241096655	1400 51 1.200000 0.099000 0.126000 1800 41 1.200000 1.450000 1.740000 600 43 0.900000 0.072000 0.071000 1.200000 0.027000 0.032000
1495799723750134990	1400 51 1.200000 0.100000 0.127000 1800 41 1.200000 1.448000 1.737000 600 42 0.900000 0.072000 0.071000 1.200000 0.026000 0.031000
1495799724259310618	1400 51 1.200000 0.099000 0.126000 1800 41 1.200000 1.446000 1.735000 600 43 0.900000 0.072000 0.071000 1.200000 0.025000 0.030000
1495799724768366208	1400 51 1.200000 0.102000 0.129000 1800 41 1.200000 1.457000 1.748000 600 42 0.900000 0.073000 0.072000 1.200000 0.027000 0.032000
1495799725277621216	1400 51 1.200000 0.104000 0.132000 1800 41 1.200000 1.441000 1.729000 600 43 0.900000 0.072000 0.071000 1.200000 0.028000 0.034000
1495799725786707935	1400 51 1.200000 0.105000 0.133000 1800 41 1.200000 1.454000 1.744000 600 43 0.900000 0.073000 0.072000 1.200000 0.028000 0.034000
1495799726295991907	1400 51 1.200000 0.099000 0.126000 1800 41 1.200000 1.453000 1.743000 600 43 0.900000 0.072000 0.071000 1.200000 0.027000 0.032000
1495799726805063797	1400 51 1.200000 0.100000 0.127000 1800 41 1.200000 1.451000 1.741000 600 43 0.900000 0.072000 0.071000 1.200000 0.027000 0.032000
1495799727314256149	1400 51 1.200000 0.100000 0.127000 1800 41 1.200000 1.459000 1.750000 600 43 0.900000 0.072000 0.071000 1.200000 0.026000 0.031000
1495799727823323586	1400 51 1.200000 0.101000 0.128000 1800 41 1.200000 1.453000 1.743000 600 43 0.900000 0.072000 0.071000 1.200000 0.027000 0.032000
1495799728332469317	1400 51 1.200000 0.101000 0.128000 1800 41 1.200000 1.464000 1.756000 600 43 0.900000 0.073000 0.072000 1.200000 0.026000 0.031000
1495799728841571883	1400 51 1.200000 0.104000 0.132000 1800 41 1.200000 1.430000 1.716000 600 43 0.900000 0.072000 0.071000 1.200000 0.027000 0.032000
1495799729350675286	1400 51 1.200000 0.106000 0.134000 1800 41 1.200000 1.471000 1.765000 600 43 0.900000 0.072000 0.071000 1.200000 0.026000 0.031000
1495799729859851981	1400 51 1.200000 0.106000 0.134000 1800 41 1.200000 1.465000 1.758000 600 43 0.900000 0.072000 0.071000 1.200000 0.026000 0.031000
1495799730368913596	1400 51 1.200000 0.101000 0.128000 1800 41 1.200000 1.462000 1.754000 600 43 0.900000 0.073000 0.072000 1.200000 0.026000 0.031000
1495799730877975046	1400 51 1.200000 0.099000 0.126000 1800 41 1.200000 1.436000 1.723000 600 43 0.900000 0.073000 0.072000 1.200000 0.027000 0.032000
1495799731387194957	1400 51 1.200000 0.100000 0.127000 1800 41 1.200000 1.465000 1.758000 600 43 0.900000 0.072000 0.071000 1.200000 0.027000 0.032000
1495799731896636535	1400 51 1.200000 0.102000 0.129000 1800 41 1.200000 1.467000 1.760000 600 43 0.900000 0.073000 0.072000 1.200000 0.026000 0.031000
1495799732405758450	1400 51 1.200000 0.106000 0.134000 1800 41 1.200000 1.465000 1.758000 600 43 0.900000 0.073000 0.072000 1.200000 0.026000 0.031000
1495799732914978365	1400 51 1.200000 0.107000 0.136000 1800 41 1.200000 1.443000 1.731000 600 43 0.900000 0.072000 0.071000 1.200000 0.028000 0.034000
1495799733424156493	1400 51 1.200000 0.104000 0.132000 1800 41 1.200000 1.463000 1.755000 600 43 0.900000 0.072000 0.071000 1.200000 0.027000 0.032000
1495799733933236371	1400 51 1.200000 0.102000 0.129000 1800 41 1.200000 1.444000 1.732000 600 43 0.900000 0.072000 0.071000 1.200000 0.028000 0.034000
1495799734442464127	1400 51 1.200000 0.101000 0.128000 1800 41 1.200000 1.465000 1.758000 600 43 0.900000 0.073000 0.072000 1.200000 0.029000 0.035000
1495799734951636925	1400 51 1.200000 0.101000 0.128000 1800 41 1.200000 1.437000 1.724000 600 43 0.900000 0.073000 0.072000 1.200000 0.029000 0.035000
1495799735460803240	1400 51 1.200000 0.099000 0.126000 1800 41 1.200000 1.432000 1.718000 600 43 0.900000 0.072000 0.071000 1.200000 0.030000 0.036000
1495799735970023598	1400 51 1.200000 0.099000 0.126000 1800 41 1.200000 1.439000 1.726000 600 43 0.900000 0.073000 0.072000 1.200000 0.029000 0.035000
1495799736479110260	1400 51 1.200000 0.100000 0.127000 1800 41 1.200000 1.451000 1.741000 600 43 0.900000 0.072000 0.071000 1.200000 0.029000 0.035000
1495799736988144561	1400 51 1.200000 0.099000 0.126000 1800 41 1.200000 1.428000 1.713000 600 43 0.900000 0.072000 0.071000 1.200000 0.031000 0.037000
1495799737497195475	1400 51 1.200000 0.099000 0.126000 1800 41 1.200000 1.428000 1.713000 600 43 0.900000 0.072000 0.071000 1.200000 0.032000 0.038000
1495799738006270889	1400 51 1.200000 0.098000 0.124000 1800 41 1.200000 1.411000 1.693000 600 43 0.900000 0.072000 0.071000 1.200000 0.035000 0.042000
1495799738515536541	1400 50 1.200000 0.103000 0.131000 1800 40 1.200000 1.370000 1.644000 600 43 0.900000 0.072000 0.071000 1.200000 0.040000 0.048000
1495799739024953942	1400 47 1.200000 0.100000 0.127000 1800 40 1.200000 1.332000 1.598000 600 43 0.900000 0.072000 0.071000 1.200000 0.047000 0.057000
1495799739533999998	1400 47 1.200000 0.106000 0.134000 1800 40 1.100000 1.165000 1.395000 600 42 0.900000 0.072000 0.071000 1.200000 0.069000 0.083000
1495799740043000428	1400 47 1.200000 0.104000 0.132000 1800 39 1.100000 1.099000 1.316000 600 42 0.900000 0.072000 0.071000 1.200000 0.030000 0.036000
1495799740552515889	1400 44 1.200000 0.102000 0.129000 1800 39 1.100000 1.151000 1.378000 600 42 0.900000 0.072000 0.071000 1.200000 0.035000 0.042000
1495799741062225516	1400 47 1.200000 0.170000 0.214000 1800 39 1.100000 1.187000 1.422000 600 42 0.900000 0.072000 0.071000 1.200000 0.034000 0.041000
1495799741571875549	1400 47 1.200000 0.106000 0.134000 1800 39 1.100000 1.189000 1.424000 600 42 0.900000 0.072000 0.071000 1.200000 0.028000 0.034000
1495799742081758705	1400 47 1.200000 0.109000 0.138000 1800 39 1.100000 1.194000 1.430000 600 42 0.900000 0.072000 0.071000 1.200000 0.027000 0.032000
1495799742591264810	1400 47 1.200000 0.114000 0.145000 1800 39 1.200000 1.323000 1.587000 600 42 0.900000 0.072000 0.071000 1.200000 0.051000 0.062000
1495799743100260287	1400 47 1.200000 0.105000 0.133000 1800 40 1.200000 1.300000 1.560000 600 42 0.900000 0.072000 0.071000 1.200000 0.057000 0.069000
1495799743609415464	1400 47 1.200000 0.104000 0.132000 1800 40 1.200000 1.334000 1.600000 600 42 0.900000 0.072000 0.071000 1.200000 0.058000 0.070000
1495799744118455722	1400 47 1.200000 0.101000 0.128000 1800 40 1.200000 1.346000 1.615000 600 42 0.900000 0.072000 0.071000 1.200000 0.056000 0.068000
1495799744627482638	1400 48 1.200000 0.099000 0.126000 1800 40 1.200000 1.343000 1.611000 600 43 0.900000 0.072000 0.071000 1.200000 0.056000 0.068000
1495799745136558134	1400 48 1.200000 0.099000 0.126000 1800 40 1.200000 1.411000 1.693000 600 43 0.900000 0.072000 0.071000 1.200000 0.046000 0.055000
1495799745645496705	1400 47 1.200000 0.101000 0.128000 1800 40 1.200000 1.402000 1.682000 600 43 0.900000 0.072000 0.071000 1.200000 0.051000 0.062000
1495799746154546149	1400 47 1.200000 0.102000 0.129000 1800 40 1.100000 1.259000 1.508000 600 43 0.900000 0.072000 0.071000 1.200000 0.075000 0.091000
1495799746663660626	1400 47 1.200000 0.106000 0.134000 1800 40 1.200000 1.276000 1.531000 600 43 0.900000 0.072000 0.071000 1.200000 0.073000 0.088000
1495799747172801350	1400 47 1.200000 0.104000 0.132000 1800 40 1.200000 1.276000 1.531000 600 43 0.900000 0.072000 0.071000 1.200000 0.076000 0.092000
1495799747681884359	1400 47 1.200000 0.103000 0.131000 1800 40 1.200000 1.295000 1.554000 600 43 0.900000 0.072000 0.071000 1.200000 0.069000 0.083000
1495799748191095614	1400 47 1.200000 0.103000 0.131000 1800 40 1.200000 1.295000 1.554000 600 43 0.900000 0.072000 0.071000 1.200000 0.067000 0.081000
1495799748700238529	1400 47 1.200000 0.101000 0.128000 1800 40 1.200000 1.302000 1.562000 600 43 0.900000 0.072000 0.071000 1.200000 0.067000 0.081000
1495799749209395481	1400 47 1.200000 0.102000 0.129000 1800 40 1.200000 1.279000 1.534000 600 43 0.900000 0.072000 0.071000 1.200000 0.074000 0.090000
1495799749718403552	1400 47 1.200000 0.101000 0.128000 1800 40 1.100000 1.296000 1.552000 600 43 0.900000 0.072000 0.071000 1.200000 0.072000 0.087000
1495799750227557994	1400 47 1.200000 0.106000 0.134000 1800 40 1.100000 1.292000 1.547000 600 43 0.900000 0.072000 0.071000 1.200000 0.072000 0.087000
1495799750736730597	1400 48 1.200000 0.103000 0.131000 1800 40 1.200000 1.294000 1.552000 600 43 0.900000 0.072000 0.071000 1.200000 0.069000 0.083000
1495799751245773612	1400 47 1.200000 0.102000 0.129000 1800 40 1.200000 1.293000 1.551000 600 43 0.900000 0.072000 0.071000 1.200000 0.068000 0.082000
1495799751754942997	1400 47 1.200000 0.106000 0.134000 1800 40 1.200000 1.298000 1.557000 600 43 0.900000 0.072000 0.071000 1.200000 0.072000 0.087000
1495799752264036376	1400 47 1.200000 0.105000 0.133000 1800 40 1.100000 1.249000 1.496000 600 43 0.900000 0.072000 0.071000 1.200000 0.078000 0.095000
1495799752773089293	1400 47 1.200000 0.102000 0.129000 1800 40 1.100000 1.254000 1.502000 600 43 0.900000 0.072000 0.071000 1.200000 0.082000 0.099000
1495799753282188121	1400 47 1.200000 0.101000 0.128000 1800 40 1.100000 1.260000 1.509000 600 43 0.900000 0.072000 0.071000 1.200000 0.078000 0.095000
1495799753791348194	1400 47 1.200000 0.104000 0.132000 1800 40 1.100000 1.261000 1.510000 600 43 0.900000 0.072000 0.071000 1.200000 0.085000 0.103000
1495799754300515971	1400 47 1.200000 0.103000 0.131000 1800 40 1.100000 1.265000 1.515000 600 43 0.900000 0.072000 0.071000 1.200000 0.072000 0.087000
1495799754809651827	1400 47 1.200000 0.105000 0.133000 1800 40 1.200000 1.256000 1.507000 600 43 0.900000 0.072000 0.071000 1.200000 0.076000 0.092000
1495799755318826968	1400 47 1.200000 0.106000 0.134000 1800 40 1.100000 1.252000 1.499000 600 43 0.900000 0.072000 0.071000 1.200000 0.081000 0.098000
1495799755827919065	1400 47 1.200000 0.106000 0.134000 1800 40 1.100000 1.258000 1.507000 600 43 0.900000 0.072000 0.071000 1.200000 0.079000 0.096000
1495799756336976072	1400 47 1.200000 0.109000 0.138000 1800 40 1.100000 1.266000 1.516000 600 43 0.900000 0.072000 0.071000 1.200000 0.076000 0.092000
1495799756846095285	1400 47 1.200000 0.108000 0.137000 1800 40 1.100000 1.258000 1.507000 600 43 0.900000 0.072000 0.071000 1.200000 0.076000 0.092000
1495799757355140157	1400 47 1.200000 0.101000 0.128000 1800 40 1.100000 1.248000 1.495000 600 43 0.900000 0.072000 0.071000 1.200000 0.082000 0.099000
1495799757864191861	1400 47 1.200000 0.101000 0.128000 1800 40 1.100000 1.278000 1.531000 600 43 0.900000 0.072000 0.071000 1.200000 0.076000 0.092000
1495799758373214474	1400 47 1.200000 0.101000 0.128000 1800 40 1.100000 1.283000 1.537000 600 43 0.900000 0.072000 0.071000 1.200000 0.071000 0.086000
1495799758882294336	1400 47 1.200000 0.102000 0.129000 1800 40 1.100000 1.288000 1.543000 600 43 0.900000 0.072000 0.071000 1.200000 0.070000 0.085000
1495799759391425023	1400 47 1.200000 0.101000 0.128000 1800 40 1.100000 1.279000 1.532000 600 43 0.900000 0.072000 0.071000 1.200000 0.072000 0.087000
1495799759900476834	1400 47 1.200000 0.101000 0.128000 1800 40 1.100000 1.253000 1.501000 600 43 0.900000 0.072000 0.071000 1.200000 0.080000 0.097000
1495799760409605555	1400 47 1.200000 0.101000 0.128000 1800 40 1.200000 1.280000 1.536000 600 43 0.900000 0.072000 0.071000 1.200000 0.070000 0.085000
1495799760918874857	1400 47 1.200000 0.103000 0.131000 1800 40 1.200000 1.278000 1.533000 600 43 0.900000 0.072000 0.071000 1.200000 0.073000 0.088000
1495799761428027444	1400 47 1.200000 0.102000 0.129000 1800 40 1.100000 1.268000 1.519000 600 43 0.900000 0.072000 0.071000 1.200000 0.077000 0.093000
1495799761937208862	1400 47 1.200000 0.105000 0.133000 1800 40 1.100000 1.269000 1.520000 600 43 0.900000 0.072000 0.071000 1.200000 0.082000 0.099000
1495799762446345940	1400 47 1.200000 0.108000 0.137000 1800 40 1.200000 1.248000 1.497000 600 43 0.900000 0.072000 0.071000 1.200000 0.081000 0.098000
1495799762955400267	1400 47 1.200000 0.109000 0.138000 1800 40 1.100000 1.246000 1.492000 600 43 0.900000 0.072000 0.071000 1.200000 0.082000 0.099000
1495799763464560045	1400 47 1.200000 0.107000 0.136000 1800 40 1.100000 1.243000 1.489000 600 43 0.900000 0.072000 0.071000 1.200000 0.081000 0.098000
1495799763973664864	1400 47 1.200000 0.106000 0.134000 1800 40 1.200000 1.247000 1.496000 600 43 0.900000 0.072000 0.071000 1.200000 0.089000 0.108000
1495799764482916092	1400 47 1.200000 0.104000 0.132000 1800 40 1.200000 1.242000 1.490000 600 43 0.900000 0.072000 0.071000 1.200000 0.087000 0.105000
1495799764991967236	1400 47 1.200000 0.103000 0.131000 1800 40 1.200000 1.245000 1.494000 600 43 0.900000 0.072000 0.071000 1.200000 0.085000 0.103000
1495799765501117997	1400 47 1.200000 0.106000 0.134000 1800 40 1.100000 1.241000 1.486000 600 43 0.900000 0.072000 0.071000 1.200000 0.096000 0.116000
1495799766010212550	1400 47 1.200000 0.103000 0.131000 1800 40 1.100000 1.243000 1.489000 600 43 0.900000 0.072000 0.071000 1.200000 0.090000 0.109000
1495799766519331845	1400 47 1.200000 0.104000 0.132000 1800 40 1.200000 1.246000 1.495000 600 43 0.900000 0.072000 0.071000 1.200000 0.094000 0.114000
1495799767028354515	1400 47 1.200000 0.103000 0.131000 1800 40 1.100000 1.243000 1.489000 600 43 0.900000 0.072000 0.071000 1.200000 0.092000 0.112000
1495799767537511968	1400 47 1.200000 0.101000 0.128000 1800 40 1.200000 1.242000 1.490000 600 43 0.900000 0.072000 0.071000 1.200000 0.092000 0.112000
1495799768046737797	1400 47 1.200000 0.104000 0.132000 1800 40 1.200000 1.245000 1.494000 600 43 0.900000 0.072000 0.071000 1.200000 0.084000 0.102000
1495799768555803576	1400 47 1.200000 0.102000 0.129000 1800 40 1.200000 1.250000 1.500000 600 43 0.900000 0.072000 0.071000 1.200000 0.077000 0.093000
1495799769064958105	1400 47 1.200000 0.105000 0.133000 1800 40 1.200000 1.249000 1.498000 600 43 0.900000 0.072000 0.071000 1.200000 0.079000 0.096000
1495799769574087169	1400 47 1.200000 0.109000 0.138000 1800 40 1.200000 1.245000 1.494000 600 43 0.900000 0.072000 0.071000 1.200000 0.079000 0.096000
1495799770083094773	1400 47 1.200000 0.109000 0.138000 1800 40 1.200000 1.248000 1.497000 600 43 0.900000 0.072000 0.071000 1.200000 0.078000 0.095000
1495799770592233705	1400 47 1.200000 0.101000 0.128000 1800 40 1.200000 1.250000 1.500000 600 43 0.900000 0.072000 0.071000 1.200000 0.076000 0.092000
1495799771101404468	1400 47 1.200000 0.102000 0.129000 1800 40 1.200000 1.250000 1.500000 600 43 0.900000 0.072000 0.071000 1.200000 0.077000 0.093000
1495799771610484268	1400 47 1.200000 0.102000 0.129000 1800 40 1.200000 1.246000 1.495000 600 43 0.900000 0.072000 0.071000 1.200000 0.079000 0.096000
1495799772119606315	1400 47 1.200000 0.102000 0.129000 1800 40 1.200000 1.250000 1.500000 600 43 0.900000 0.072000 0.071000 1.200000 0.081000 0.098000
1495799772628598857	1400 47 1.200000 0.107000 0.136000 1800 40 1.200000 1.251000 1.501000 600 43 0.900000 0.072000 0.071000 1.200000 0.078000 0.095000
1495799773137635064	1400 47 1.200000 0.107000 0.136000 1800 40 1.200000 1.254000 1.504000 600 43 0.900000 0.072000 0.071000 1.200000 0.086000 0.104000
1495799773646769475	1400 47 1.200000 0.109000 0.138000 1800 40 1.200000 1.258000 1.509000 600 43 0.900000 0.072000 0.071000 1.200000 0.078000 0.095000
1495799774155794883	1400 47 1.200000 0.108000 0.137000 1800 40 1.200000 1.265000 1.518000 600 43 0.900000 0.072000 0.071000 1.200000 0.079000 0.096000
1495799774665008869	1400 47 1.200000 0.101000 0.128000 1800 40 1.200000 1.268000 1.521000 600 43 0.900000 0.072000 0.071000 1.200000 0.082000 0.099000
1495799775174256145	1400 47 1.200000 0.103000 0.131000 1800 40 1.200000 1.254000 1.504000 600 43 0.900000 0.072000 0.071000 1.200000 0.085000 0.103000
1495799775683389208	1400 47 1.200000 0.106000 0.134000 1800 40 1.200000 1.243000 1.491000 600 43 0.900000 0.072000 0.071000 1.200000 0.082000 0.099000
1495799776192582602	1400 47 1.200000 0.106000 0.134000 1800 40 1.200000 1.238000 1.485000 600 43 0.900000 0.072000 0.071000 1.200000 0.091000 0.110000
1495799776701783242	1400 47 1.200000 0.110000 0.140000 1800 40 1.200000 1.243000 1.491000 600 43 0.900000 0.072000 0.071000 1.200000 0.087000 0.105000
1495799777210953546	1400 47 1.200000 0.110000 0.140000 1800 40 1.200000 1.245000 1.494000 600 43 0.900000 0.072000 0.071000 1.200000 0.087000 0.105000
1495799777720050429	1400 47 1.200000 0.106000 0.134000 1800 40 1.200000 1.246000 1.495000 600 43 0.900000 0.072000 0.071000 1.200000 0.090000 0.109000
1495799778229085309	1400 47 1.200000 0.104000 0.132000 1800 40 1.200000 1.245000 1.494000 600 43 0.900000 0.072000 0.071000 1.200000 0.095000 0.115000
1495799778738138853	1400 47 1.200000 0.104000 0.132000 1800 40 1.100000 1.244000 1.490000 600 43 0.900000 0.072000 0.071000 1.200000 0.089000 0.108000
1495799779247289435	1400 47 1.200000 0.104000 0.132000 1800 40 1.200000 1.247000 1.496000 600 43 0.900000 0.072000 0.071000 1.200000 0.093000 0.113000
1495799779756451722	1400 47 1.200000 0.102000 0.129000 1800 40 1.200000 1.249000 1.498000 600 43 0.900000 0.072000 0.071000 1.200000 0.093000 0.113000
1495799780265495005	1400 47 1.200000 0.101000 0.128000 1800 40 1.200000 1.247000 1.496000 600 43 0.900000 0.072000 0.071000 1.200000 0.078000 0.095000
1495799780774796661	1400 47 1.200000 0.101000 0.128000 1800 40 1.200000 1.249000 1.498000 600 43 0.900000 0.072000 0.071000 1.200000 0.076000 0.092000
1495799781283852063	1400 47 1.200000 0.102000 0.129000 1800 40 1.200000 1.248000 1.497000 600 43 0.900000 0.072000 0.071000 1.200000 0.077000 0.093000
1495799781793030046	1400 47 1.200000 0.102000 0.129000 1800 40 1.200000 1.247000 1.496000 600 43 0.900000 0.072000 0.071000 1.200000 0.077000 0.093000
1495799782302125234	1400 47 1.200000 0.100000 0.127000 1800 40 1.200000 1.253000 1.503000 600 43 0.900000 0.072000 0.071000 1.200000 0.076000 0.092000
1495799782811316211	1400 47 1.200000 0.107000 0.136000 1800 40 1.200000 1.254000 1.504000 600 43 0.900000 0.072000 0.071000 1.200000 0.076000 0.092000
1495799783320577934	1400 47 1.200000 0.109000 0.138000 1800 40 1.200000 1.249000 1.498000 600 43 0.900000 0.072000 0.071000 1.200000 0.091000 0.110000
1495799783829776279	1400 47 1.200000 0.110000 0.140000 1800 40 1.200000 1.250000 1.500000 600 43 0.900000 0.072000 0.071000 1.200000 0.088000 0.107000
1495799784338851913	1400 47 1.200000 0.106000 0.134000 1800 40 1.200000 1.255000 1.506000 600 43 0.900000 0.072000 0.071000 1.200000 0.084000 0.102000
1495799784847949711	1400 47 1.200000 0.105000 0.133000 1800 40 1.200000 1.257000 1.508000 600 43 0.900000 0.072000 0.071000 1.200000 0.081000 0.098000
1495799785357028755	1400 47 1.200000 0.104000 0.132000 1800 40 1.200000 1.260000 1.512000 600 43 0.900000 0.072000 0.071000 1.200000 0.080000 0.097000
1495799785866267881	1400 47 1.200000 0.105000 0.133000 1800 40 1.200000 1.269000 1.522000 600 43 0.900000 0.072000 0.071000 1.200000 0.082000 0.099000
1495799786375286086	1400 47 1.200000 0.107000 0.136000 1800 40 1.200000 1.272000 1.526000 600 43 0.900000 0.072000 0.071000 1.200000 0.081000 0.098000
1495799786884424040	1400 47 1.200000 0.111000 0.141000 1800 40 1.200000 1.253000 1.503000 600 43 0.900000 0.072000 0.071000 1.200000 0.092000 0.112000
1495799787393512489	1400 47 1.200000 0.109000 0.138000 1800 40 1.100000 1.233000 1.477000 600 43 0.900000 0.072000 0.071000 1.200000 0.093000 0.113000
1495799787902603020	1400 47 1.200000 0.102000 0.129000 1800 40 1.200000 1.235000 1.482000 600 43 0.900000 0.072000 0.071000 1.200000 0.095000 0.115000
1495799788411665880	1400 47 1.200000 0.102000 0.129000 1800 40 1.200000 1.247000 1.496000 600 43 0.900000 0.072000 0.071000 1.200000 0.084000 0.102000
1495799788920818947	1400 47 1.200000 0.102000 0.129000 1800 40 1.200000 1.249000 1.498000 600 43 0.900000 0.072000 0.071000 1.200000 0.080000 0.097000
1495799789429968260	1400 47 1.200000 0.102000 0.129000 1800 40 1.100000 1.246000 1.492000 600 43 0.900000 0.072000 0.071000 1.200000 0.081000 0.098000
1495799789939371863	1400 47 1.200000 0.110000 0.140000 1800 40 1.100000 1.239000 1.484000 600 43 0.900000 0.072000 0.071000 1.200000 0.094000 0.114000
1495799790448604045	1400 47 1.200000 0.111000 0.141000 1800 40 1.200000 1.236000 1.483000 600 43 0.900000 0.072000 0.071000 1.200000 0.091000 0.110000
1495799790957724518	1400 47 1.200000 0.107000 0.136000 1800 40 1.200000 1.241000 1.489000 600 43 0.900000 0.072000 0.071000 1.200000 0.094000 0.114000
1495799791466772111	1400 47 1.200000 0.104000 0.132000 1800 40 1.200000 1.237000 1.484000 600 43 0.900000 0.072000 0.071000 1.200000 0.091000 0.110000
1495799791976059496	1400 47 1.200000 0.104000 0.132000 1800 40 1.200000 1.242000 1.490000 600 43 0.900000 0.072000 0.071000 1.200000 0.086000 0.104000
1495799792485100375	1400 47 1.200000 0.102000 0.129000 1800 40 1.200000 1.249000 1.498000 600 43 0.900000 0.072000 0.071000 1.200000 0.078000 0.094000
1495799792994155838	1400 47 1.200000 0.101000 0.128000 1800 40 1.100000 1.242000 1.487000 600 43 0.900000 0.072000 0.071000 1.200000 0.080000 0.097000
1495799793503211087	1400 47 1.200000 0.103000 0.131000 1800 40 1.200000 1.238000 1.485000 600 43 0.900000 0.072000 0.071000 1.200000 0.083000 0.101000
1495799794012302086	1400 47 1.200000 0.102000 0.129000 1800 40 1.200000 1.250000 1.500000 600 43 0.900000 0.072000 0.071000 1.200000 0.076000 0.092000
1495799794521373831	1400 47 1.200000 0.103000 0.131000 1800 40 1.200000 1.244000 1.492000 600 43 0.900000 0.072000 0.071000 1.200000 0.076000 0.092000
1495799795030428366	1400 47 1.200000 0.105000 0.133000 1800 40 1.200000 1.246000 1.495000 600 43 0.900000 0.072000 0.071000 1.200000 0.077000 0.093000
1495799795539533939	1400 47 1.200000 0.102000 0.129000 1800 40 1.100000 1.249000 1.496000 600 43 0.900000 0.072000 0.071000 1.200000 0.079000 0.096000
1495799796048728552	1400 47 1.200000 0.106000 0.134000 1800 40 1.200000 1.250000 1.500000 600 43 0.900000 0.072000 0.071000 1.200000 0.089000 0.108000
1495799796557856162	1400 47 1.200000 0.109000 0.138000 1800 40 1.100000 1.245000 1.491000 600 43 0.900000 0.072000 0.071000 1.200000 0.086000 0.104000
1495799797067095479	1400 47 1.200000 0.109000 0.138000 1800 40 1.200000 1.262000 1.514000 600 43 0.900000 0.072000 0.071000 1.200000 0.081000 0.098000
1495799797576274625	1400 47 1.200000 0.109000 0.138000 1800 40 1.200000 1.266000 1.519000 600 43 0.900000 0.072000 0.071000 1.200000 0.092000 0.112000
1495799798085475770	1400 47 1.200000 0.106000 0.134000 1800 40 1.200000 1.239000 1.486000 600 43 0.900000 0.072000 0.071000 1.200000 0.092000 0.112000
1495799798594742453	1400 47 1.200000 0.104000 0.132000 1800 40 1.200000 1.238000 1.485000 600 43 0.900000 0.072000 0.071000 1.200000 0.093000 0.113000
1495799799103824427	1400 47 1.200000 0.103000 0.131000 1800 40 1.200000 1.254000 1.504000 600 43 0.900000 0.072000 0.071000 1.200000 0.084000 0.102000
1495799799612903105	1400 47 1.200000 0.106000 0.134000 1800 40 1.200000 1.248000 1.497000 600 43 0.900000 0.072000 0.071000 1.200000 0.076000 0.092000
1495799800122103241	1400 47 1.200000 0.108000 0.137000 1800 40 1.200000 1.248000 1.497000 600 43 0.900000 0.072000 0.071000 1.200000 0.078000 0.095000
1495799800631253915	1400 47 1.200000 0.108000 0.137000 1800 40 1.200000 1.246000 1.495000 600 43 0.900000 0.072000 0.071000 1.200000 0.080000 0.097000
1495799801140442671	1400 47 1.200000 0.103000 0.131000 1800 40 1.200000 1.241000 1.489000 600 43 0.900000 0.072000 0.071000 1.200000 0.083000 0.101000
1495799801649612757	1400 47 1.200000 0.104000 0.132000 1800 40 1.200000 1.242000 1.490000 600 43 0.900000 0.072000 0.071000 1.200000 0.089000 0.108000
1495799802158772966	1400 47 1.200000 0.103000 0.131000 1800 40 1.200000 1.239000 1.486000 600 43 0.900000 0.072000 0.071000 1.200000 0.094000 0.114000
1495799802667935214	1400 47 1.200000 0.102000 0.129000 1800 40 1.200000 1.234000 1.480000 600 43 0.900000 0.072000 0.071000 1.200000 0.093000 0.113000
1495799803177119044	1400 47 1.200000 0.102000 0.129000 1800 40 1.200000 1.243000 1.491000 600 43 0.900000 0.072000 0.071000 1.200000 0.088000 0.107000
1495799803686466538	1400 47 1.200000 0.103000 0.131000 1800 40 1.200000 1.240000 1.488000 600 43 0.900000 0.072000 0.071000 1.200000 0.087000 0.105000
1495799804195591155	1400 47 1.200000 0.108000 0.137000 1800 40 1.200000 1.244000 1.492000 600 43 0.900000 0.072000 0.071000 1.200000 0.083000 0.101000
1495799804704822312	1400 47 1.200000 0.106000 0.134000 1800 40 1.200000 1.245000 1.494000 600 43 0.900000 0.072000 0.071000 1.200000 0.087000 0.105000
1495799805213943049	1400 47 1.200000 0.105000 0.133000 1800 40 1.200000 1.246000 1.495000 600 43 0.900000 0.072000 0.071000 1.200000 0.083000 0.101000
1495799805723160618	1400 47 1.200000 0.101000 0.128000 1800 40 1.200000 1.245000 1.494000 600 43 0.900000 0.072000 0.071000 1.200000 0.083000 0.101000
1495799806232253560	1400 47 1.200000 0.106000 0.134000 1800 40 1.200000 1.241000 1.489000 600 43 0.900000 0.072000 0.071000 1.200000 0.095000 0.115000
1495799806741410833	1400 47 1.200000 0.110000 0.140000 1800 40 1.200000 1.236000 1.483000 600 43 0.900000 0.072000 0.071000 1.200000 0.089000 0.108000
1495799807250504562	1400 47 1.200000 0.111000 0.141000 1800 40 1.100000 1.239000 1.484000 600 43 0.900000 0.072000 0.071000 1.200000 0.081000 0.098000
1495799807759736455	1400 47 1.200000 0.107000 0.136000 1800 40 1.100000 1.244000 1.490000 600 43 0.900000 0.072000 0.071000 1.200000 0.078000 0.095000
1495799808268774305	1400 47 1.200000 0.105000 0.133000 1800 40 1.100000 1.239000 1.484000 600 43 0.900000 0.072000 0.071000 1.200000 0.089000 0.108000
1495799808777935737	1400 47 1.200000 0.103000 0.131000 1800 40 1.200000 1.235000 1.482000 600 43 0.900000 0.072000 0.071000 1.200000 0.093000 0.113000
1495799809287072624	1400 47 1.200000 0.105000 0.133000 1800 40 1.200000 1.238000 1.485000 600 43 0.900000 0.072000 0.071000 1.200000 0.081000 0.098000
1495799809796299093	1400 47 1.200000 0.106000 0.134000 1800 40 1.200000 1.246000 1.495000 600 43 0.900000 0.072000 0.071000 1.200000 0.089000 0.108000
1495799810305449310	1400 47 1.200000 0.101000 0.128000 1800 40 1.200000 1.247000 1.496000 600 43 0.900000 0.072000 0.071000 1.200000 0.080000 0.097000
1495799810814628275	1400 47 1.200000 0.101000 0.128000 1800 40 1.200000 1.240000 1.488000 600 43 0.900000 0.072000 0.071000 1.200000 0.077000 0.093000
1495799811323705529	1400 47 1.200000 0.102000 0.129000 1800 40 1.200000 1.242000 1.490000 600 43 0.900000 0.072000 0.071000 1.200000 0.080000 0.097000
1495799811833510823	1400 47 1.200000 0.118000 0.149000 1800 40 1.100000 0.888000 1.062000 600 42 0.900000 0.072000 0.071000 1.200000 0.080000 0.097000
1495799812343385031	1400 47 1.200000 0.106000 0.134000 1800 40 1.100000 1.184000 1.418000 600 42 0.900000 0.072000 0.071000 1.200000 0.031000 0.037000
1495799812853433571	1400 47 1.200000 0.107000 0.136000 1800 39 1.100000 1.190000 1.425000 600 42 0.900000 0.072000 0.071000 1.200000 0.030000 0.036000
1495799813362905109	1400 49 1.200000 0.108000 0.137000 1800 40 1.100000 1.191000 1.426000 600 42 0.900000 0.072000 0.071000 1.200000 0.030000 0.036000
1495799813872149771	1400 50 1.200000 0.105000 0.133000 1800 40 1.200000 1.393000 1.671000 600 42 0.900000 0.072000 0.071000 1.200000 0.042000 0.051000
1495799814381261681	1400 50 1.200000 0.101000 0.128000 1800 40 1.200000 1.508000 1.811000 600 42 0.900000 0.072000 0.071000 1.200000 0.040000 0.048000
1495799814890404339	1400 50 1.200000 0.100000 0.127000 1800 40 1.200000 1.483000 1.781000 600 43 0.900000 0.072000 0.071000 1.200000 0.041000 0.049000
1495799815399461578	1400 50 1.200000 0.100000 0.127000 1800 40 1.200000 1.440000 1.728000 600 43 0.900000 0.072000 0.071000 1.200000 0.045000 0.054000
1495799815908499524	1400 50 1.200000 0.099000 0.126000 1800 40 1.200000 1.422000 1.707000 600 43 0.900000 0.072000 0.071000 1.200000 0.044000 0.053000
1495799816417602593	1400 50 1.200000 0.100000 0.127000 1800 40 1.200000 1.416000 1.699000 600 43 0.900000 0.072000 0.071000 1.200000 0.045000 0.054000
1495799816926715161	1400 50 1.200000 0.100000 0.127000 1800 40 1.200000 1.406000 1.687000 600 43 0.900000 0.072000 0.071000 1.200000 0.046000 0.055000
1495799817435952392	1400 50 1.200000 0.106000 0.134000 1800 40 1.200000 1.386000 1.663000 600 43 0.900000 0.072000 0.071000 1.200000 0.047000 0.057000
1495799817945053415	1400 49 1.200000 0.104000 0.132000 1800 40 1.200000 1.380000 1.656000 600 43 0.900000 0.072000 0.071000 1.200000 0.047000 0.057000
1495799818454130602	1400 50 1.200000 0.102000 0.129000 1800 41 1.200000 1.381000 1.657000 600 43 0.900000 0.072000 0.071000 1.200000 0.047000 0.057000
1495799818963442037	1400 50 1.200000 0.101000 0.128000 1800 40 1.200000 1.378000 1.653000 600 43 0.900000 0.072000 0.071000 1.200000 0.047000 0.057000
1495799819472635303	1400 50 1.200000 0.106000 0.134000 1800 41 1.200000 1.399000 1.678000 600 43 0.900000 0.072000 0.071000 1.200000 0.047000 0.057000
1495799819981746319	1400 50 1.200000 0.108000 0.137000 1800 41 1.200000 1.420000 1.705000 600 43 0.900000 0.073000 0.072000 1.200000 0.046000 0.055000
1495799820490818249	1400 50 1.200000 0.107000 0.136000 1800 41 1.200000 1.431000 1.718000 600 43 0.900000 0.073000 0.072000 1.200000 0.044000 0.053000
1495799820999970303	1400 51 1.200000 0.104000 0.132000 1800 41 1.200000 1.448000 1.737000 600 43 0.900000 0.072000 0.071000 1.200000 0.043000 0.052000
1495799821509062062	1400 51 1.200000 0.102000 0.129000 1800 41 1.200000 1.460000 1.752000 600 43 0.900000 0.073000 0.072000 1.200000 0.042000 0.051000
1495799822018157155	1400 51 1.200000 0.102000 0.129000 1800 41 1.200000 1.474000 1.770000 600 43 0.900000 0.073000 0.072000 1.200000 0.041000 0.049000
1495799822527324952	1400 52 1.200000 0.103000 0.131000 1800 41 1.200000 1.518000 1.823000 600 43 0.900000 0.073000 0.072000 1.200000 0.038000 0.046000
1495799823036544000	1400 52 1.200000 0.104000 0.132000 1800 41 1.200000 1.521000 1.826000 600 43 0.900000 0.073000 0.072000 1.200000 0.037000 0.044000
1495799823545617252	1400 52 1.200000 0.102000 0.129000 1800 41 1.200000 1.503000 1.805000 600 43 0.900000 0.073000 0.072000 1.200000 0.045000 0.054000
1495799824054905421	1400 51 1.200000 0.102000 0.129000 1800 41 1.200000 1.529000 1.836000 600 43 0.900000 0.073000 0.072000 1.200000 0.041000 0.049000
1495799824563983796	1400 51 1.200000 0.101000 0.128000 1800 41 1.200000 1.503000 1.805000 600 43 0.900000 0.073000 0.072000 1.200000 0.041000 0.049000
1495799825073064212	1400 51 1.200000 0.101000 0.128000 1800 41 1.200000 1.458000 1.749000 600 43 0.900000 0.073000 0.072000 1.200000 0.043000 0.052000
1495799825582177959	1400 51 1.200000 0.101000 0.128000 1800 41 1.200000 1.434000 1.720000 600 43 0.900000 0.073000 0.072000 1.200000 0.044000 0.053000
1495799826091531163	1400 51 1.200000 0.104000 0.132000 1800 41 1.200000 1.430000 1.716000 600 43 0.900000 0.073000 0.072000 1.200000 0.045000 0.054000
1495799826600638365	1400 50 1.200000 0.105000 0.133000 1800 41 1.200000 1.423000 1.707000 600 43 0.900000 0.073000 0.072000 1.200000 0.045000 0.054000
1495799827109843691	1400 50 1.200000 0.109000 0.138000 1800 41 1.200000 1.408000 1.689000 600 43 0.900000 0.072000 0.071000 1.200000 0.047000 0.057000
1495799827618934431	1400 50 1.200000 0.102000 0.129000 1800 41 1.200000 1.391000 1.669000 600 43 0.900000 0.073000 0.072000 1.200000 0.048000 0.058000
1495799828128036046	1400 50 1.200000 0.100000 0.127000 1800 41 1.200000 1.386000 1.663000 600 43 0.900000 0.073000 0.072000 1.200000 0.049000 0.059000
1495799828637300992	1400 50 1.200000 0.103000 0.131000 1800 41 1.200000 1.391000 1.669000 600 43 0.900000 0.073000 0.072000 1.200000 0.047000 0.057000
1495799829146463104	1400 50 1.200000 0.104000 0.132000 1800 41 1.200000 1.410000 1.692000 600 43 0.900000 0.073000 0.072000 1.200000 0.045000 0.054000
1495799829655604047	1400 51 1.200000 0.106000 0.134000 1800 41 1.200000 1.434000 1.720000 600 43 0.900000 0.073000 0.072000 1.200000 0.044000 0.053000
1495799830164786781	1400 51 1.200000 0.107000 0.136000 1800 41 1.200000 1.446000 1.736000 600 43 0.900000 0.073000 0.072000 1.200000 0.043000 0.052000
1495799830673931054	1400 51 1.200000 0.107000 0.136000 1800 41 1.200000 1.460000 1.753000 600 43 0.900000 0.072000 0.071000 1.200000 0.041000 0.049000
1495799831183143201	1400 51 1.200000 0.106000 0.134000 1800 41 1.200000 1.470000 1.764000 600 43 0.900000 0.073000 0.072000 1.200000 0.042000 0.051000
1495799831692282555	1400 51 1.200000 0.104000 0.132000 1800 41 1.200000 1.479000 1.776000 600 43 0.900000 0.073000 0.072000 1.200000 0.042000 0.051000
1495799832201394783	1400 52 1.200000 0.101000 0.128000 1800 41 1.200000 1.517000 1.821000 600 43 0.900000 0.073000 0.072000 1.200000 0.041000 0.049000
1495799832710473843	1400 52 1.200000 0.099000 0.126000 1800 41 1.200000 1.540000 1.849000 600 43 0.900000 0.073000 0.072000 1.200000 0.038000 0.046000
1495799833219608526	1400 52 1.200000 0.101000 0.128000 1800 41 1.200000 1.541000 1.850000 600 44 0.900000 0.073000 0.072000 1.200000 0.035000 0.042000
1495799833728785417	1400 52 1.200000 0.107000 0.136000 1800 41 1.200000 1.510000 1.813000 600 44 0.900000 0.073000 0.072000 1.200000 0.046000 0.055000
1495799834237958972	1400 52 1.200000 0.106000 0.134000 1800 41 1.200000 1.519000 1.824000 600 44 0.900000 0.073000 0.072000 1.200000 0.040000 0.048000
1495799834747166485	1400 51 1.200000 0.106000 0.134000 1800 41 1.200000 1.495000 1.795000 600 43 0.900000 0.073000 0.072000 1.200000 0.042000 0.051000
1495799835256336121	1400 51 1.200000 0.104000 0.132000 1800 41 1.200000 1.454000 1.744000 600 43 0.900000 0.073000 0.072000 1.200000 0.044000 0.053000
1495799835765477631	1400 51 1.200000 0.102000 0.129000 1800 41 1.200000 1.437000 1.725000 600 43 0.900000 0.073000 0.072000 1.200000 0.046000 0.055000
1495799836274614722	1400 51 1.200000 0.105000 0.133000 1800 41 1.200000 1.429000 1.714000 600 43 0.900000 0.073000 0.072000 1.200000 0.046000 0.055000
1495799836783762105	1400 50 1.200000 0.101000 0.128000 1800 41 1.200000 1.420000 1.704000 600 43 0.900000 0.073000 0.072000 1.200000 0.047000 0.057000
1495799837292881277	1400 50 1.200000 0.101000 0.128000 1800 41 1.200000 1.399000 1.680000 600 43 0.900000 0.073000 0.072000 1.200000 0.047000 0.057000
1495799837802087782	1400 50 1.200000 0.099000 0.126000 1800 41 1.200000 1.394000 1.672000 600 43 0.900000 0.073000 0.072000 1.200000 0.047000 0.057000
1495799838311285618	1400 50 1.200000 0.100000 0.127000 1800 41 1.200000 1.393000 1.671000 600 43 0.900000 0.073000 0.072000 1.200000 0.047000 0.057000
1495799838820473162	1400 50 1.200000 0.101000 0.128000 1800 41 1.200000 1.406000 1.687000 600 43 0.900000 0.073000 0.072000 1.200000 0.046000 0.055000
1495799839329620496	1400 51 1.200000 0.101000 0.128000 1800 41 1.200000 1.431000 1.717000 600 43 0.900000 0.073000 0.072000 1.200000 0.044000 0.053000
1495799839838709537	1400 51 1.200000 0.106000 0.134000 1800 41 1.200000 1.448000 1.737000 600 43 0.900000 0.073000 0.072000 1.200000 0.043000 0.052000
1495799840347863785	1400 51 1.200000 0.107000 0.136000 1800 41 1.200000 1.461000 1.753000 600 43 0.900000 0.073000 0.072000 1.200000 0.041000 0.049000
1495799840857190199	1400 51 1.200000 0.107000 0.136000 1800 41 1.200000 1.460000 1.752000 600 43 0.900000 0.073000 0.072000 1.200000 0.042000 0.051000
1495799841366370820	1400 51 1.200000 0.104000 0.132000 1800 41 1.200000 1.471000 1.766000 600 43 0.900000 0.073000 0.072000 1.200000 0.041000 0.049000
1495799841875490856	1400 52 1.200000 0.104000 0.132000 1800 41 1.200000 1.484000 1.782000 600 43 0.900000 0.073000 0.072000 1.200000 0.041000 0.049000
1495799842384668266	1400 52 1.200000 0.103000 0.131000 1800 41 1.200000 1.528000 1.835000 600 43 0.900000 0.073000 0.072000 1.200000 0.039000 0.047000
1495799842893817425	1400 52 1.200000 0.104000 0.132000 1800 41 1.200000 1.544000 1.854000 600 44 0.900000 0.074000 0.073000 1.200000 0.037000 0.044000
1495799843403348874	1400 52 1.200000 0.106000 0.134000 1800 41 1.200000 1.500000 1.801000 600 44 0.900000 0.073000 0.072000 1.200000 0.045000 0.054000
1495799843912666655	1400 52 1.200000 0.111000 0.141000 1800 41 1.200000 1.536000 1.843000 600 44 0.900000 0.073000 0.072000 1.200000 0.041000 0.049000
1495799844421839810	1400 51 1.200000 0.109000 0.138000 1800 41 1.200000 1.509000 1.810000 600 43 0.900000 0.073000 0.072000 1.200000 0.042000 0.051000
1495799844931172298	1400 51 1.200000 0.104000 0.132000 1800 41 1.200000 1.463000 1.755000 600 44 0.900000 0.073000 0.072000 1.200000 0.044000 0.053000
1495799845440283284	1400 51 1.200000 0.101000 0.128000 1800 41 1.200000 1.436000 1.723000 600 44 0.900000 0.073000 0.072000 1.200000 0.045000 0.054000
1495799845949417769	1400 51 1.200000 0.101000 0.128000 1800 41 1.200000 1.427000 1.712000 600 43 0.900000 0.073000 0.072000 1.200000 0.045000 0.054000
1495799846458562753	1400 50 1.200000 0.102000 0.129000 1800 41 1.200000 1.421000 1.705000 600 43 0.900000 0.073000 0.072000 1.200000 0.045000 0.054000
1495799846967814445	1400 50 1.200000 0.101000 0.128000 1800 41 1.200000 1.400000 1.680000 600 43 0.900000 0.073000 0.072000 1.200000 0.047000 0.057000
1495799847476993634	1400 50 1.200000 0.101000 0.128000 1800 41 1.200000 1.391000 1.669000 600 43 0.900000 0.073000 0.072000 1.200000 0.047000 0.057000
1495799847986392115	1400 50 1.200000 0.106000 0.134000 1800 41 1.200000 1.391000 1.669000 600 43 0.900000 0.073000 0.072000 1.200000 0.050000 0.060000
1495799848495526719	1400 50 1.200000 0.103000 0.131000 1800 41 1.200000 1.394000 1.672000 600 43 0.900000 0.073000 0.072000 1.200000 0.048000 0.058000
1495799849004682657	1400 51 1.200000 0.101000 0.128000 1800 41 1.200000 1.411000 1.693000 600 43 0.900000 0.073000 0.072000 1.200000 0.046000 0.055000
1495799849513772259	1400 51 1.200000 0.104000 0.132000 1800 41 1.200000 1.434000 1.720000 600 43 0.900000 0.073000 0.072000 1.200000 0.044000 0.053000
1495799850022863319	1400 51 1.200000 0.101000 0.128000 1800 41 1.200000 1.450000 1.740000 600 43 0.900000 0.073000 0.072000 1.200000 0.043000 0.052000
1495799850532004544	1400 51 1.200000 0.100000 0.127000 1800 41 1.200000 1.460000 1.752000 600 43 0.900000 0.073000 0.072000 1.200000 0.042000 0.051000
1495799851041237852	1400 51 1.200000 0.108000 0.137000 1800 41 1.200000 1.473000 1.769000 600 43 0.900000 0.073000 0.072000 1.200000 0.041000 0.049000
1495799851550356825	1400 52 1.200000 0.105000 0.133000 1800 41 1.200000 1.479000 1.774000 600 43 0.900000 0.073000 0.072000 1.200000 0.040000 0.048000
1495799852059498255	1400 52 1.200000 0.102000 0.129000 1800 41 1.200000 1.512000 1.815000 600 43 0.900000 0.073000 0.072000 1.200000 0.037000 0.044000
1495799852568613060	1400 52 1.200000 0.104000 0.132000 1800 41 1.200000 1.539000 1.848000 600 44 0.900000 0.073000 0.072000 1.200000 0.037000 0.044000
1495799853077703697	1400 52 1.200000 0.104000 0.132000 1800 41 1.200000 1.545000 1.855000 600 44 0.900000 0.074000 0.073000 1.200000 0.036000 0.043000
1495799853586792874	1400 52 1.200000 0.108000 0.137000 1800 41 1.200000 1.534000 1.842000 600 44 0.900000 0.073000 0.072000 1.200000 0.038000 0.046000
1495799854096018051	1400 52 1.200000 0.102000 0.129000 1800 41 1.200000 1.508000 1.811000 600 44 0.900000 0.074000 0.073000 1.200000 0.039000 0.047000
1495799854605015809	1400 51 1.200000 0.101000 0.128000 1800 41 1.200000 1.468000 1.761000 600 44 0.900000 0.073000 0.072000 1.200000 0.042000 0.051000
1495799855114253859	1400 51 1.200000 0.105000 0.133000 1800 41 1.200000 1.447000 1.736000 600 44 0.900000 0.074000 0.073000 1.200000 0.044000 0.053000
1495799855623285574	1400 51 1.200000 0.101000 0.128000 1800 41 1.200000 1.429000 1.714000 600 44 0.900000 0.073000 0.072000 1.200000 0.046000 0.055000
1495799856132419455	1400 51 1.200000 0.102000 0.129000 1800 41 1.200000 1.423000 1.707000 600 43 0.900000 0.073000 0.072000 1.200000 0.046000 0.055000
1495799856641574085	1400 50 1.200000 0.106000 0.134000 1800 41 1.200000 1.416000 1.699000 600 43 0.900000 0.073000 0.072000 1.200000 0.046000 0.055000
1495799857150656006	1400 50 1.200000 0.109000 0.138000 1800 41 1.200000 1.394000 1.672000 600 43 0.900000 0.073000 0.072000 1.200000 0.047000 0.057000
1495799857659872133	1400 50 1.200000 0.109000 0.138000 1800 41 1.200000 1.387000 1.664000 600 43 0.900000 0.073000 0.072000 1.200000 0.047000 0.057000
1495799858168923802	1400 50 1.200000 0.104000 0.132000 1800 41 1.200000 1.386000 1.663000 600 43 0.900000 0.073000 0.072000 1.200000 0.048000 0.058000
1495799858678030220	1400 51 1.200000 0.101000 0.128000 1800 41 1.200000 1.397000 1.676000 600 43 0.900000 0.073000 0.072000 1.200000 0.047000 0.057000
1495799859187153220	1400 51 1.200000 0.102000 0.130000 1800 41 1.200000 1.422000 1.706000 600 43 0.900000 0.073000 0.072000 1.200000 0.045000 0.054000
1495799859696442928	1400 51 1.200000 0.101000 0.128000 1800 41 1.200000 1.441000 1.729000 600 43 0.900000 0.073000 0.072000 1.200000 0.042000 0.051000
1495799860205450635	1400 51 1.200000 0.101000 0.128000 1800 41 1.200000 1.453000 1.743000 600 43 0.900000 0.073000 0.072000 1.200000 0.042000 0.051000
1495799860714624840	1400 51 1.200000 0.101000 0.128000 1800 41 1.200000 1.470000 1.764000 600 43 0.900000 0.073000 0.072000 1.200000 0.041000 0.049000
1495799861223775462	1400 51 1.200000 0.101000 0.128000 1800 41 1.200000 1.479000 1.776000 600 44 0.900000 0.073000 0.072000 1.200000 0.040000 0.048000
1495799861732927999	1400 52 1.200000 0.101000 0.128000 1800 41 1.200000 1.501000 1.802000 600 44 0.900000 0.073000 0.072000 1.200000 0.038000 0.046000
1495799862241978286	1400 52 1.200000 0.103000 0.131000 1800 41 1.200000 1.536000 1.844000 600 44 0.900000 0.073000 0.072000 1.200000 0.036000 0.043000
1495799862751729321	1400 51 1.200000 0.101000 0.128000 1800 41 1.200000 1.543000 1.853000 600 44 0.900000 0.073000 0.072000 1.200000 0.036000 0.043000
1495799863260689274	1400 42 1.200000 0.111000 0.141000 1800 39 1.200000 1.509000 1.812000 600 42 0.900000 0.073000 0.072000 1.200000 0.026000 0.031000
1495799863771953846	1400 40 1.200000 0.103000 0.131000 1800 38 1.100000 0.461000 0.551000 600 41 0.900000 0.072000 0.071000 1.200000 0.024000 0.029000
