#Timestamp	CPU(0) Frequency(MHz)	CPU(0) Temperature(C)	A7 Voltage(V)	A7 Current(A)	A7 Power(W)	CPU(4) Frequency(MHz)	CPU(4) Temperature(C)	A15 Voltage(V)	A15 Current(A)	A15 Power(W)	GPU Frequency(MHz)	GPU Temperature(C)	GPU Voltage(V)	GPU Current(A)	GPU Power(W)	RAM Voltage(V)	RAM Current(A)	RAM Power(W)
1496368130141314364	1400 46 1.200000 0.195000 0.245000 1400 42 1.000000 0.313000 0.335000 600 44 0.900000 0.076000 0.075000 1.200000 0.044000 0.053000
1496368130651578206	1400 45 1.200000 0.104000 0.132000 1400 42 1.000000 0.822000 0.869000 600 44 0.900000 0.075000 0.074000 1.200000 0.017000 0.020000
1496368131161620299	1400 45 1.200000 0.104000 0.132000 1400 42 1.000000 0.824000 0.871000 600 44 0.900000 0.075000 0.074000 1.200000 0.017000 0.020000
1496368131671490349	1400 46 1.200000 0.106000 0.134000 1400 42 1.000000 0.826000 0.873000 600 44 0.900000 0.075000 0.074000 1.200000 0.019000 0.023000
1496368132181349275	1400 44 1.200000 0.105000 0.133000 1400 41 1.000000 0.802000 0.848000 600 44 0.900000 0.075000 0.074000 1.200000 0.063000 0.076000
1496368132691648826	1400 47 1.200000 0.110000 0.140000 1400 42 1.000000 0.807000 0.853000 600 45 0.900000 0.074000 0.073000 1.200000 0.071000 0.086000
1496368133201691334	1400 49 1.200000 0.109000 0.138000 1400 42 1.000000 1.072000 1.136000 600 45 0.900000 0.075000 0.074000 1.200000 0.074000 0.090000
1496368133711246636	1400 50 1.200000 0.107000 0.136000 1400 42 1.000000 1.513000 1.606000 600 45 0.900000 0.075000 0.074000 1.200000 0.059000 0.071000
1496368134221070228	1400 51 1.200000 0.104000 0.132000 1400 43 1.000000 1.560000 1.656000 600 46 0.900000 0.075000 0.074000 1.200000 0.052000 0.063000
1496368134730440613	1400 50 1.200000 0.107000 0.136000 1400 43 1.000000 1.486000 1.578000 600 46 0.900000 0.076000 0.075000 1.200000 0.046000 0.055000
1496368135239905665	1400 51 1.200000 0.112000 0.142000 1400 43 1.000000 1.538000 1.633000 600 46 0.900000 0.076000 0.075000 1.200000 0.043000 0.052000
1496368135749277799	1400 50 1.200000 0.109000 0.138000 1400 43 1.000000 1.488000 1.580000 600 46 0.900000 0.076000 0.075000 1.200000 0.044000 0.053000
1496368136258912476	1400 50 1.200000 0.107000 0.136000 1400 43 1.000000 1.524000 1.616000 600 46 0.900000 0.076000 0.075000 1.200000 0.042000 0.051000
1496368136768424777	1400 50 1.200000 0.106000 0.134000 1400 43 1.000000 1.457000 1.547000 600 46 0.900000 0.076000 0.075000 1.200000 0.032000 0.038000
1496368137277912203	1400 50 1.200000 0.107000 0.136000 1400 43 1.000000 1.459000 1.549000 600 46 0.900000 0.076000 0.075000 1.200000 0.030000 0.036000
1496368137787047505	1400 50 1.200000 0.109000 0.138000 1400 43 1.000000 1.441000 1.528000 600 46 0.900000 0.076000 0.075000 1.200000 0.032000 0.038000
1496368138296164182	1400 50 1.200000 0.109000 0.138000 1400 43 1.000000 1.522000 1.614000 600 47 0.900000 0.076000 0.075000 1.200000 0.040000 0.048000
1496368138805186609	1400 51 1.200000 0.102000 0.129000 1400 44 1.000000 1.525000 1.619000 600 47 0.900000 0.076000 0.075000 1.200000 0.026000 0.031000
1496368139314250494	1400 51 1.200000 0.104000 0.132000 1400 44 1.000000 1.586000 1.684000 600 47 0.900000 0.076000 0.075000 1.200000 0.028000 0.034000
1496368139823250505	1400 51 1.200000 0.106000 0.134000 1400 44 1.000000 1.562000 1.658000 600 47 0.900000 0.077000 0.076000 1.200000 0.022000 0.026000
1496368140332346973	1400 51 1.200000 0.104000 0.132000 1400 44 1.000000 1.582000 1.680000 600 47 0.900000 0.076000 0.075000 1.200000 0.027000 0.032000
1496368140841333942	1400 51 1.200000 0.104000 0.132000 1400 44 1.000000 1.511000 1.604000 600 47 0.900000 0.076000 0.075000 1.200000 0.024000 0.029000
1496368141350296286	1400 51 1.200000 0.109000 0.138000 1400 44 1.000000 1.531000 1.625000 600 47 0.900000 0.077000 0.076000 1.200000 0.023000 0.027000
1496368141859307713	1400 50 1.200000 0.108000 0.137000 1400 44 1.000000 1.510000 1.603000 600 47 0.900000 0.077000 0.076000 1.200000 0.024000 0.029000
1496368142368209140	1400 51 1.200000 0.111000 0.141000 1400 44 1.000000 1.510000 1.603000 600 47 0.900000 0.076000 0.075000 1.200000 0.022000 0.026000
1496368142877133567	1400 51 1.200000 0.104000 0.132000 1400 44 1.000000 1.515000 1.608000 600 47 0.900000 0.076000 0.075000 1.200000 0.022000 0.026000
1496368143386195869	1400 51 1.200000 0.104000 0.132000 1400 44 1.000000 1.517000 1.611000 600 47 0.900000 0.076000 0.075000 1.200000 0.022000 0.026000
1496368143895145879	1400 51 1.200000 0.106000 0.134000 1400 44 1.000000 1.505000 1.596000 600 47 0.900000 0.076000 0.075000 1.200000 0.023000 0.027000
1496368144404327056	1400 51 1.200000 0.105000 0.133000 1400 44 1.000000 1.506000 1.599000 600 47 0.900000 0.076000 0.075000 1.200000 0.025000 0.030000
1496368144913517900	1400 51 1.200000 0.108000 0.137000 1400 44 1.000000 1.474000 1.565000 600 47 0.900000 0.076000 0.075000 1.200000 0.025000 0.030000
1496368145424700240	1400 50 1.200000 0.110000 0.140000 1400 43 1.000000 1.468000 1.557000 600 47 0.900000 0.076000 0.075000 1.200000 0.022000 0.026000
1496368145934699416	1400 51 1.200000 0.142000 0.180000 1400 44 1.000000 1.471000 1.562000 600 47 0.900000 0.076000 0.075000 1.200000 0.040000 0.048000
1496368146443853759	1400 51 1.200000 0.107000 0.136000 1400 44 1.000000 1.477000 1.568000 600 47 0.900000 0.076000 0.075000 1.200000 0.020000 0.024000
1496368146953029478	1400 50 1.200000 0.105000 0.133000 1400 44 1.000000 1.482000 1.573000 600 47 0.900000 0.077000 0.076000 1.200000 0.021000 0.025000
1496368147462653237	1400 45 1.200000 0.107000 0.136000 1400 43 1.000000 1.447000 1.535000 600 46 0.900000 0.076000 0.075000 1.200000 0.028000 0.034000
1496368147972099372	1400 44 1.200000 0.101000 0.128000 1400 42 1.000000 0.766000 0.810000 600 45 0.900000 0.076000 0.075000 1.200000 0.018000 0.021000
1496368148482137673	1400 47 1.200000 0.101000 0.128000 1400 42 1.000000 0.765000 0.809000 600 45 0.900000 0.075000 0.074000 1.200000 0.018000 0.021000
1496368148992824472	1400 47 1.200000 0.137000 0.173000 1400 42 1.000000 0.938000 0.994000 600 45 0.900000 0.075000 0.074000 1.200000 0.068000 0.082000
1496368149503305356	1400 45 1.200000 0.172000 0.217000 1400 41 1.000000 0.696000 0.737000 600 44 0.900000 0.075000 0.074000 1.200000 0.056000 0.068000
1496368150013736906	1400 45 1.200000 0.116000 0.147000 1400 41 1.000000 0.823000 0.870000 600 44 0.900000 0.074000 0.073000 1.200000 0.029000 0.035000
1496368150523928373	1400 45 1.200000 0.110000 0.140000 1400 41 1.000000 0.831000 0.879000 600 44 0.900000 0.074000 0.073000 1.200000 0.019000 0.023000
1496368151033430424	1400 48 1.200000 0.111000 0.141000 1400 41 1.000000 0.827000 0.874000 600 44 0.900000 0.074000 0.073000 1.200000 0.020000 0.024000
1496368151542700351	1400 48 1.200000 0.107000 0.136000 1400 41 1.000000 0.917000 0.970000 600 43 0.900000 0.074000 0.073000 1.200000 0.040000 0.048000
1496368152052136402	1400 47 1.200000 0.101000 0.128000 1400 41 1.000000 0.931000 0.986000 600 43 0.900000 0.074000 0.073000 1.200000 0.051000 0.062000
1496368152561464746	1400 46 1.200000 0.102000 0.130000 1400 41 1.000000 0.817000 0.864000 600 43 0.900000 0.074000 0.073000 1.200000 0.040000 0.048000
1496368153070551839	1400 47 1.200000 0.101000 0.128000 1400 41 1.000000 0.738000 0.780000 600 43 0.900000 0.074000 0.073000 1.200000 0.043000 0.052000
1496368153579707349	1400 46 1.200000 0.099000 0.126000 1400 41 1.000000 0.763000 0.806000 600 43 0.900000 0.074000 0.073000 1.200000 0.043000 0.052000
1496368154088976901	1400 46 1.200000 0.099000 0.126000 1400 41 1.000000 0.779000 0.824000 600 43 0.900000 0.074000 0.073000 1.200000 0.048000 0.058000
1496368154598204786	1400 46 1.200000 0.107000 0.136000 1400 41 1.000000 0.802000 0.848000 600 43 0.900000 0.074000 0.073000 1.200000 0.054000 0.065000
1496368155107456046	1400 45 1.200000 0.105000 0.133000 1400 41 1.000000 0.744000 0.786000 600 43 0.900000 0.074000 0.073000 1.200000 0.039000 0.047000
1496368155617291972	1400 46 1.200000 0.101000 0.128000 1400 41 1.000000 0.742000 0.785000 600 42 0.900000 0.074000 0.073000 1.200000 0.036000 0.043000
1496368156126651940	1400 45 1.200000 0.100000 0.127000 1400 40 1.000000 0.748000 0.791000 600 42 0.900000 0.074000 0.073000 1.200000 0.036000 0.043000
1496368156635721034	1400 46 1.200000 0.103000 0.131000 1400 41 1.000000 0.749000 0.792000 600 43 0.900000 0.074000 0.073000 1.200000 0.040000 0.048000
1496368157145064252	1400 47 1.200000 0.104000 0.132000 1400 41 1.000000 0.764000 0.808000 600 42 0.900000 0.073000 0.072000 1.200000 0.047000 0.057000
1496368157654227596	1400 48 1.200000 0.107000 0.136000 1400 41 1.000000 0.908000 0.960000 600 43 0.900000 0.074000 0.073000 1.200000 0.026000 0.031000
1496368158163333064	1400 47 1.200000 0.106000 0.134000 1400 41 1.000000 1.197000 1.268000 600 43 0.900000 0.074000 0.073000 1.200000 0.023000 0.027000
1496368158672569366	1400 47 1.200000 0.104000 0.132000 1400 41 1.000000 0.828000 0.876000 600 43 0.900000 0.074000 0.073000 1.200000 0.041000 0.049000
1496368159181773834	1400 48 1.200000 0.102000 0.129000 1400 41 1.000000 1.322000 1.402000 600 44 0.900000 0.074000 0.073000 1.200000 0.056000 0.068000
1496368159691059469	1400 49 1.200000 0.102000 0.129000 1400 42 1.000000 1.547000 1.642000 600 44 0.900000 0.074000 0.073000 1.200000 0.054000 0.065000
1496368160200261688	1400 49 1.200000 0.108000 0.137000 1400 42 1.000000 1.128000 1.195000 600 45 0.900000 0.074000 0.073000 1.200000 0.050000 0.060000
1496368160709493073	1400 49 1.200000 0.102000 0.129000 1400 42 1.000000 1.499000 1.590000 600 45 0.900000 0.074000 0.073000 1.200000 0.052000 0.063000
1496368161218816166	1400 49 1.200000 0.102000 0.129000 1400 42 1.000000 1.502000 1.593000 600 45 0.900000 0.075000 0.074000 1.200000 0.052000 0.063000
1496368161728090843	1400 48 1.200000 0.106000 0.134000 1400 42 1.000000 1.335000 1.416000 600 45 0.900000 0.075000 0.074000 1.200000 0.153000 0.187000
1496368162237710769	1400 49 1.200000 0.109000 0.138000 1400 43 1.000000 1.360000 1.442000 600 46 0.900000 0.075000 0.074000 1.200000 0.164000 0.200000
1496368162747081695	1400 49 1.200000 0.111000 0.141000 1400 43 1.000000 1.354000 1.436000 600 46 0.900000 0.075000 0.074000 1.200000 0.163000 0.199000
1496368163256636955	1400 49 1.200000 0.108000 0.137000 1400 43 1.000000 1.355000 1.437000 600 46 0.900000 0.076000 0.075000 1.200000 0.161000 0.196000
1496368163766355589	1400 49 1.200000 0.116000 0.147000 1400 43 1.000000 1.355000 1.437000 600 46 0.900000 0.076000 0.075000 1.200000 0.163000 0.199000
1496368164275753932	1400 49 1.200000 0.118000 0.150000 1400 43 1.000000 1.359000 1.441000 600 46 0.900000 0.076000 0.075000 1.200000 0.164000 0.200000
1496368164785188942	1400 49 1.200000 0.114000 0.145000 1400 43 1.000000 1.361000 1.444000 600 46 0.900000 0.076000 0.075000 1.200000 0.163000 0.199000
1496368165294682077	1400 49 1.200000 0.111000 0.141000 1400 43 1.000000 1.364000 1.447000 600 46 0.900000 0.076000 0.075000 1.200000 0.163000 0.199000
1496368165804004753	1400 49 1.200000 0.111000 0.141000 1400 44 1.000000 1.357000 1.439000 600 46 0.900000 0.076000 0.075000 1.200000 0.165000 0.201000
1496368166313498346	1400 50 1.200000 0.114000 0.145000 1400 43 1.000000 1.351000 1.433000 600 46 0.900000 0.076000 0.075000 1.200000 0.164000 0.200000
1496368166822807981	1400 50 1.200000 0.116000 0.147000 1400 44 1.000000 1.408000 1.493000 600 47 0.900000 0.076000 0.075000 1.200000 0.163000 0.199000
1496368167331995367	1400 51 1.200000 0.112000 0.142000 1400 43 1.000000 1.501000 1.592000 600 47 0.900000 0.076000 0.075000 1.200000 0.052000 0.063000
1496368167841312418	1400 50 1.200000 0.111000 0.141000 1400 43 1.000000 1.511000 1.604000 600 46 0.900000 0.076000 0.075000 1.200000 0.051000 0.062000
1496368168350707803	1400 50 1.200000 0.108000 0.137000 1400 43 1.000000 1.200000 1.272000 600 45 0.900000 0.076000 0.075000 1.200000 0.053000 0.064000
1496368168860404854	1400 45 1.200000 0.111000 0.141000 1400 42 1.000000 0.922000 0.975000 600 45 0.900000 0.076000 0.075000 1.200000 0.047000 0.057000
1496368169370606904	1400 46 1.200000 0.182000 0.229000 1400 42 1.000000 0.521000 0.554000 600 44 0.900000 0.075000 0.074000 1.200000 0.051000 0.062000
1496368169880937080	1400 45 1.200000 0.106000 0.134000 1400 41 1.000000 0.826000 0.873000 600 44 0.900000 0.075000 0.074000 1.200000 0.017000 0.020000
1496368170391140630	1400 45 1.200000 0.106000 0.134000 1400 41 1.000000 0.810000 0.856000 600 44 0.900000 0.074000 0.073000 1.200000 0.018000 0.021000
1496368170900920431	1400 45 1.200000 0.103000 0.131000 1400 41 1.000000 0.826000 0.873000 600 44 0.900000 0.074000 0.073000 1.200000 0.018000 0.021000
1496368171409964608	1400 43 1.200000 0.105000 0.133000 1400 40 1.000000 0.805000 0.851000 600 43 0.900000 0.074000 0.073000 1.200000 0.024000 0.029000
1496368171919222326	1400 42 1.200000 0.101000 0.128000 1400 40 1.000000 0.668000 0.706000 600 43 0.900000 0.074000 0.073000 1.200000 0.014000 0.017000
1496368172428303670	1400 42 1.200000 0.101000 0.128000 1400 40 1.000000 0.666000 0.704000 600 43 0.900000 0.073000 0.072000 1.200000 0.015000 0.018000
1496368172937516805	1400 42 1.200000 0.104000 0.132000 1400 40 1.000000 0.662000 0.699000 600 43 0.900000 0.073000 0.072000 1.200000 0.015000 0.018000
1496368173446688065	1400 42 1.200000 0.106000 0.134000 1400 40 1.000000 0.663000 0.700000 600 43 0.900000 0.073000 0.072000 1.200000 0.015000 0.018000
1496368173955824117	1400 42 1.200000 0.099000 0.126000 1400 40 1.000000 0.662000 0.699000 600 42 0.900000 0.073000 0.072000 1.200000 0.013000 0.015000
1496368174465002044	1400 42 1.200000 0.097000 0.123000 1400 39 1.000000 0.662000 0.699000 600 42 0.900000 0.073000 0.072000 1.200000 0.013000 0.015000
1496368174974179929	1400 41 1.200000 0.096000 0.122000 1400 39 1.000000 0.662000 0.699000 600 42 0.900000 0.073000 0.072000 1.200000 0.013000 0.015000
1496368175483222106	1400 41 1.200000 0.099000 0.126000 1400 39 1.000000 0.660000 0.697000 600 42 0.900000 0.072000 0.071000 1.200000 0.013000 0.015000
1496368175992459449	1400 41 1.200000 0.097000 0.123000 1400 39 1.000000 0.662000 0.699000 600 42 0.900000 0.072000 0.071000 1.200000 0.013000 0.015000
1496368176501591626	1400 41 1.200000 0.096000 0.122000 1400 39 1.000000 0.661000 0.698000 600 42 0.900000 0.072000 0.071000 1.200000 0.015000 0.018000
1496368177010696136	1400 41 1.200000 0.106000 0.134000 1400 39 1.000000 0.661000 0.698000 600 42 0.900000 0.072000 0.071000 1.200000 0.015000 0.018000
1496368177519939146	1400 41 1.200000 0.102000 0.129000 1400 39 1.000000 0.661000 0.698000 600 42 0.900000 0.072000 0.071000 1.200000 0.015000 0.018000
1496368178029203906	1400 41 1.200000 0.100000 0.127000 1400 39 1.000000 0.661000 0.698000 600 42 0.900000 0.072000 0.071000 1.200000 0.013000 0.015000
1496368178538319958	1400 41 1.200000 0.097000 0.123000 1400 39 1.000000 0.660000 0.697000 600 42 0.900000 0.072000 0.071000 1.200000 0.013000 0.015000
1496368179047677218	1400 41 1.200000 0.100000 0.127000 1400 39 1.000000 0.661000 0.698000 600 42 0.900000 0.072000 0.071000 1.200000 0.014000 0.017000
1496368179556922061	1400 45 1.200000 0.102000 0.129000 1400 39 1.000000 0.661000 0.698000 600 42 0.900000 0.072000 0.071000 1.200000 0.014000 0.017000
1496368180066329238	1400 48 1.200000 0.103000 0.131000 1400 40 1.000000 1.197000 1.268000 600 43 0.900000 0.072000 0.071000 1.200000 0.037000 0.044000
1496368180576211164	1400 45 1.200000 0.106000 0.134000 1400 40 1.000000 1.314000 1.394000 600 43 0.900000 0.073000 0.072000 1.200000 0.056000 0.068000
1496368181085498215	1400 48 1.200000 0.107000 0.136000 1400 41 1.000000 1.178000 1.248000 600 44 0.900000 0.073000 0.072000 1.200000 0.086000 0.104000
1496368181594663725	1400 49 1.200000 0.102000 0.129000 1400 41 1.000000 1.607000 1.706000 600 44 0.900000 0.073000 0.072000 1.200000 0.006000 0.007000
1496368182103792569	1400 49 1.200000 0.100000 0.127000 1400 42 1.000000 1.610000 1.709000 600 45 0.900000 0.074000 0.073000 1.200000 0.004000 0.004000
1496368182612933496	1400 50 1.200000 0.104000 0.132000 1400 42 1.000000 1.605000 1.704000 600 45 0.900000 0.074000 0.073000 1.200000 0.007000 0.008000
1496368183122049798	1400 50 1.200000 0.103000 0.131000 1400 42 1.000000 1.619000 1.719000 600 45 0.900000 0.074000 0.073000 1.200000 0.003000 0.003000
1496368183631345891	1400 50 1.200000 0.101000 0.128000 1400 42 1.000000 1.614000 1.714000 600 45 0.900000 0.075000 0.074000 1.200000 0.003000 0.003000
1496368184140462026	1400 50 1.200000 0.101000 0.128000 1400 42 1.000000 1.616000 1.716000 600 45 0.900000 0.074000 0.073000 1.200000 0.004000 0.004000
1496368184649801578	1400 50 1.200000 0.101000 0.128000 1400 42 1.000000 1.616000 1.716000 600 45 0.900000 0.075000 0.074000 1.200000 0.003000 0.003000
1496368185158871088	1400 50 1.200000 0.102000 0.129000 1400 43 1.000000 1.610000 1.709000 600 45 0.900000 0.075000 0.074000 1.200000 0.003000 0.003000
1496368185668501889	1400 50 1.200000 0.104000 0.132000 1400 43 1.000000 1.613000 1.713000 600 45 0.900000 0.075000 0.074000 1.200000 0.005000 0.006000
1496368186177650899	1400 51 1.200000 0.107000 0.136000 1400 43 1.000000 1.610000 1.709000 600 46 0.900000 0.075000 0.074000 1.200000 0.004000 0.004000
1496368186686837368	1400 50 1.200000 0.110000 0.140000 1400 43 1.000000 1.610000 1.709000 600 46 0.900000 0.075000 0.074000 1.200000 0.006000 0.007000
1496368187196066128	1400 51 1.200000 0.103000 0.131000 1400 43 1.000000 1.622000 1.722000 600 46 0.900000 0.075000 0.074000 1.200000 0.004000 0.004000
1496368187705165596	1400 51 1.200000 0.101000 0.128000 1400 43 1.000000 1.606000 1.705000 600 46 0.900000 0.075000 0.074000 1.200000 0.008000 0.009000
1496368188214407648	1400 51 1.200000 0.105000 0.133000 1400 43 1.000000 1.607000 1.706000 600 46 0.900000 0.075000 0.074000 1.200000 0.006000 0.007000
1496368188723785575	1400 50 1.200000 0.104000 0.132000 1400 43 1.000000 1.608000 1.707000 600 46 0.900000 0.075000 0.074000 1.200000 0.008000 0.009000
1496368189233003876	1400 49 1.200000 0.107000 0.136000 1400 43 1.000000 1.451000 1.539000 600 46 0.900000 0.075000 0.074000 1.200000 0.045000 0.054000
1496368189742178636	1400 49 1.200000 0.108000 0.137000 1400 43 1.000000 1.480000 1.570000 600 46 0.900000 0.075000 0.074000 1.200000 0.033000 0.040000
1496368190251348313	1400 50 1.200000 0.111000 0.141000 1400 43 1.000000 1.426000 1.512000 600 46 0.900000 0.076000 0.075000 1.200000 0.056000 0.068000
1496368190761404197	1400 47 1.200000 0.111000 0.141000 1400 42 1.000000 1.425000 1.511000 600 45 0.900000 0.075000 0.074000 1.200000 0.058000 0.070000
1496368191271686039	1400 46 1.200000 0.110000 0.140000 1400 42 1.000000 0.821000 0.868000 600 44 0.900000 0.075000 0.074000 1.200000 0.020000 0.024000
1496368191781703590	1400 45 1.200000 0.105000 0.133000 1400 41 1.000000 0.815000 0.862000 600 44 0.900000 0.074000 0.073000 1.200000 0.017000 0.020000
1496368192292002932	1400 45 1.200000 0.104000 0.132000 1400 41 1.000000 0.820000 0.867000 600 44 0.900000 0.074000 0.073000 1.200000 0.018000 0.021000
1496368192801627191	1400 48 1.200000 0.104000 0.132000 1400 41 1.000000 1.089000 1.154000 600 44 0.900000 0.074000 0.073000 1.200000 0.069000 0.083000
1496368193311107659	1400 49 1.200000 0.116000 0.147000 1400 42 1.000000 1.550000 1.646000 600 45 0.900000 0.074000 0.073000 1.200000 0.200000 0.244000
1496368193820390919	1400 50 1.200000 0.116000 0.147000 1400 43 1.000000 1.562000 1.658000 600 46 0.900000 0.075000 0.074000 1.200000 0.201000 0.245000
1496368194329763346	1400 50 1.200000 0.116000 0.147000 1400 43 1.000000 1.563000 1.659000 600 46 0.900000 0.075000 0.074000 1.200000 0.201000 0.245000
1496368194839081439	1400 50 1.200000 0.116000 0.147000 1400 43 1.000000 1.565000 1.662000 600 46 0.900000 0.075000 0.074000 1.200000 0.202000 0.246000
1496368195348370116	1400 50 1.200000 0.117000 0.148000 1400 44 1.000000 1.567000 1.664000 600 47 0.900000 0.076000 0.075000 1.200000 0.202000 0.246000
1496368195857688542	1400 51 1.200000 0.120000 0.152000 1400 44 1.000000 1.568000 1.665000 600 47 0.900000 0.076000 0.075000 1.200000 0.201000 0.245000
1496368196367017760	1400 51 1.200000 0.116000 0.147000 1400 44 1.000000 1.571000 1.668000 600 47 0.900000 0.076000 0.075000 1.200000 0.199000 0.243000
1496368196876535812	1400 51 1.200000 0.115000 0.146000 1400 44 1.000000 1.568000 1.665000 600 47 0.900000 0.076000 0.075000 1.200000 0.200000 0.244000
1496368197385956363	1400 51 1.200000 0.114000 0.145000 1400 44 1.000000 1.567000 1.664000 600 47 0.900000 0.077000 0.076000 1.200000 0.200000 0.244000
1496368197895268332	1400 51 1.200000 0.114000 0.145000 1400 44 1.000000 1.566000 1.663000 600 47 0.900000 0.077000 0.076000 1.200000 0.201000 0.245000
1496368198404672883	1400 51 1.200000 0.116000 0.147000 1400 44 1.000000 1.564000 1.660000 600 47 0.900000 0.077000 0.076000 1.200000 0.201000 0.245000
1496368198914192851	1400 51 1.200000 0.116000 0.147000 1400 44 1.000000 1.563000 1.659000 600 48 0.900000 0.077000 0.076000 1.200000 0.201000 0.245000
1496368199423738861	1400 52 1.200000 0.123000 0.156000 1400 44 1.000000 1.559000 1.655000 600 48 0.900000 0.077000 0.076000 1.200000 0.201000 0.245000
1496368199933089079	1400 52 1.200000 0.120000 0.152000 1400 45 1.000000 1.560000 1.656000 600 48 0.900000 0.077000 0.076000 1.200000 0.201000 0.245000
1496368200442840005	1400 52 1.200000 0.118000 0.150000 1400 45 1.000000 1.559000 1.655000 600 48 0.900000 0.077000 0.076000 1.200000 0.201000 0.245000
1496368200952273515	1400 52 1.200000 0.116000 0.147000 1400 45 1.000000 1.560000 1.656000 600 48 0.900000 0.077000 0.076000 1.200000 0.201000 0.245000
1496368201461652983	1400 52 1.200000 0.119000 0.151000 1400 45 1.000000 1.560000 1.656000 600 48 0.900000 0.077000 0.076000 1.200000 0.201000 0.245000
1496368201971059993	1400 52 1.200000 0.123000 0.156000 1400 45 1.000000 1.560000 1.656000 600 48 0.900000 0.077000 0.076000 1.200000 0.201000 0.245000
1496368202481094710	1400 50 1.200000 0.123000 0.156000 1400 45 1.000000 1.560000 1.656000 600 48 0.900000 0.077000 0.076000 1.200000 0.201000 0.245000
1496368202991286760	1400 48 1.200000 0.186000 0.234000 1400 43 1.000000 0.575000 0.612000 600 46 0.900000 0.077000 0.076000 1.200000 0.075000 0.091000
1496368203501624060	1400 47 1.200000 0.110000 0.140000 1400 43 1.000000 0.828000 0.876000 600 45 0.900000 0.076000 0.075000 1.200000 0.019000 0.023000
1496368204011980569	1400 46 1.200000 0.110000 0.140000 1400 42 1.000000 0.814000 0.861000 600 45 0.900000 0.076000 0.075000 1.200000 0.019000 0.023000
1496368204521662870	1400 45 1.200000 0.111000 0.141000 1400 42 1.000000 0.828000 0.876000 600 45 0.900000 0.075000 0.074000 1.200000 0.018000 0.021000
1496368205031295255	1400 47 1.200000 0.101000 0.128000 1400 42 1.000000 0.989000 1.046000 600 45 0.900000 0.074000 0.073000 1.200000 0.067000 0.081000
1496368205540530723	1400 50 1.200000 0.102000 0.129000 1400 43 1.000000 1.555000 1.651000 600 45 0.900000 0.075000 0.074000 1.200000 0.027000 0.032000
1496368206049800775	1400 50 1.200000 0.103000 0.131000 1400 43 1.000000 1.563000 1.659000 600 46 0.900000 0.075000 0.074000 1.200000 0.024000 0.029000
1496368206558941701	1400 50 1.200000 0.102000 0.129000 1400 43 1.000000 1.563000 1.659000 600 46 0.900000 0.075000 0.074000 1.200000 0.024000 0.029000
1496368207068098212	1400 50 1.200000 0.103000 0.131000 1400 43 1.000000 1.565000 1.662000 600 46 0.900000 0.075000 0.074000 1.200000 0.024000 0.029000
1496368207577482221	1400 50 1.200000 0.101000 0.128000 1400 43 1.000000 1.564000 1.660000 600 46 0.900000 0.075000 0.074000 1.200000 0.024000 0.029000
1496368208086791523	1400 50 1.200000 0.110000 0.140000 1400 43 1.000000 1.567000 1.664000 600 46 0.900000 0.076000 0.075000 1.200000 0.025000 0.030000
1496368208596086908	1400 50 1.200000 0.109000 0.138000 1400 43 1.000000 1.564000 1.660000 600 46 0.900000 0.076000 0.075000 1.200000 0.025000 0.030000
1496368209105255876	1400 50 1.200000 0.108000 0.137000 1400 43 1.000000 1.562000 1.658000 600 46 0.900000 0.076000 0.075000 1.200000 0.026000 0.031000
1496368209614586720	1400 50 1.200000 0.104000 0.132000 1400 43 1.000000 1.554000 1.650000 600 46 0.900000 0.076000 0.075000 1.200000 0.029000 0.035000
1496368210123931605	1400 48 1.200000 0.103000 0.131000 1400 43 1.000000 1.553000 1.649000 600 46 0.900000 0.076000 0.075000 1.200000 0.029000 0.035000
1496368210633136531	1400 50 1.200000 0.107000 0.136000 1400 43 1.000000 1.226000 1.300000 600 46 0.900000 0.076000 0.075000 1.200000 0.077000 0.093000
1496368211142437750	1400 50 1.200000 0.108000 0.137000 1400 43 1.000000 1.557000 1.653000 600 46 0.900000 0.076000 0.075000 1.200000 0.026000 0.031000
1496368211651654635	1400 50 1.200000 0.111000 0.141000 1400 43 1.000000 1.564000 1.660000 600 46 0.900000 0.075000 0.074000 1.200000 0.024000 0.029000
1496368212161010520	1400 50 1.200000 0.109000 0.138000 1400 43 1.000000 1.565000 1.662000 600 46 0.900000 0.076000 0.075000 1.200000 0.025000 0.030000
1496368212670145530	1400 50 1.200000 0.105000 0.133000 1400 43 1.000000 1.563000 1.659000 600 46 0.900000 0.076000 0.075000 1.200000 0.025000 0.030000
1496368213179302582	1400 50 1.200000 0.103000 0.131000 1400 43 1.000000 1.563000 1.659000 600 46 0.900000 0.076000 0.075000 1.200000 0.024000 0.029000
1496368213688414800	1400 50 1.200000 0.105000 0.133000 1400 43 1.000000 1.564000 1.660000 600 46 0.900000 0.076000 0.075000 1.200000 0.024000 0.029000
1496368214197884976	1400 51 1.200000 0.104000 0.132000 1400 43 1.000000 1.555000 1.651000 600 47 0.900000 0.076000 0.075000 1.200000 0.026000 0.031000
1496368214707101195	1400 50 1.200000 0.102000 0.129000 1400 43 1.000000 1.557000 1.653000 600 46 0.900000 0.076000 0.075000 1.200000 0.026000 0.031000
1496368215216744204	1400 47 1.200000 0.111000 0.141000 1400 43 1.000000 1.551000 1.647000 600 46 0.900000 0.076000 0.075000 1.200000 0.028000 0.034000
1496368215725973881	1400 50 1.200000 0.109000 0.138000 1400 43 1.000000 1.093000 1.158000 600 46 0.900000 0.076000 0.075000 1.200000 0.048000 0.058000
1496368216235089141	1400 50 1.200000 0.103000 0.131000 1400 43 1.000000 1.556000 1.652000 600 46 0.900000 0.076000 0.075000 1.200000 0.027000 0.032000
1496368216744288985	1400 50 1.200000 0.105000 0.133000 1400 43 1.000000 1.561000 1.657000 600 46 0.900000 0.076000 0.075000 1.200000 0.025000 0.030000
1496368217253390037	1400 51 1.200000 0.108000 0.137000 1400 43 1.000000 1.562000 1.658000 600 46 0.900000 0.076000 0.075000 1.200000 0.025000 0.030000
1496368217762521588	1400 51 1.200000 0.108000 0.137000 1400 43 1.000000 1.563000 1.659000 600 46 0.900000 0.076000 0.075000 1.200000 0.024000 0.029000
1496368218271815598	1400 50 1.200000 0.104000 0.132000 1400 43 1.000000 1.562000 1.658000 600 46 0.900000 0.076000 0.075000 1.200000 0.023000 0.027000
1496368218782656648	1400 50 1.200000 0.103000 0.131000 1400 43 1.000000 1.562000 1.658000 600 46 0.900000 0.076000 0.075000 1.200000 0.024000 0.029000
1496368219291890908	1400 50 1.200000 0.104000 0.132000 1400 43 1.000000 1.561000 1.657000 600 46 0.900000 0.076000 0.075000 1.200000 0.026000 0.031000
1496368219801173335	1400 51 1.200000 0.103000 0.131000 1400 43 1.000000 1.552000 1.648000 600 46 0.900000 0.076000 0.075000 1.200000 0.028000 0.034000
1496368220310421678	1400 50 1.200000 0.102000 0.129000 1400 43 1.000000 1.550000 1.646000 600 46 0.900000 0.076000 0.075000 1.200000 0.028000 0.034000
1496368220819680646	1400 50 1.200000 0.105000 0.133000 1400 43 1.000000 1.026000 1.087000 600 46 0.900000 0.076000 0.075000 1.200000 0.046000 0.055000
1496368221328804823	1400 50 1.200000 0.110000 0.140000 1400 43 1.000000 1.556000 1.652000 600 46 0.900000 0.076000 0.075000 1.200000 0.027000 0.032000
1496368221838078500	1400 51 1.200000 0.109000 0.138000 1400 43 1.000000 1.563000 1.659000 600 46 0.900000 0.076000 0.075000 1.200000 0.023000 0.027000
1496368222347308677	1400 50 1.200000 0.103000 0.131000 1400 43 1.000000 1.563000 1.659000 600 46 0.900000 0.076000 0.075000 1.200000 0.024000 0.029000
1496368222856533020	1400 50 1.200000 0.106000 0.134000 1400 43 1.000000 1.565000 1.662000 600 47 0.900000 0.076000 0.075000 1.200000 0.024000 0.029000
1496368223365613780	1400 51 1.200000 0.104000 0.132000 1400 43 1.000000 1.562000 1.658000 600 47 0.900000 0.076000 0.075000 1.200000 0.024000 0.029000
1496368223875035957	1400 50 1.200000 0.106000 0.134000 1400 43 1.000000 1.563000 1.659000 600 47 0.900000 0.076000 0.075000 1.200000 0.025000 0.030000
1496368224384340675	1400 50 1.200000 0.111000 0.141000 1400 43 1.000000 1.565000 1.662000 600 46 0.900000 0.076000 0.075000 1.200000 0.025000 0.030000
1496368224893402935	1400 51 1.200000 0.111000 0.141000 1400 43 1.000000 1.555000 1.651000 600 46 0.900000 0.076000 0.075000 1.200000 0.028000 0.034000
1496368225402629737	1400 51 1.200000 0.108000 0.137000 1400 43 1.000000 1.552000 1.648000 600 47 0.900000 0.076000 0.075000 1.200000 0.028000 0.034000
1496368225912527204	1400 46 1.200000 0.106000 0.134000 1400 43 1.000000 1.038000 1.100000 600 46 0.900000 0.076000 0.075000 1.200000 0.036000 0.043000
1496368226422710921	1400 46 1.200000 0.137000 0.173000 1400 42 1.000000 0.822000 0.869000 600 45 0.900000 0.075000 0.074000 1.200000 0.023000 0.027000
1496368226933457054	1400 46 1.200000 0.110000 0.140000 1400 42 1.000000 0.832000 0.880000 600 44 0.900000 0.075000 0.074000 1.200000 0.018000 0.021000
1496368227443412522	1400 45 1.200000 0.105000 0.133000 1400 41 1.000000 0.816000 0.863000 600 44 0.900000 0.075000 0.074000 1.200000 0.018000 0.021000
1496368227952990573	1400 43 1.200000 0.104000 0.132000 1400 41 1.000000 0.831000 0.879000 600 44 0.900000 0.074000 0.073000 1.200000 0.029000 0.035000
1496368228463084374	1400 45 1.200000 0.099000 0.126000 1400 41 1.000000 0.763000 0.807000 600 44 0.900000 0.074000 0.073000 1.200000 0.032000 0.038000
1496368228972916341	1400 43 1.200000 0.104000 0.132000 1400 41 1.000000 1.208000 1.280000 600 44 0.900000 0.074000 0.073000 1.200000 0.055000 0.066000
1496368229482094726	1400 47 1.200000 0.102000 0.130000 1400 41 1.000000 0.801000 0.847000 600 44 0.900000 0.074000 0.073000 1.200000 0.070000 0.085000
1496368229991747944	1400 48 1.200000 0.107000 0.136000 1400 42 1.000000 1.144000 1.212000 600 44 0.900000 0.074000 0.073000 1.200000 0.035000 0.042000
1496368230501029537	1400 49 1.200000 0.109000 0.138000 1400 42 1.000000 1.400000 1.485000 600 45 0.900000 0.074000 0.073000 1.200000 0.031000 0.037000
1496368231010269547	1400 49 1.200000 0.107000 0.136000 1400 42 1.000000 1.420000 1.506000 600 45 0.900000 0.074000 0.073000 1.200000 0.030000 0.036000
1496368231519413641	1400 50 1.200000 0.100000 0.127000 1400 42 1.000000 1.406000 1.491000 600 45 0.900000 0.074000 0.073000 1.200000 0.031000 0.037000
1496368232028610609	1400 48 1.200000 0.104000 0.132000 1400 42 1.000000 1.583000 1.681000 600 45 0.900000 0.075000 0.074000 1.200000 0.024000 0.029000
1496368232537810286	1400 49 1.200000 0.107000 0.136000 1400 42 1.000000 1.339000 1.420000 600 45 0.900000 0.075000 0.074000 1.200000 0.096000 0.117000
1496368233047072296	1400 49 1.200000 0.106000 0.134000 1400 42 1.000000 1.408000 1.493000 600 45 0.900000 0.075000 0.074000 1.200000 0.031000 0.037000
1496368233556278848	1400 49 1.200000 0.109000 0.138000 1400 42 1.000000 1.437000 1.524000 600 45 0.900000 0.075000 0.074000 1.200000 0.029000 0.035000
1496368234065396775	1400 50 1.200000 0.109000 0.138000 1400 43 1.000000 1.412000 1.498000 600 45 0.900000 0.075000 0.074000 1.200000 0.030000 0.036000
1496368234574652451	1400 48 1.200000 0.108000 0.137000 1400 43 1.000000 1.517000 1.611000 600 45 0.900000 0.075000 0.074000 1.200000 0.023000 0.027000
1496368235083800462	1400 49 1.200000 0.109000 0.138000 1400 43 1.000000 1.382000 1.466000 600 45 0.900000 0.075000 0.074000 1.200000 0.075000 0.091000
1496368235593023513	1400 49 1.200000 0.102000 0.129000 1400 43 1.000000 1.411000 1.497000 600 45 0.900000 0.075000 0.074000 1.200000 0.030000 0.036000
1496368236102233898	1400 50 1.200000 0.102000 0.129000 1400 43 1.000000 1.413000 1.499000 600 45 0.900000 0.075000 0.074000 1.200000 0.030000 0.036000
1496368236611440033	1400 49 1.200000 0.105000 0.133000 1400 43 1.000000 1.417000 1.503000 600 45 0.900000 0.075000 0.074000 1.200000 0.030000 0.036000
1496368237120798668	1400 49 1.200000 0.109000 0.138000 1400 43 1.000000 1.410000 1.496000 600 46 0.900000 0.075000 0.074000 1.200000 0.028000 0.034000
1496368237630121470	1400 49 1.200000 0.112000 0.142000 1400 43 1.000000 1.462000 1.551000 600 46 0.900000 0.076000 0.075000 1.200000 0.119000 0.145000
1496368238139274980	1400 50 1.200000 0.107000 0.136000 1400 43 1.000000 1.390000 1.474000 600 46 0.900000 0.075000 0.074000 1.200000 0.031000 0.037000
1496368238648394532	1400 50 1.200000 0.104000 0.132000 1400 43 1.000000 1.427000 1.514000 600 46 0.900000 0.076000 0.075000 1.200000 0.030000 0.036000
1496368239157677500	1400 50 1.200000 0.102000 0.129000 1400 43 1.000000 1.425000 1.511000 600 45 0.900000 0.076000 0.075000 1.200000 0.031000 0.037000
1496368239667103343	1400 49 1.200000 0.107000 0.136000 1400 43 1.000000 1.404000 1.489000 600 46 0.900000 0.075000 0.074000 1.200000 0.026000 0.031000
1496368240176340895	1400 49 1.200000 0.111000 0.141000 1400 43 1.000000 1.314000 1.394000 600 46 0.900000 0.076000 0.075000 1.200000 0.119000 0.145000
1496368240685518530	1400 50 1.200000 0.102000 0.129000 1400 43 1.000000 1.391000 1.477000 600 46 0.900000 0.076000 0.075000 1.200000 0.030000 0.036000
1496368241194771999	1400 50 1.200000 0.102000 0.129000 1400 43 1.000000 1.415000 1.502000 600 46 0.900000 0.076000 0.075000 1.200000 0.030000 0.036000
1496368241704009842	1400 50 1.200000 0.102000 0.130000 1400 43 1.000000 1.412000 1.499000 600 46 0.900000 0.075000 0.074000 1.200000 0.032000 0.038000
1496368242213113602	1400 51 1.200000 0.104000 0.132000 1400 43 1.000000 1.456000 1.546000 600 46 0.900000 0.075000 0.074000 1.200000 0.030000 0.036000
1496368242722764070	1400 45 1.200000 0.104000 0.132000 1400 42 1.000000 1.135000 1.203000 600 45 0.900000 0.075000 0.074000 1.200000 0.052000 0.063000
1496368243233077995	1400 46 1.200000 0.105000 0.133000 1400 42 1.000000 0.827000 0.874000 600 44 0.900000 0.075000 0.074000 1.200000 0.036000 0.043000
1496368243743336379	1400 45 1.200000 0.114000 0.145000 1400 41 1.000000 0.826000 0.873000 600 44 0.900000 0.075000 0.074000 1.200000 0.017000 0.020000
1496368244253451346	1400 45 1.200000 0.110000 0.140000 1400 41 1.000000 0.834000 0.882000 600 44 0.900000 0.074000 0.073000 1.200000 0.017000 0.020000
1496368244763628188	1400 46 1.200000 0.106000 0.134000 1400 41 1.000000 0.826000 0.873000 600 43 0.900000 0.074000 0.073000 1.200000 0.018000 0.021000
1496368245273567614	1400 46 1.200000 0.106000 0.134000 1400 41 1.000000 0.813000 0.860000 600 43 0.900000 0.074000 0.073000 1.200000 0.052000 0.063000
1496368245783433415	1400 46 1.200000 0.108000 0.137000 1400 41 1.000000 0.790000 0.835000 600 43 0.900000 0.074000 0.073000 1.200000 0.049000 0.059000
1496368246293680798	1400 45 1.200000 0.110000 0.140000 1400 41 1.000000 0.803000 0.849000 600 43 0.900000 0.074000 0.073000 1.200000 0.052000 0.063000
1496368246802905725	1400 46 1.200000 0.109000 0.138000 1400 41 1.000000 0.774000 0.818000 600 43 0.900000 0.074000 0.073000 1.200000 0.134000 0.164000
1496368247311866819	1400 49 1.200000 0.104000 0.132000 1400 42 1.000000 1.144000 1.212000 600 44 0.900000 0.074000 0.073000 1.200000 0.013000 0.015000
1496368247820717121	1400 50 1.200000 0.104000 0.132000 1400 42 1.000000 1.678000 1.783000 600 45 0.900000 0.074000 0.073000 1.200000 0.006000 0.007000
1496368248329684840	1400 50 1.200000 0.104000 0.132000 1400 42 1.000000 1.676000 1.781000 600 45 0.900000 0.075000 0.074000 1.200000 0.006000 0.007000
1496368248839035558	1400 50 1.200000 0.104000 0.132000 1400 42 1.000000 1.660000 1.764000 600 46 0.900000 0.075000 0.074000 1.200000 0.006000 0.007000
1496368249348172985	1400 51 1.200000 0.103000 0.131000 1400 43 1.000000 1.653000 1.757000 600 46 0.900000 0.075000 0.074000 1.200000 0.007000 0.008000
1496368249857149787	1400 51 1.200000 0.103000 0.131000 1400 43 1.000000 1.656000 1.760000 600 46 0.900000 0.075000 0.074000 1.200000 0.008000 0.009000
1496368250366266047	1400 51 1.200000 0.102000 0.129000 1400 43 1.000000 1.650000 1.752000 600 46 0.900000 0.075000 0.074000 1.200000 0.008000 0.009000
1496368250875263266	1400 51 1.200000 0.101000 0.128000 1400 43 1.000000 1.648000 1.750000 600 46 0.900000 0.075000 0.074000 1.200000 0.008000 0.009000
1496368251384276193	1400 51 1.200000 0.102000 0.129000 1400 43 1.000000 1.639000 1.740000 600 46 0.900000 0.075000 0.074000 1.200000 0.007000 0.008000
1496368251893492578	1400 51 1.200000 0.105000 0.133000 1400 43 1.000000 1.637000 1.738000 600 46 0.900000 0.076000 0.075000 1.200000 0.008000 0.009000
1496368252402550463	1400 51 1.200000 0.107000 0.136000 1400 43 1.000000 1.616000 1.716000 600 46 0.900000 0.076000 0.075000 1.200000 0.009000 0.010000
1496368252911626390	1400 51 1.200000 0.110000 0.140000 1400 43 1.000000 1.601000 1.700000 600 46 0.900000 0.076000 0.075000 1.200000 0.010000 0.012000
1496368253420608317	1400 51 1.200000 0.111000 0.141000 1400 43 1.000000 1.634000 1.735000 600 46 0.900000 0.076000 0.075000 1.200000 0.011000 0.013000
1496368253929751786	1400 51 1.200000 0.103000 0.131000 1400 43 1.000000 1.616000 1.716000 600 46 0.900000 0.076000 0.075000 1.200000 0.012000 0.014000
1496368254438736338	1400 51 1.200000 0.102000 0.129000 1400 43 1.000000 1.624000 1.724000 600 46 0.900000 0.076000 0.075000 1.200000 0.011000 0.013000
1496368254947750890	1400 51 1.200000 0.105000 0.133000 1400 44 1.000000 1.650000 1.752000 600 46 0.900000 0.076000 0.075000 1.200000 0.010000 0.012000
1496368255456766525	1400 51 1.200000 0.105000 0.133000 1400 43 1.000000 1.638000 1.739000 600 47 0.900000 0.076000 0.075000 1.200000 0.009000 0.010000
1496368255965676536	1400 51 1.200000 0.107000 0.136000 1400 43 1.000000 1.618000 1.718000 600 46 0.900000 0.076000 0.075000 1.200000 0.010000 0.012000
1496368256474833962	1400 51 1.200000 0.107000 0.136000 1400 43 1.000000 1.617000 1.717000 600 46 0.900000 0.076000 0.075000 1.200000 0.010000 0.012000
1496368256983833389	1400 51 1.200000 0.110000 0.140000 1400 43 1.000000 1.594000 1.692000 600 46 0.900000 0.076000 0.075000 1.200000 0.010000 0.012000
1496368257492834858	1400 51 1.200000 0.109000 0.138000 1400 43 1.000000 1.616000 1.716000 600 46 0.900000 0.076000 0.075000 1.200000 0.011000 0.013000
1496368258001922118	1400 51 1.200000 0.105000 0.133000 1400 43 1.000000 1.606000 1.705000 600 46 0.900000 0.076000 0.075000 1.200000 0.011000 0.013000
1496368258510994629	1400 51 1.200000 0.102000 0.129000 1400 44 1.000000 1.627000 1.727000 600 47 0.900000 0.076000 0.075000 1.200000 0.011000 0.013000
1496368259020066014	1400 51 1.200000 0.105000 0.133000 1400 43 1.000000 1.607000 1.706000 600 46 0.900000 0.076000 0.075000 1.200000 0.012000 0.014000
1496368259529051649	1400 51 1.200000 0.107000 0.136000 1400 44 1.000000 1.619000 1.719000 600 46 0.900000 0.076000 0.075000 1.200000 0.012000 0.014000
1496368260038084910	1400 51 1.200000 0.109000 0.138000 1400 43 1.000000 1.602000 1.701000 600 46 0.900000 0.076000 0.075000 1.200000 0.012000 0.014000
1496368260547216378	1400 51 1.200000 0.111000 0.141000 1400 43 1.000000 1.613000 1.713000 600 46 0.900000 0.076000 0.075000 1.200000 0.011000 0.013000
1496368261056232597	1400 51 1.200000 0.111000 0.141000 1400 43 1.000000 1.633000 1.734000 600 47 0.900000 0.076000 0.075000 1.200000 0.013000 0.015000
1496368261565268899	1400 51 1.200000 0.107000 0.136000 1400 44 1.000000 1.620000 1.720000 600 47 0.900000 0.076000 0.075000 1.200000 0.014000 0.017000
1496368262074271576	1400 51 1.200000 0.105000 0.133000 1400 44 1.000000 1.605000 1.704000 600 46 0.900000 0.076000 0.075000 1.200000 0.015000 0.018000
1496368262583199086	1400 51 1.200000 0.102000 0.129000 1400 44 1.000000 1.592000 1.690000 600 46 0.900000 0.076000 0.075000 1.200000 0.016000 0.019000
1496368263092175847	1400 51 1.200000 0.106000 0.134000 1400 44 1.000000 1.599000 1.698000 600 47 0.900000 0.076000 0.075000 1.200000 0.019000 0.023000
1496368263601376732	1400 51 1.200000 0.104000 0.132000 1400 44 1.000000 1.577000 1.674000 600 46 0.900000 0.076000 0.075000 1.200000 0.024000 0.029000
1496368264110423825	1400 51 1.200000 0.101000 0.128000 1400 44 1.000000 1.593000 1.691000 600 47 0.900000 0.076000 0.075000 1.200000 0.021000 0.025000
1496368264619453502	1400 51 1.200000 0.104000 0.132000 1400 43 1.000000 1.541000 1.636000 600 46 0.900000 0.076000 0.075000 1.200000 0.032000 0.038000
1496368265128583846	1400 49 1.200000 0.107000 0.136000 1400 43 1.000000 1.362000 1.445000 600 46 0.900000 0.076000 0.075000 1.200000 0.055000 0.066000
1496368265637580356	1400 48 1.200000 0.103000 0.131000 1400 43 1.000000 0.798000 0.844000 600 45 0.900000 0.076000 0.075000 1.200000 0.071000 0.086000
1496368266146612867	1400 47 1.200000 0.103000 0.131000 1400 42 1.000000 0.728000 0.770000 600 44 0.900000 0.076000 0.075000 1.200000 0.011000 0.013000
1496368266655727585	1400 47 1.200000 0.102000 0.129000 1400 42 1.000000 0.728000 0.770000 600 44 0.900000 0.075000 0.074000 1.200000 0.014000 0.017000
1496368267166244177	1400 45 1.200000 0.104000 0.132000 1400 41 1.000000 0.746000 0.789000 600 44 0.900000 0.075000 0.074000 1.200000 0.029000 0.035000
1496368267676539894	1400 45 1.200000 0.156000 0.197000 1400 41 1.000000 0.632000 0.671000 600 44 0.900000 0.074000 0.073000 1.200000 0.025000 0.030000
1496368268186728111	1400 45 1.200000 0.109000 0.138000 1400 41 1.000000 0.817000 0.864000 600 43 0.900000 0.074000 0.073000 1.200000 0.018000 0.021000
1496368268697038119	1400 45 1.200000 0.107000 0.136000 1400 41 1.000000 0.818000 0.865000 600 43 0.900000 0.074000 0.073000 1.200000 0.018000 0.021000
1496368269206327254	1400 47 1.200000 0.105000 0.133000 1400 41 1.000000 0.849000 0.898000 600 44 0.900000 0.074000 0.073000 1.200000 0.029000 0.035000
1496368269715612473	1400 49 1.200000 0.103000 0.131000 1400 42 1.000000 1.699000 1.804000 600 45 0.900000 0.074000 0.073000 1.200000 0.009000 0.010000
1496368270224834691	1400 49 1.200000 0.107000 0.136000 1400 42 1.000000 1.713000 1.820000 600 46 0.900000 0.074000 0.073000 1.200000 0.006000 0.007000
1496368270734009743	1400 50 1.200000 0.108000 0.137000 1400 42 1.000000 1.707000 1.812000 600 46 0.900000 0.074000 0.073000 1.200000 0.006000 0.007000
1496368271243170878	1400 50 1.200000 0.102000 0.129000 1400 42 1.000000 1.714000 1.820000 600 46 0.900000 0.075000 0.074000 1.200000 0.011000 0.013000
1496368271752355846	1400 50 1.200000 0.101000 0.128000 1400 43 1.000000 1.716000 1.822000 600 46 0.900000 0.075000 0.074000 1.200000 0.012000 0.014000
1496368272261590523	1400 50 1.200000 0.102000 0.129000 1400 43 1.000000 1.713000 1.819000 600 47 0.900000 0.075000 0.074000 1.200000 0.016000 0.019000
1496368272770919950	1400 50 1.200000 0.103000 0.131000 1400 43 1.000000 1.717000 1.823000 600 47 0.900000 0.075000 0.074000 1.200000 0.009000 0.010000
1496368273280117335	1400 50 1.200000 0.102000 0.129000 1400 43 1.000000 1.714000 1.820000 600 47 0.900000 0.075000 0.074000 1.200000 0.015000 0.018000
1496368273789758928	1400 50 1.200000 0.111000 0.141000 1400 43 1.000000 1.716000 1.824000 600 47 0.900000 0.076000 0.075000 1.200000 0.015000 0.018000
1496368274298944188	1400 51 1.200000 0.110000 0.140000 1400 43 1.000000 1.719000 1.827000 600 47 0.900000 0.076000 0.075000 1.200000 0.015000 0.018000
1496368274808148656	1400 51 1.200000 0.106000 0.134000 1400 43 1.000000 1.713000 1.819000 600 47 0.900000 0.076000 0.075000 1.200000 0.025000 0.030000
1496368275317326708	1400 51 1.200000 0.104000 0.132000 1400 43 1.000000 1.727000 1.834000 600 47 0.900000 0.076000 0.075000 1.200000 0.016000 0.019000
1496368275826546135	1400 51 1.200000 0.104000 0.132000 1400 43 1.000000 1.722000 1.828000 600 47 0.900000 0.076000 0.075000 1.200000 0.011000 0.013000
1496368276335745686	1400 51 1.200000 0.104000 0.132000 1400 43 1.000000 1.721000 1.827000 600 47 0.900000 0.076000 0.075000 1.200000 0.015000 0.018000
1496368276844993363	1400 51 1.200000 0.102000 0.129000 1400 44 1.000000 1.716000 1.824000 600 47 0.900000 0.076000 0.075000 1.200000 0.020000 0.024000
1496368277354152082	1400 51 1.200000 0.111000 0.141000 1400 44 1.000000 1.718000 1.824000 600 48 0.900000 0.076000 0.075000 1.200000 0.020000 0.024000
1496368277863272383	1400 51 1.200000 0.110000 0.140000 1400 44 1.000000 1.717000 1.823000 600 47 0.900000 0.076000 0.075000 1.200000 0.028000 0.034000
1496368278372450769	1400 51 1.200000 0.107000 0.136000 1400 44 1.000000 1.724000 1.830000 600 48 0.900000 0.076000 0.075000 1.200000 0.023000 0.027000
1496368278881705487	1400 51 1.200000 0.105000 0.133000 1400 44 1.000000 1.727000 1.834000 600 48 0.900000 0.076000 0.075000 1.200000 0.013000 0.015000
1496368279391155580	1400 51 1.200000 0.107000 0.136000 1400 44 1.000000 1.728000 1.835000 600 47 0.900000 0.076000 0.075000 1.200000 0.011000 0.013000
1496368279900374090	1400 51 1.200000 0.108000 0.137000 1400 44 1.000000 1.724000 1.830000 600 48 0.900000 0.076000 0.075000 1.200000 0.013000 0.015000
1496368280409575808	1400 51 1.200000 0.105000 0.133000 1400 44 1.000000 1.724000 1.830000 600 48 0.900000 0.076000 0.075000 1.200000 0.019000 0.023000
1496368280918789152	1400 51 1.200000 0.109000 0.138000 1400 44 1.000000 1.721000 1.827000 600 48 0.900000 0.076000 0.075000 1.200000 0.018000 0.021000
1496368281428043329	1400 51 1.200000 0.109000 0.138000 1400 44 1.000000 1.720000 1.826000 600 48 0.900000 0.076000 0.075000 1.200000 0.025000 0.030000
1496368281937335589	1400 51 1.200000 0.107000 0.136000 1400 44 1.000000 1.723000 1.829000 600 48 0.900000 0.077000 0.076000 1.200000 0.022000 0.026000
1496368282446592057	1400 51 1.200000 0.105000 0.133000 1400 44 1.000000 1.723000 1.829000 600 48 0.900000 0.076000 0.075000 1.200000 0.012000 0.014000
1496368282955732609	1400 51 1.200000 0.106000 0.134000 1400 44 1.000000 1.733000 1.840000 600 48 0.900000 0.076000 0.075000 1.200000 0.010000 0.012000
1496368283464942619	1400 51 1.200000 0.110000 0.140000 1400 44 1.000000 1.726000 1.833000 600 48 0.900000 0.076000 0.075000 1.200000 0.015000 0.018000
1496368283974122379	1400 51 1.200000 0.112000 0.142000 1400 44 1.000000 1.732000 1.839000 600 48 0.900000 0.076000 0.075000 1.200000 0.013000 0.015000
1496368284483230722	1400 51 1.200000 0.105000 0.133000 1400 44 1.000000 1.714000 1.820000 600 48 0.900000 0.077000 0.076000 1.200000 0.019000 0.023000
1496368284992456691	1400 51 1.200000 0.103000 0.131000 1400 44 1.000000 1.718000 1.824000 600 48 0.900000 0.076000 0.075000 1.200000 0.029000 0.035000
1496368285501638951	1400 51 1.200000 0.104000 0.132000 1400 44 1.000000 1.731000 1.838000 600 48 0.900000 0.076000 0.075000 1.200000 0.022000 0.026000
1496368286010947461	1400 51 1.200000 0.105000 0.133000 1400 44 1.000000 1.731000 1.838000 600 48 0.900000 0.076000 0.075000 1.200000 0.016000 0.019000
1496368286520081096	1400 51 1.200000 0.104000 0.132000 1400 44 1.000000 1.731000 1.838000 600 48 0.900000 0.076000 0.075000 1.200000 0.013000 0.015000
1496368287029282523	1400 51 1.200000 0.103000 0.131000 1400 44 1.000000 1.731000 1.838000 600 48 0.900000 0.077000 0.076000 1.200000 0.012000 0.014000
1496368287538422408	1400 51 1.200000 0.104000 0.132000 1400 44 1.000000 1.729000 1.836000 600 48 0.900000 0.076000 0.075000 1.200000 0.013000 0.015000
1496368288047679751	1400 51 1.200000 0.109000 0.138000 1400 44 1.000000 1.714000 1.820000 600 48 0.900000 0.077000 0.076000 1.200000 0.008000 0.009000
1496368288556812928	1400 51 1.200000 0.104000 0.132000 1400 44 1.000000 1.720000 1.826000 600 48 0.900000 0.077000 0.076000 1.200000 0.010000 0.012000
1496368289066093938	1400 51 1.200000 0.106000 0.134000 1400 44 1.000000 1.725000 1.831000 600 48 0.900000 0.077000 0.076000 1.200000 0.013000 0.015000
1496368289575262240	1400 51 1.200000 0.107000 0.136000 1400 44 1.000000 1.727000 1.834000 600 48 0.900000 0.077000 0.076000 1.200000 0.017000 0.020000
1496368290084485792	1400 51 1.200000 0.108000 0.137000 1400 44 1.000000 1.725000 1.833000 600 48 0.900000 0.077000 0.076000 1.200000 0.016000 0.019000
1496368290593627135	1400 51 1.200000 0.109000 0.138000 1400 44 1.000000 1.725000 1.833000 600 48 0.900000 0.076000 0.075000 1.200000 0.009000 0.010000
1496368291102879895	1400 51 1.200000 0.111000 0.141000 1400 44 1.000000 1.714000 1.821000 600 48 0.900000 0.076000 0.075000 1.200000 0.007000 0.008000
1496368291612158489	1400 51 1.200000 0.110000 0.140000 1400 44 1.000000 1.724000 1.830000 600 48 0.900000 0.077000 0.076000 1.200000 0.008000 0.009000
1496368292121838540	1400 47 1.200000 0.107000 0.136000 1400 44 1.000000 1.710000 1.816000 600 47 0.900000 0.076000 0.075000 1.200000 0.006000 0.007000
1496368292632087257	1400 47 1.200000 0.132000 0.167000 1400 43 1.000000 0.832000 0.880000 600 46 0.900000 0.076000 0.075000 1.200000 0.020000 0.024000
1496368293142275182	1400 46 1.200000 0.109000 0.138000 1400 42 1.000000 0.823000 0.870000 600 45 0.900000 0.076000 0.075000 1.200000 0.017000 0.020000
1496368293652499191	1400 46 1.200000 0.106000 0.134000 1400 42 1.000000 0.835000 0.883000 600 45 0.900000 0.075000 0.074000 1.200000 0.018000 0.021000
1496368294161993367	1400 44 1.200000 0.106000 0.134000 1400 41 1.000000 0.870000 0.920000 600 44 0.900000 0.075000 0.074000 1.200000 0.031000 0.037000
1496368294671153252	1400 52 1.200000 0.101000 0.128000 1400 43 1.000000 2.000000 2.126000 600 46 0.900000 0.075000 0.074000 1.200000 0.029000 0.035000
1496368295180340512	1400 53 1.200000 0.103000 0.131000 1400 44 1.000000 2.002000 2.132000 600 47 0.900000 0.075000 0.074000 1.200000 0.030000 0.036000
1496368295689862022	1400 53 1.200000 0.106000 0.134000 1400 44 1.000000 2.002000 2.128000 600 47 0.900000 0.076000 0.075000 1.200000 0.029000 0.035000
1496368296198967366	1400 53 1.200000 0.107000 0.136000 1400 44 1.000000 1.998000 2.127000 600 48 0.900000 0.076000 0.075000 1.200000 0.030000 0.036000
1496368296708084876	1400 54 1.200000 0.111000 0.141000 1400 45 1.000000 1.993000 2.118000 600 48 0.900000 0.077000 0.076000 1.200000 0.031000 0.037000
1496368297217233428	1400 54 1.200000 0.114000 0.145000 1400 45 1.000000 1.995000 2.124000 600 48 0.900000 0.077000 0.076000 1.200000 0.029000 0.035000
1496368297726480479	1400 54 1.200000 0.106000 0.134000 1400 45 1.000000 1.990000 2.119000 600 48 0.900000 0.077000 0.076000 1.200000 0.028000 0.033000
1496368298235641823	1400 47 1.200000 0.104000 0.132000 1400 43 1.000000 1.986000 2.115000 600 47 0.900000 0.077000 0.076000 1.200000 0.027000 0.032000
1496368298744909333	1400 54 1.200000 0.105000 0.133000 1400 44 1.000000 1.566000 1.663000 600 48 0.900000 0.076000 0.075000 1.200000 0.030000 0.036000
1496368299254170509	1400 54 1.200000 0.107000 0.136000 1400 45 1.000000 2.022000 2.153000 600 48 0.900000 0.077000 0.076000 1.200000 0.031000 0.037000
1496368299763227728	1400 54 1.200000 0.111000 0.141000 1400 45 1.000000 2.017000 2.148000 600 48 0.900000 0.077000 0.076000 1.200000 0.031000 0.037000
1496368300272323822	1400 55 1.200000 0.112000 0.142000 1400 45 1.000000 2.012000 2.138000 600 49 0.900000 0.077000 0.076000 1.200000 0.031000 0.037000
1496368300781474457	1400 55 1.200000 0.112000 0.142000 1400 45 1.000000 2.011000 2.141000 600 49 0.900000 0.077000 0.076000 1.200000 0.029000 0.035000
1496368301290681467	1400 55 1.200000 0.113000 0.143000 1400 45 1.000000 2.003000 2.133000 600 49 0.900000 0.077000 0.076000 1.200000 0.029000 0.035000
1496368301799988893	1400 55 1.200000 0.109000 0.138000 1400 45 1.000000 2.003000 2.133000 600 49 0.900000 0.078000 0.077000 1.200000 0.028000 0.033000
1496368302309216070	1400 48 1.200000 0.106000 0.134000 1400 44 1.000000 1.609000 1.708000 600 48 0.900000 0.078000 0.077000 1.200000 0.016000 0.019000
1496368302818339497	1400 54 1.200000 0.106000 0.134000 1400 45 1.000000 2.024000 2.155000 600 48 0.900000 0.077000 0.076000 1.200000 0.030000 0.036000
1496368303327491882	1400 55 1.200000 0.110000 0.140000 1400 45 1.000000 2.024000 2.155000 600 49 0.900000 0.077000 0.076000 1.200000 0.031000 0.037000
1496368303836677476	1400 55 1.200000 0.112000 0.142000 1400 45 1.000000 2.020000 2.151000 600 49 0.900000 0.077000 0.076000 1.200000 0.030000 0.036000
1496368304345778319	1400 55 1.200000 0.114000 0.145000 1400 45 1.000000 2.016000 2.147000 600 49 0.900000 0.078000 0.077000 1.200000 0.031000 0.037000
1496368304855008038	1400 55 1.200000 0.112000 0.142000 1400 46 1.000000 2.010000 2.140000 600 49 0.900000 0.078000 0.077000 1.200000 0.030000 0.036000
1496368305364158756	1400 55 1.200000 0.109000 0.138000 1400 46 1.000000 2.011000 2.141000 600 49 0.900000 0.078000 0.077000 1.200000 0.029000 0.035000
1496368305873232975	1400 55 1.200000 0.107000 0.136000 1400 46 1.000000 2.005000 2.135000 600 49 0.900000 0.078000 0.077000 1.200000 0.028000 0.034000
1496368306382404026	1400 49 1.200000 0.110000 0.140000 1400 45 1.000000 2.011000 2.141000 600 49 0.900000 0.078000 0.077000 1.200000 0.027000 0.032000
1496368306891584787	1400 54 1.200000 0.106000 0.134000 1400 45 1.000000 1.155000 1.224000 600 48 0.900000 0.077000 0.076000 1.200000 0.006000 0.007000
1496368307400724755	1400 55 1.200000 0.107000 0.136000 1400 45 1.000000 2.026000 2.157000 600 49 0.900000 0.078000 0.077000 1.200000 0.031000 0.037000
1496368307910091890	1400 55 1.200000 0.105000 0.133000 1400 46 1.000000 2.025000 2.156000 600 49 0.900000 0.078000 0.077000 1.200000 0.031000 0.037000
1496368308419323483	1400 55 1.200000 0.106000 0.134000 1400 46 1.000000 2.016000 2.143000 600 49 0.900000 0.078000 0.077000 1.200000 0.031000 0.037000
1496368308928529035	1400 55 1.200000 0.107000 0.136000 1400 46 1.000000 2.007000 2.133000 600 49 0.900000 0.078000 0.077000 1.200000 0.032000 0.038000
1496368309437887295	1400 55 1.200000 0.107000 0.136000 1400 46 1.000000 2.011000 2.141000 600 49 0.900000 0.078000 0.077000 1.200000 0.030000 0.036000
1496368309947251513	1400 55 1.200000 0.106000 0.134000 1400 46 1.000000 2.009000 2.135000 600 49 0.900000 0.078000 0.077000 1.200000 0.029000 0.035000
1496368310456367482	1400 51 1.200000 0.114000 0.145000 1400 46 1.000000 2.001000 2.127000 600 49 0.900000 0.078000 0.077000 1.200000 0.028000 0.033000
1496368310965478659	1400 54 1.200000 0.114000 0.145000 1400 45 1.000000 1.474000 1.563000 600 48 0.900000 0.078000 0.077000 1.200000 0.018000 0.021000
1496368311474660710	1400 55 1.200000 0.110000 0.140000 1400 45 1.000000 2.008000 2.134000 600 49 0.900000 0.077000 0.076000 1.200000 0.028000 0.034000
1496368311983785262	1400 55 1.200000 0.111000 0.141000 1400 46 1.000000 2.004000 2.130000 600 49 0.900000 0.078000 0.077000 1.200000 0.028000 0.034000
1496368312492964522	1400 55 1.200000 0.109000 0.138000 1400 46 1.000000 2.000000 2.126000 600 49 0.900000 0.078000 0.077000 1.200000 0.028000 0.033000
1496368313002250449	1400 55 1.200000 0.109000 0.138000 1400 46 1.000000 1.998000 2.123000 600 49 0.900000 0.078000 0.077000 1.200000 0.028000 0.033000
1496368313511526667	1400 55 1.200000 0.110000 0.139000 1400 46 1.000000 1.997000 2.122000 600 49 0.900000 0.078000 0.077000 1.200000 0.025000 0.030000
1496368314020712344	1400 55 1.200000 0.113000 0.143000 1400 46 1.000000 1.998000 2.123000 600 49 0.900000 0.078000 0.077000 1.200000 0.026000 0.031000
1496368314529905271	1400 55 1.200000 0.115000 0.146000 1400 46 1.000000 1.995000 2.120000 600 49 0.900000 0.079000 0.078000 1.200000 0.022000 0.026000
1496368315038847031	1400 47 1.200000 0.112000 0.142000 1400 44 1.000000 1.081000 1.145000 600 48 0.900000 0.078000 0.077000 1.200000 0.006000 0.007000
1496368315547674459	1400 45 1.200000 0.102000 0.129000 1400 43 1.000000 0.303000 0.323000 600 46 0.900000 0.077000 0.076000 1.200000 0.003000 0.003000
