#Timestamp	Benchmark	CPU(4) Frequency(MHz)	CPU(4) Temperature(C)	A15 Voltage(V)	A15 Current(A)	A15 Power(W)	CPU_CYCLES	EXCEPTION_RETURN	BRANCH_MISPRED	BRANCH_PRED	DATA_MEM_ACCESS	L1I_CACHE_ACCESS	L2D_CACHE_ACCESS
1496402710749554825	parsec.dedup	1400	38	1.000000	0.449000	0.478000	495991153	43977	3018583	45641877	113143965	131853852	8694332
1496402711259766334	parsec.dedup	1400	38	1.000000	0.818000	0.865000	773578262	71584	4773578	67811116	170553404	204489078	13765763
1496402711769811968	parsec.dedup	1400	38	1.000000	0.818000	0.865000	771642989	70884	4734902	70284991	173435602	205296364	13574728
1496402712279561644	parsec.dedup	1400	38	1.000000	0.823000	0.870000	719285227	58004	1861139	48680315	187129166	149248076	15698677
1496402712789547694	parsec.dedup	1400	38	1.000000	0.796000	0.842000	933484708	62890	2322773	61347653	219002845	192600333	17166996
1496402713299510953	parsec.dedup	1400	38	1.000000	1.043000	1.105000	998468218	56564	3602415	85438796	348581716	258658169	18120470
1496402713809444129	parsec.dedup	1400	39	1.000000	0.801000	0.847000	1331630773	41952	6664799	117143290	553345370	408959257	24502905
1496402714318664306	parsec.dedup	1400	39	1.000000	1.406000	1.493000	1346954503	22422	5207583	125096469	694668979	462450940	15995031
1496402714827855899	parsec.dedup	1400	39	1.000000	1.510000	1.603000	1303285885	23844	3857946	126826662	625174127	402819039	13814046
1496402715337180784	parsec.dedup	1400	40	1.000000	1.512000	1.605000	1313491187	26494	3933514	118495821	651918378	427415860	14863320
1496402715846411544	parsec.dedup	1400	40	1.000000	1.482000	1.573000	1321129008	35930	4975537	131216008	607845679	409631147	17064819
1496402716355634221	parsec.dedup	1400	40	1.000000	1.478000	1.569000	1354023076	44134	5907098	128890556	610066313	432902313	19805793
1496402716865119189	parsec.dedup	1400	40	1.000000	1.491000	1.583000	1393060967	73868	8778491	149158532	561098729	441186721	27257197
1496402717374549574	parsec.dedup	1400	40	1.000000	1.446000	1.535000	1394793024	74558	8871753	149850255	561816719	442706799	27248311
1496402717883956750	parsec.dedup	1400	40	1.000000	1.461000	1.551000	1394787705	75461	8822146	147223042	550214426	437545079	27619711
1496402718393398968	parsec.dedup	1400	40	1.000000	1.450000	1.539000	1399129201	43799	10711380	179815481	551341812	453873030	26976000
1496402718902619729	parsec.dedup	1400	40	1.000000	1.472000	1.563000	1395450032	12299	12017143	201447543	598892632	480912456	24492485
1496402719411856155	parsec.dedup	1400	40	1.000000	1.497000	1.589000	1401807806	11294	13264186	220760891	583981189	495542779	21647292
1496402719920956374	parsec.dedup	1400	40	1.000000	1.522000	1.616000	1401820996	5337	13818330	235808112	656401184	524032328	21786295
1496402720429991759	parsec.dedup	1400	40	1.000000	1.552000	1.648000	1401837731	4598	14770206	251114671	638920514	534787902	20992313
1496402720939221936	parsec.dedup	1400	40	1.000000	1.554000	1.650000	1401788992	6568	15646856	269945574	588260814	526227203	16978233
1496402721448147446	parsec.dedup	1400	40	1.000000	1.536000	1.631000	1401787076	11056	15406839	265801791	555937330	510850259	17445412
1496402721957286498	parsec.dedup	1400	40	1.000000	1.489000	1.581000	1401811303	7306	15925486	271360456	575304722	517010606	16497672
1496402722466293800	parsec.dedup	1400	40	1.000000	1.502000	1.595000	1401784266	7713	15312380	282862296	565441424	513000887	14728831
1496402722975423769	parsec.dedup	1400	40	1.000000	1.516000	1.609000	1402284266	7853	15825533	276574939	565829550	519223919	15226654
1496402723484395821	parsec.dedup	1400	40	1.000000	1.514000	1.607000	1402205024	8857	15428600	275940026	561192750	511008962	15552176
1496402723993544664	parsec.dedup	1400	40	1.000000	1.499000	1.591000	1401783378	7907	15800219	275229797	564959731	518052562	15144137
1496402724502537175	parsec.dedup	1400	40	1.000000	1.518000	1.612000	1401794054	7111	15446076	283204725	566188284	515238213	15092537
1496402725011621060	parsec.dedup	1400	40	1.000000	1.510000	1.603000	1401777512	9129	14918947	265554818	550416068	502653466	15887637
1496402725520801070	parsec.dedup	1400	40	1.000000	1.491000	1.583000	1401931779	13730	14179363	256127078	535292105	493718203	16416923
1496402726030309455	parsec.dedup	1400	40	1.000000	1.479000	1.570000	1402384663	14002	14760558	251026480	529423869	495281393	17425339
1496402726540010547	parsec.dedup	1400	40	1.000000	1.467000	1.557000	1397606009	16432	14206898	240181967	521747233	482158706	17385782
1496402727049521182	parsec.dedup	1400	40	1.000000	1.450000	1.539000	1402083020	13079	14702440	256430661	534718100	497573286	15926497
1496402727558859984	parsec.dedup	1400	40	1.000000	1.475000	1.566000	1402103994	15854	14458544	247069402	523646774	492297253	17017297
1496402728068697243	parsec.dedup	1400	40	1.000000	1.476000	1.567000	988002281	26260	6853712	114115987	278795089	282021948	14851546
1496402728578020836	parsec.dedup	1400	39	1.000000	1.082000	1.146000	713097125	33056	2813264	48491797	138212652	161235054	12181618
1496402729087480638	parsec.dedup	1400	38	1.000000	0.766000	0.810000	713074276	33369	2735727	48514965	138532805	161261260	12103062
1496402729596995897	parsec.dedup	1400	38	1.000000	0.765000	0.809000	713797613	21446	2105124	50694643	141882346	151608896	10566222
1496402730107295489	parsec.facesim	1400	38	1.000000	0.775000	0.819000	522892399	39607	2818599	45812330	110565351	127057556	8938704
1496402730617509914	parsec.facesim	1400	38	1.000000	0.823000	0.870000	773175469	71871	4781438	67357232	169787417	203885782	13779210
1496402731127779506	parsec.facesim	1400	38	1.000000	0.810000	0.856000	772286168	70979	4747242	69934165	173069194	205229234	13638608
1496402731637820640	parsec.facesim	1400	38	1.000000	0.814000	0.862000	781007467	70006	4696910	73015055	177782868	207502573	13600440
1496402732147323983	parsec.facesim	1400	37	1.000000	0.914000	0.968000	731137727	19391	1305905	114655012	285270344	198437108	7111495
1496402732656601493	parsec.facesim	1400	37	1.000000	0.931000	0.986000	707273309	24980	1068166	83274314	236777827	184869536	8384386
1496402733165762295	parsec.facesim	1400	37	1.000000	0.817000	0.864000	705648509	18348	6974832	95068304	149314389	187745998	7064249
1496402733674960889	parsec.facesim	1400	37	1.000000	0.757000	0.800000	704159065	7396	4838389	81570192	120858389	148729505	5423708
1496402734184141399	parsec.facesim	1400	37	1.000000	0.768000	0.812000	702927536	1591	5960547	95169743	161018528	192528250	5000640
1496402734693365742	parsec.facesim	1400	37	1.000000	0.762000	0.806000	703277477	3715	9180321	102711177	123207985	201734445	4253145
1496402735202642294	parsec.facesim	1400	37	1.000000	0.767000	0.811000	704469124	9170	3375104	70926179	139409489	136141666	6050789
1496402735712179137	parsec.facesim	1400	37	1.000000	0.767000	0.811000	704598005	11370	2113400	68854675	146518420	122482593	5256711
1496402736221477063	parsec.facesim	1400	36	1.000000	0.744000	0.787000	704322429	11006	2164361	66992618	137010520	117601333	4567930
1496402736730723823	parsec.facesim	1400	36	1.000000	0.746000	0.789000	705033548	11869	2206621	67256747	138079341	119273136	4627782
1496402737240457708	parsec.facesim	1400	36	1.000000	0.743000	0.786000	704954824	11348	2093968	66601149	135831707	116884735	4645772
1496402737749860593	parsec.facesim	1400	36	1.000000	0.748000	0.791000	702515238	265	13710568	145225573	156718317	293105275	3501866
1496402738259100436	parsec.facesim	1400	36	1.000000	0.826000	0.873000	703090598	654	5658326	80487740	756590343	324801769	72603139
1496402738768237738	parsec.facesim	1400	37	1.000000	1.276000	1.353000	703188921	1601	8755687	105718068	581334736	328867324	52102385
1496402739278013289	parsec.facesim	1400	37	1.000000	0.826000	0.873000	707456885	27821	11151101	122802537	184968580	275585703	6111924
1496402739787326674	parsec.facesim	1400	37	1.000000	0.928000	0.983000	1192968676	24828	1665853	63019941	553262509	319687912	16023567
1496402740296619517	parsec.facesim	1400	38	1.000000	1.547000	1.642000	1401935434	458	1554373	70240524	712177128	391365132	17288636
1496402740805767277	parsec.facesim	1400	38	1.000000	1.249000	1.325000	1161351386	1505	1193069	60919027	563844605	311370924	15024161
1496402741315065870	parsec.facesim	1400	39	1.000000	1.516000	1.609000	1401903520	458	1550530	72799469	641277505	368799742	21302167
1496402741824354922	parsec.facesim	1400	39	1.000000	1.521000	1.615000	1301667426	1811	429503	46109037	411490504	237735158	29382564
1496402742333862515	parsec.facesim	1400	39	1.000000	1.345000	1.428000	1378411821	1184	133681	15035031	370943791	201389771	48300370
1496402742843511191	parsec.facesim	1400	39	1.000000	1.358000	1.440000	1366460443	1144	128284	14913672	367578035	199694761	47815455
1496402743352911576	parsec.facesim	1400	39	1.000000	1.333000	1.414000	1383685415	1212	129406	15103261	373295942	202472052	48692759
1496402743862369252	parsec.facesim	1400	40	1.000000	1.350000	1.433000	1376032784	1174	128446	15118772	374163678	203027131	48722614
1496402744371811595	parsec.facesim	1400	40	1.000000	1.367000	1.450000	1380134496	1166	126649	15047860	372069412	201906094	48403900
1496402744881372480	parsec.facesim	1400	40	1.000000	1.356000	1.438000	1372282410	1195	130683	14903870	367511137	199583744	47903379
1496402745390920448	parsec.facesim	1400	40	1.000000	1.335000	1.416000	1382863390	1180	128491	15182997	375773472	203819913	48883213
1496402745900303166	parsec.facesim	1400	40	1.000000	1.352000	1.434000	1374590918	1169	128010	15058583	372068675	201887065	48458953
1496402746409756551	parsec.facesim	1400	40	1.000000	1.349000	1.432000	1377370704	1184	131588	15132556	372910564	202389406	48539267
1496402746919382935	parsec.facesim	1400	40	1.000000	1.338000	1.419000	1377675714	1166	128131	15108325	373024134	202497112	48814440
1496402747428567321	parsec.facesim	1400	40	1.000000	1.371000	1.454000	1399324557	533	1461864	68137223	616464430	350869883	24005161
1496402747937760122	parsec.facesim	1400	40	1.000000	1.516000	1.609000	1401944552	452	1487105	73530854	646754299	366794030	21572836
1496402748446976341	parsec.facesim	1400	40	1.000000	1.530000	1.624000	1213927995	430	951143	67455698	518131175	293327403	15249369
1496402748956521642	parsec.facesim	1400	40	1.000000	1.232000	1.307000	777362384	2152	1130405	132454404	332256180	217058160	7755919
1496402749466130318	parsec.facesim	1400	39	1.000000	0.951000	1.008000	521429341	3160	761265	42445582	79289081	74074885	8518484
1496402749976442702	parsec.freqmine	1400	39	1.000000	0.540000	0.574000	743523853	67222	4564463	67377929	168024203	197938282	13122874
1496402750487226001	parsec.freqmine	1400	38	1.000000	0.766000	0.811000	772080713	71649	4756619	68329285	171087187	204537768	13746327
1496402750997734635	parsec.freqmine	1400	38	1.000000	0.820000	0.867000	771550123	70656	4723600	71418210	175158860	206485939	13579530
1496402751507852977	parsec.freqmine	1400	38	1.000000	0.815000	0.862000	776479483	47725	3274357	60386411	142283239	152869838	9622585
1496402752017280403	parsec.freqmine	1400	37	1.000000	0.810000	0.856000	702669850	1751	514354	35068666	68355594	42464275	888440
1496402752526518288	parsec.freqmine	1400	37	1.000000	0.658000	0.696000	703019762	1855	517818	35076606	68543759	42663325	931227
1496402753035614257	parsec.freqmine	1400	36	1.000000	0.657000	0.695000	702786971	1748	502186	35044326	68311092	42245416	918569
1496402753544883892	parsec.freqmine	1400	36	1.000000	0.658000	0.696000	702840155	1742	542712	35021899	68272257	42881099	919977
1496402754054128944	parsec.freqmine	1400	36	1.000000	0.657000	0.695000	703051857	1746	555134	35041603	68306095	43129441	922162
1496402754563243912	parsec.freqmine	1400	36	1.000000	0.657000	0.695000	703045580	1748	525750	35025495	68282974	42635859	930142
1496402755072461422	parsec.freqmine	1400	36	1.000000	0.657000	0.695000	702677678	1743	533986	35022608	68257213	42754253	919407
1496402755581586724	parsec.freqmine	1400	36	1.000000	0.658000	0.696000	703093974	1752	522409	35033365	68314591	42596346	928502
1496402756090996192	parsec.freqmine	1400	36	1.000000	0.657000	0.695000	702879006	1749	532064	35032289	68295738	42728330	922847
1496402756600148244	parsec.freqmine	1400	36	1.000000	0.657000	0.695000	702795652	1749	566723	35067147	68374061	43318839	924598
1496402757109281463	parsec.freqmine	1400	36	1.000000	0.658000	0.696000	703166048	1750	561021	35082823	68397230	43258658	927488
1496402757618661181	parsec.freqmine	1400	35	1.000000	0.656000	0.694000	702704908	1744	550336	35064286	68341805	43039632	920603
1496402758127934774	parsec.freqmine	1400	35	1.000000	0.657000	0.695000	702561814	1732	542235	35027292	68280368	42862015	915953
1496402758637131617	parsec.freqmine	1400	35	1.000000	0.656000	0.694000	702786529	1743	506684	35011273	68266675	42281818	928655
1496402759146411252	parsec.freqmine	1400	35	1.000000	0.655000	0.692000	702891611	1746	511249	35043359	68332812	42390580	926273
1496402759655619221	parsec.freqmine	1400	35	1.000000	0.655000	0.692000	702487650	1737	484781	35005824	68235995	41928857	921197
1496402760164930814	parsec.freqmine	1400	35	1.000000	0.656000	0.694000	788453719	3753	1549308	43032037	106226404	97568046	2221981
1496402760674191366	parsec.freqmine	1400	36	1.000000	1.000000	1.060000	1380758363	5289	5909733	73493133	337950600	425253532	8383114
1496402761183939667	parsec.freqmine	1400	37	1.000000	1.380000	1.465000	1376006593	42877	4224963	151405970	277993604	181132302	52906064
1496402761693269510	parsec.freqmine	1400	37	1.000000	1.172000	1.243000	1375549477	4128	11572320	202273323	633743636	424729229	16497950
1496402762202578853	parsec.freqmine	1400	38	1.000000	1.588000	1.686000	1401932464	468	15904674	235268418	837540499	599110426	5199348
1496402762711840905	parsec.freqmine	1400	38	1.000000	1.605000	1.704000	1401923674	464	16223382	232813688	839366083	604281605	5920499
1496402763221046748	parsec.freqmine	1400	38	1.000000	1.605000	1.704000	1401923683	460	14977218	235992373	854338741	594719705	6457758
1496402763730271467	parsec.freqmine	1400	38	1.000000	1.616000	1.716000	1401895936	454	14920816	237378723	868851222	602710323	5538065
1496402764239527393	parsec.freqmine	1400	39	1.000000	1.610000	1.709000	1402032721	454	15081791	236634940	868715623	603879961	5183408
1496402764748713904	parsec.freqmine	1400	39	1.000000	1.607000	1.706000	1401903019	460	15733390	235014203	853821128	604823367	5186281
1496402765257976705	parsec.freqmine	1400	39	1.000000	1.600000	1.699000	1401913586	454	15653172	236867508	858305975	608297423	5017472
1496402765767347132	parsec.freqmine	1400	39	1.000000	1.609000	1.708000	1401913410	454	15764134	234713545	852353098	603829935	5676605
1496402766276639183	parsec.freqmine	1400	39	1.000000	1.612000	1.711000	1401931890	454	15348120	234999918	864991776	604084833	5787443
1496402766786015277	parsec.freqmine	1400	39	1.000000	1.617000	1.717000	1402094318	456	16244472	232235631	847197606	608129789	6149219
1496402767295193162	parsec.freqmine	1400	39	1.000000	1.600000	1.699000	1401922831	454	15929963	232947497	849537684	602910534	5454711
1496402767804525172	parsec.freqmine	1400	39	1.000000	1.612000	1.711000	1402052528	460	15645793	232378950	848749521	597375460	5992618
1496402768313751098	parsec.freqmine	1400	39	1.000000	1.610000	1.709000	1401903324	458	15447919	233158962	863894044	602839487	5598129
1496402768822908358	parsec.freqmine	1400	39	1.000000	1.607000	1.706000	1401864666	450	16081589	230387037	847095530	601922666	5874297
1496402769332113952	parsec.freqmine	1400	39	1.000000	1.603000	1.702000	1401890106	454	16003981	229823401	833140449	591136984	6129028
1496402769841433503	parsec.freqmine	1400	39	1.000000	1.544000	1.639000	1398824129	540	10771020	223354056	630167676	405363141	13640385
1496402770350732972	parsec.freqmine	1400	39	1.000000	1.456000	1.546000	1386054678	1680	13327971	207242362	595820554	444970045	13488771
1496402770860250190	parsec.freqmine	1400	39	1.000000	1.406000	1.493000	1399059260	2633	18019475	191364466	447185890	479428149	18972656
1496402771369518366	parsec.freqmine	1400	39	1.000000	1.412000	1.498000	535305242	46095	3170459	48502756	120481324	140277715	9191291
1496402771879706709	parsec.streamcluster	1400	38	1.000000	0.732000	0.776000	772786161	72038	4785112	67812274	170483217	204380719	13726980
1496402772390188550	parsec.streamcluster	1400	38	1.000000	0.819000	0.866000	772192255	71030	4760949	70359013	173554515	205648006	13610090
1496402772900564934	parsec.streamcluster	1400	38	1.000000	0.824000	0.871000	798268840	70570	4624619	75212233	188894441	210999456	13742286
1496402773410151443	parsec.streamcluster	1400	37	1.000000	0.816000	0.863000	1302549902	4350	1772525	60837210	451580027	291837531	45482560
1496402773919558370	parsec.streamcluster	1400	38	1.000000	1.454000	1.544000	1401961264	1044	1993179	53660721	465183073	309479563	52549089
1496402774429017838	parsec.streamcluster	1400	39	1.000000	1.556000	1.652000	1402205268	1059	2006094	53721590	465133242	309698997	52535262
1496402774938283556	parsec.streamcluster	1400	39	1.000000	1.557000	1.653000	1401981536	1038	2005803	53745686	465238260	309743130	52535852
1496402775447609608	parsec.streamcluster	1400	40	1.000000	1.558000	1.654000	1401971548	1038	1996950	53623969	465090626	309440257	52551006
1496402775957107409	parsec.streamcluster	1400	40	1.000000	1.560000	1.656000	1402194507	1043	2009809	53724801	465258671	309897740	52547022
1496402776466524585	parsec.streamcluster	1400	40	1.000000	1.560000	1.656000	1402006005	1000	1876860	53243718	462970247	305276252	54136859
1496402776975808095	parsec.streamcluster	1400	40	1.000000	1.560000	1.656000	1401990736	1033	1795396	52944748	461997862	302984658	55107758
1496402777485202272	parsec.streamcluster	1400	41	1.000000	1.562000	1.658000	1401969632	1051	1751411	52819161	461687429	301696055	54688842
1496402777994507449	parsec.streamcluster	1400	41	1.000000	1.562000	1.658000	1402165384	1078	1713289	52772645	461503734	300596413	54183331
1496402778503891750	parsec.streamcluster	1400	41	1.000000	1.559000	1.655000	1401984508	1060	1680929	52723604	461033005	299440693	53979501
1496402779013352010	parsec.streamcluster	1400	41	1.000000	1.557000	1.653000	1401971112	1059	1660273	52578670	460851044	298969062	53930063
1496402779522686811	parsec.streamcluster	1400	41	1.000000	1.558000	1.654000	1401957539	1072	1649741	52686469	460065484	298111989	52907185
1496402780032089780	parsec.streamcluster	1400	41	1.000000	1.554000	1.650000	1401950581	1075	1621832	52369581	459946201	297443809	52858213
1496402780541506748	parsec.streamcluster	1400	41	1.000000	1.552000	1.648000	1401960912	1033	1624395	52491575	459887980	297443556	52831172
1496402781050808466	parsec.streamcluster	1400	41	1.000000	1.553000	1.649000	1401970390	1074	1621482	52404631	459875607	297340479	52822379
1496402781560225517	parsec.streamcluster	1400	41	1.000000	1.553000	1.649000	1402298560	1008	1616868	52637376	459076506	296677506	53188245
1496402782069658486	parsec.streamcluster	1400	41	1.000000	1.553000	1.649000	1401975334	1034	1604529	52209010	458887762	296464700	53178020
1496402782578937787	parsec.streamcluster	1400	41	1.000000	1.553000	1.649000	1401953376	1078	1606593	52233191	458761237	296361843	53162360
1496402783088293130	parsec.streamcluster	1400	41	1.000000	1.553000	1.649000	1166016291	3847	1514457	45488988	378197162	248801017	42991448
1496402783598354973	splash2x.barnes	1400	41	1.000000	0.948000	1.009000	630860068	56638	3851793	57431866	142885153	167536333	11124388
1496402784108581565	splash2x.barnes	1400	40	1.000000	0.823000	0.870000	773079910	71535	4762782	67867964	170534406	204438545	13802540
1496402784618957281	splash2x.barnes	1400	39	1.000000	0.810000	0.856000	771701459	70395	4722682	70664221	173989316	205753510	13653208
1496402785128932415	splash2x.barnes	1400	38	1.000000	0.821000	0.868000	792810193	62008	4244693	71803966	181733451	207813947	13312736
1496402785639310841	splash2x.barnes	1400	38	1.000000	0.859000	0.908000	1075738662	18848	3638654	72523349	183755600	182403754	20429400
1496402786148822059	splash2x.barnes	1400	39	1.000000	1.212000	1.285000	1401987420	454	3209500	83495495	484919308	340918186	21476304
1496402786658092902	splash2x.barnes	1400	39	1.000000	1.551000	1.647000	1402157952	462	3048221	84203980	491765868	342797367	22606848
1496402787167393579	splash2x.barnes	1400	39	1.000000	1.557000	1.653000	1402125066	452	3054510	84259064	492278647	343494546	22624114
1496402787676571464	splash2x.barnes	1400	39	1.000000	1.558000	1.654000	1402104450	458	3019324	84342005	492370701	343074374	22776849
1496402788185716557	splash2x.barnes	1400	40	1.000000	1.557000	1.653000	1402287208	458	2991371	84207976	492061480	342228400	22898117
1496402788695020567	splash2x.barnes	1400	40	1.000000	1.557000	1.653000	1402097726	458	2990469	84220155	491712092	342006375	22866860
1496402789204331869	splash2x.barnes	1400	40	1.000000	1.558000	1.654000	1402135566	454	2980951	84197846	491524222	341486213	22750915
1496402789713509587	splash2x.barnes	1400	40	1.000000	1.557000	1.653000	1402108212	458	3210208	84063849	490171216	343467216	20688783
1496402790222725972	splash2x.barnes	1400	40	1.000000	1.550000	1.646000	1402119338	458	3291303	84059278	490187576	344200127	19934752
1496402790731905232	splash2x.barnes	1400	40	1.000000	1.547000	1.642000	1228569447	414	2655679	70050506	403315012	283958645	18485151
1496402791241268117	splash2x.barnes	1400	39	1.000000	1.108000	1.174000	1377575827	3105	3129388	96833993	393368381	286748479	18980389
1496402791750441502	splash2x.barnes	1400	40	1.000000	1.551000	1.647000	1402260676	460	3123613	84189764	491595770	343999075	22101053
1496402792259641012	splash2x.barnes	1400	40	1.000000	1.559000	1.655000	1402126400	452	3059443	84074534	491232871	343260467	22980280
1496402792768839981	splash2x.barnes	1400	40	1.000000	1.560000	1.656000	1402100024	458	3017742	84072555	491168214	342859989	23560607
1496402793277987866	splash2x.barnes	1400	40	1.000000	1.560000	1.656000	1402097146	452	3002697	84007098	490821323	342319842	23189079
1496402793787465709	splash2x.barnes	1400	40	1.000000	1.561000	1.657000	1402147634	456	2993423	84014816	490783667	341827769	23876623
1496402794296674052	splash2x.barnes	1400	40	1.000000	1.560000	1.656000	1402113792	454	2973407	84075458	491100600	341634803	23509527
1496402794805807104	splash2x.barnes	1400	40	1.000000	1.558000	1.654000	1402409032	468	3140686	84248070	491434428	343732199	20965821
1496402795315198448	splash2x.barnes	1400	40	1.000000	1.551000	1.647000	1401919758	454	3258205	84276412	491743314	345377091	19815030
1496402795824397333	splash2x.barnes	1400	40	1.000000	1.550000	1.646000	1401913028	456	3333733	84176063	491203933	345802019	19312732
1496402796333858509	splash2x.barnes	1400	39	1.000000	1.550000	1.646000	1103982074	2757	2313397	76559320	271255316	202015306	15683968
1496402796843163436	splash2x.barnes	1400	40	1.000000	1.368000	1.451000	1401912466	458	3164929	84312746	492425290	344542530	20625180
1496402797352425904	splash2x.barnes	1400	40	1.000000	1.551000	1.647000	1401932322	450	3018741	84080970	491578311	342473883	22594537
1496402797861798080	splash2x.barnes	1400	40	1.000000	1.555000	1.651000	1401910904	458	3041059	84162038	491823527	343162088	22380071
1496402798371051882	splash2x.barnes	1400	40	1.000000	1.559000	1.655000	1401901637	458	2984494	84184628	492148150	342518286	22662057
1496402798880218726	splash2x.barnes	1400	40	1.000000	1.557000	1.653000	1401904847	460	3014817	84081870	491430850	342382905	22852479
1496402799389416069	splash2x.barnes	1400	40	1.000000	1.557000	1.653000	1401908936	454	2981187	84194371	491707261	342067973	22662293
1496402799898678121	splash2x.barnes	1400	40	1.000000	1.559000	1.655000	1401900160	458	3019354	84198849	491652301	342065768	22044172
1496402800407854131	splash2x.barnes	1400	40	1.000000	1.550000	1.646000	1401915028	458	3280437	84401017	492695732	345861017	18432269
1496402800917103141	splash2x.barnes	1400	40	1.000000	1.547000	1.642000	1142277096	1491	2474403	73590574	348235582	249082303	14717350
1496402801426598401	splash2x.barnes	1400	39	1.000000	1.163000	1.232000	1376400305	1823	3084325	88184478	420418593	301334087	20466051
1496402801936092035	splash2x.barnes	1400	40	1.000000	1.237000	1.312000	1401856124	458	3143251	84343775	492306699	344077815	21766579
1496402802445224504	splash2x.barnes	1400	40	1.000000	1.552000	1.648000	1401900672	460	3076710	84234793	492207734	343373504	22650899
1496402802954456805	splash2x.barnes	1400	40	1.000000	1.559000	1.655000	1401930244	454	3036477	84292367	492431850	343091721	23200758
1496402803463578649	splash2x.barnes	1400	40	1.000000	1.561000	1.657000	1401919998	458	3033192	84200275	492074461	342475280	23189399
1496402803972737367	splash2x.barnes	1400	40	1.000000	1.559000	1.655000	1402183143	454	3020560	84254248	492106612	342485053	23283896
1496402804481922544	splash2x.barnes	1400	40	1.000000	1.560000	1.656000	1401973899	458	2997467	84193604	491765956	341517467	23107422
1496402804991180638	splash2x.barnes	1400	40	1.000000	1.557000	1.653000	1401972108	456	3187433	84361725	492158676	344209591	20170465
1496402805500325689	splash2x.barnes	1400	40	1.000000	1.553000	1.649000	1402294808	462	3228655	84417943	492333734	345110142	18973417
1496402806009576949	splash2x.barnes	1400	40	1.000000	1.545000	1.640000	1350809790	436	3114066	79499355	461145152	324796702	18236315
1496402806518876001	splash2x.barnes	1400	40	1.000000	1.545000	1.640000	511534312	22808	1998148	40307304	129792314	120919867	8086718
1496402807029045052	splash2x.fmm	1400	39	1.000000	0.592000	0.629000	774046030	72107	4789735	66679741	169010710	203796151	13906817
1496402807539545268	splash2x.fmm	1400	38	1.000000	0.819000	0.866000	772741605	71215	4752318	69307630	172397886	205198087	13743407
1496402808049550319	splash2x.fmm	1400	38	1.000000	0.818000	0.865000	771901881	70221	4708438	72536573	176495095	206742267	13559086
1496402808559646119	splash2x.fmm	1400	38	1.000000	0.826000	0.873000	754470672	29182	2049248	51069524	127055544	129047661	7514715
1496402809069210296	splash2x.fmm	1400	38	1.000000	0.753000	0.796000	978797398	68195	1905230	59035598	178485241	171115760	13612536
1496402809579022388	splash2x.fmm	1400	38	1.000000	0.755000	0.798000	857502367	75936	3800798	61284238	175008364	206461899	17006069
1496402810088285273	splash2x.fmm	1400	37	1.000000	0.928000	0.981000	1057103520	409	3174594	52877921	184388256	222501029	11247990
1496402810597450158	splash2x.fmm	1400	38	1.000000	0.931000	0.984000	1402255568	460	772034	50302911	262315922	304775971	6727993
1496402811106662627	splash2x.fmm	1400	38	1.000000	1.368000	1.451000	1402218380	454	740210	52854806	273194341	317432583	6688130
1496402811616042803	splash2x.fmm	1400	39	1.000000	1.407000	1.492000	1402225524	456	746676	52402631	271283508	315236658	6670660
1496402812125205272	splash2x.fmm	1400	39	1.000000	1.384000	1.468000	1402180964	454	667937	69164716	344532567	404114687	5922022
1496402812634456740	splash2x.fmm	1400	39	1.000000	1.590000	1.688000	1376592998	786	3609483	81344422	238057485	279076947	15913591
1496402813143676083	splash2x.fmm	1400	39	1.000000	1.300000	1.379000	1402187603	454	773187	49176248	257660661	299369732	6654731
1496402813652849135	splash2x.fmm	1400	39	1.000000	1.390000	1.474000	1402234221	458	748223	52519546	271782697	315940688	6656374
1496402814162123145	splash2x.fmm	1400	39	1.000000	1.414000	1.500000	1401919480	458	748418	53764397	277072793	322195578	6590212
1496402814671432780	splash2x.fmm	1400	39	1.000000	1.425000	1.511000	1402073824	460	720862	61530730	311172059	363910016	6317356
1496402815180667624	splash2x.fmm	1400	39	1.000000	1.449000	1.537000	1398144876	541	3416378	89801297	267265963	333731616	14345253
1496402815689953342	splash2x.fmm	1400	39	1.000000	1.225000	1.298000	1401950484	516	898425	49342834	269285142	294022751	7927929
1496402816199125810	splash2x.fmm	1400	39	1.000000	1.368000	1.451000	1401933816	450	746913	51564156	267735776	311191813	6616601
1496402816708496695	splash2x.fmm	1400	39	1.000000	1.373000	1.456000	1401929236	456	741204	52434478	271526931	315159250	6595464
1496402817217796455	splash2x.fmm	1400	39	1.000000	1.395000	1.480000	1401912780	454	754565	53846103	277798117	323564038	6556731
1496402817726984882	splash2x.fmm	1400	39	1.000000	1.389000	1.473000	1399541424	485	1056269	79689338	311041892	364785137	11242994
1496402818236223142	splash2x.fmm	1400	39	1.000000	1.476000	1.567000	1401979133	559	3273809	66934267	258465182	304149085	10873830
1496402818745422527	splash2x.fmm	1400	39	1.000000	1.379000	1.463000	1401915220	462	761567	51326952	266761471	310009285	6590246
1496402819254553787	splash2x.fmm	1400	39	1.000000	1.406000	1.491000	1401908752	448	748352	52884572	273382051	317650362	6630775
1496402819763626881	splash2x.fmm	1400	39	1.000000	1.413000	1.499000	1401934560	450	746752	51326686	266750059	309889553	6618283
1496402820272911141	splash2x.fmm	1400	39	1.000000	1.391000	1.475000	1396522338	475	647615	81717009	353780301	413740343	6738542
1496402820782680858	splash2x.fmm	1400	39	1.000000	1.308000	1.387000	1400886949	560	3621465	67739453	229616038	271512709	15142469
1496402821291768244	splash2x.fmm	1400	39	1.000000	1.380000	1.464000	1401889646	446	767400	50266074	262328069	304715267	6604759
1496402821801067462	splash2x.fmm	1400	39	1.000000	1.389000	1.473000	1402123994	452	742504	52492943	271725793	315549489	6581247
1496402822310096222	splash2x.fmm	1400	39	1.000000	1.391000	1.475000	1401874280	450	748892	51814938	268840894	312407955	6661537
1496402822819177024	splash2x.fmm	1400	39	1.000000	1.481000	1.571000	1401893954	452	669633	71417892	354323852	416096281	5867611
1496402823328760200	splash2x.radiosity	1400	39	1.000000	1.017000	1.075000	788721309	3303	728964	50800455	131633973	141869470	7751958
1496402823839188959	splash2x.radiosity	1400	38	1.000000	0.520000	0.552000	747588313	67734	4577545	67493588	168216944	198049052	13108781
1496402824349351134	splash2x.radiosity	1400	38	1.000000	0.817000	0.864000	772733233	71705	4757906	68333857	170978722	204207120	13674155
1496402824859623726	splash2x.radiosity	1400	38	1.000000	0.821000	0.868000	772161260	70782	4727592	71301720	174780285	205866018	13503644
1496402825369435736	splash2x.radiosity	1400	38	1.000000	0.822000	0.869000	778226400	75975	3721697	66717446	179792772	193513078	13159936
1496402825879419286	splash2x.radiosity	1400	38	1.000000	0.840000	0.888000	713520766	74101	1641057	55232346	172329563	158887905	12780468
1496402826389335920	splash2x.radiosity	1400	38	1.000000	0.785000	0.830000	714156165	84940	1910586	57869021	183243003	165321802	11216578
1496402826899291513	splash2x.radiosity	1400	38	1.000000	0.794000	0.840000	707203932	101613	1752840	58329388	192484218	156402675	13694132
1496402827409096522	splash2x.radiosity	1400	37	1.000000	0.752000	0.794000	743138327	29420	543611	24789612	98322426	64581645	24954871
1496402827918142949	splash2x.radiosity	1400	38	1.000000	1.265000	1.342000	1401782540	3029	10896647	243803849	511515446	627439950	7105686
1496402828427098876	splash2x.radiosity	1400	38	1.000000	1.669000	1.772000	1401891283	531	13559229	270698517	515859623	695478613	7880396
1496402828936119095	splash2x.radiosity	1400	39	1.000000	1.668000	1.771000	1402017198	545	12486188	263841151	524518850	679722515	8159197
1496402829445037397	splash2x.radiosity	1400	39	1.000000	1.636000	1.737000	1401899170	686	9982122	252065315	533148110	639961431	5606116
1496402829954031782	splash2x.radiosity	1400	39	1.000000	1.634000	1.735000	1401908621	809	12168291	245880983	526309076	642321381	6471084
1496402830462975918	splash2x.radiosity	1400	39	1.000000	1.637000	1.738000	1401940640	741	11144142	247342693	537574611	638372166	5415884
1496402830972080220	splash2x.radiosity	1400	39	1.000000	1.634000	1.735000	1402148111	670	10944680	251443460	532209474	639848134	5788911
1496402831481127063	splash2x.radiosity	1400	39	1.000000	1.645000	1.746000	1401867222	686	10744260	251702615	529516034	637570789	5866506
1496402831990161073	splash2x.radiosity	1400	40	1.000000	1.643000	1.744000	1402288656	735	10710470	245329577	528979080	625519942	5123216
1496402832499287667	splash2x.radiosity	1400	40	1.000000	1.632000	1.733000	1402049917	824	10591052	240563926	526812035	619883349	5682932
1496402833008265886	splash2x.radiosity	1400	40	1.000000	1.627000	1.727000	1401813675	1028	10084465	224704666	527625599	587400086	5920909
1496402833517336854	splash2x.radiosity	1400	40	1.000000	1.602000	1.701000	1401795864	723	12220769	239321259	522031207	633302525	6479980
1496402834026343365	splash2x.radiosity	1400	40	1.000000	1.635000	1.736000	1401802240	1031	10561631	232955012	537059012	602374941	5299085
1496402834535412833	splash2x.radiosity	1400	40	1.000000	1.613000	1.713000	1401804116	876	11332304	232156324	532860446	610142377	5203917
1496402835044419510	splash2x.radiosity	1400	40	1.000000	1.629000	1.729000	1401796661	877	10669637	241831152	540268036	620471128	5699462
1496402835553345312	splash2x.radiosity	1400	40	1.000000	1.620000	1.720000	1402181477	797	10365004	250314311	536195073	628171647	4822272
1496402836062428031	splash2x.radiosity	1400	40	1.000000	1.630000	1.731000	1401790326	1113	10825385	231590926	528046749	604565400	5201050
1496402836571408833	splash2x.radiosity	1400	40	1.000000	1.616000	1.716000	1401790177	971	10440617	237684342	524071291	604571567	4551797
1496402837080322260	splash2x.radiosity	1400	40	1.000000	1.614000	1.714000	1401806170	1089	9167552	237712575	534293840	594253589	4155756
1496402837589287354	splash2x.radiosity	1400	40	1.000000	1.611000	1.710000	1401631956	957	9999423	216547330	552464737	588525757	5472810
1496402838098373698	splash2x.radiosity	1400	40	1.000000	1.605000	1.704000	1401784293	980	10272520	217129083	549576214	591089383	6487504
1496402838607674208	splash2x.radiosity	1400	40	1.000000	1.607000	1.706000	1401805525	990	9746753	226736449	550580970	594400340	6416574
1496402839116736218	splash2x.radiosity	1400	40	1.000000	1.618000	1.718000	1401831207	1074	9694761	221641392	549013139	586154449	6688132
1496402839625589812	splash2x.radiosity	1400	40	1.000000	1.633000	1.734000	1402051455	979	10514867	230726322	539286661	603763186	5160614
1496402840134617405	splash2x.radiosity	1400	40	1.000000	1.620000	1.720000	1401806207	1049	10307412	227356379	537554168	597070291	5753289
1496402840643673416	splash2x.radiosity	1400	40	1.000000	1.612000	1.711000	1401796100	1078	10517499	229853619	538417119	600859608	5975411
1496402841152798093	splash2x.radiosity	1400	40	1.000000	1.614000	1.714000	1401813986	1050	11306337	234212628	537123263	614190482	6083130
1496402841661913311	splash2x.radiosity	1400	40	1.000000	1.627000	1.727000	1401867604	1024	10698328	240675905	525988126	610013644	5901740
1496402842171034405	splash2x.radiosity	1400	40	1.000000	1.617000	1.717000	1402018406	1154	10344445	237389995	518532688	599922021	5682676
1496402842679953540	splash2x.radiosity	1400	40	1.000000	1.602000	1.701000	1401802714	1606	8297154	223087079	536151286	561944452	4282487
1496402843188964509	splash2x.radiosity	1400	40	1.000000	1.582000	1.680000	1401659280	1236	11042552	218571965	529680525	591612922	7048007
1496402843698021144	splash2x.radiosity	1400	40	1.000000	1.605000	1.704000	1401793212	1483	10427283	215400005	511366925	572336859	8511526
1496402844207110779	splash2x.radiosity	1400	40	1.000000	1.578000	1.675000	1401787844	1827	8769519	215901234	521064637	555982756	7074768
1496402844716138290	splash2x.radiosity	1400	40	1.000000	1.583000	1.681000	1401588138	1573	9962963	203135665	498948869	545619849	9891929
1496402845225111883	splash2x.radiosity	1400	40	1.000000	1.563000	1.659000	1401403527	1401	8337002	178402895	444613774	469654499	14282243
1496402845734788518	splash2x.radiosity	1400	40	1.000000	1.537000	1.632000	1400973120	1567	3064708	89106524	270951644	212215046	26879473
1496402846243827570	splash2x.radiosity	1400	39	1.000000	1.310000	1.389000	712065822	345	1937498	182657308	182934734	57831425	20306321
1496402846752970205	splash2x.radiosity	1400	39	1.000000	0.725000	0.767000	701507597	260	1495825	177633322	177143904	44659640	23905016
1496402847262205507	splash2x.radiosity	1400	38	1.000000	0.722000	0.763000	702640404	279	1401044	127469655	183417010	115855675	9963800
1496402847772395307	splash2x.raytrace	1400	38	1.000000	0.765000	0.809000	533531751	44269	3062679	48371236	120247109	138884060	8947312
1496402848282678149	splash2x.raytrace	1400	38	1.000000	0.772000	0.818000	773600261	71709	4772427	67770605	170532124	204429956	13748758
1496402848792651116	splash2x.raytrace	1400	37	1.000000	0.811000	0.858000	772540582	70975	4742369	70283574	173675622	205796225	13614762
1496402849302625667	splash2x.raytrace	1400	37	1.000000	0.828000	0.876000	798873499	71968	4751675	73425792	180134733	210730360	13999590
1496402849811959594	splash2x.raytrace	1400	37	1.000000	0.871000	0.921000	1150080952	3753	1957652	133639382	332484469	280667171	82984116
1496402850321150104	splash2x.raytrace	1400	38	1.000000	1.699000	1.806000	1402215832	659	817273	135692147	398293039	307291183	130074125
1496402850830333905	splash2x.raytrace	1400	38	1.000000	1.708000	1.815000	1401981932	556	707737	136446240	397831504	304600879	127511119
1496402851339694082	splash2x.raytrace	1400	39	1.000000	1.704000	1.811000	1402219129	568	578907	134871098	400221777	306240100	129249004
1496402851848899259	splash2x.raytrace	1400	39	1.000000	1.708000	1.813000	1402145135	666	779731	131009095	398390685	307452456	130606975
1496402852358468852	splash2x.raytrace	1400	39	1.000000	1.710000	1.816000	1402127483	616	713660	132439972	399836063	308278968	131452811
1496402852867695028	splash2x.raytrace	1400	39	1.000000	1.709000	1.816000	1402094369	652	604114	132983280	398108022	306069526	131458402
1496402853376874414	splash2x.raytrace	1400	39	1.000000	1.710000	1.817000	1402134502	742	601815	133992473	402130245	308177186	129352837
1496402853886209590	splash2x.raytrace	1400	40	1.000000	1.712000	1.819000	1402280695	618	637858	135115153	399830937	306927493	129611491
1496402854395307767	splash2x.raytrace	1400	40	1.000000	1.707000	1.814000	1402116235	670	732482	131476698	396857449	305892610	130645557
1496402854904557360	splash2x.raytrace	1400	40	1.000000	1.711000	1.817000	1402120221	576	680768	134083147	397614411	306406075	131896053
1496402855413711746	splash2x.raytrace	1400	40	1.000000	1.710000	1.816000	1402126404	597	678894	134126761	397952136	306917087	131637992
1496402855922977464	splash2x.raytrace	1400	40	1.000000	1.716000	1.822000	1402138263	704	685428	133960663	401027427	308532858	132562579
1496402856432193099	splash2x.raytrace	1400	40	1.000000	1.714000	1.820000	1402095884	709	657843	132708741	400297181	307580069	131455358
1496402856941510276	splash2x.raytrace	1400	40	1.000000	1.710000	1.816000	1402280681	666	643030	133432149	401915105	308958880	130803882
1496402857450657744	splash2x.raytrace	1400	40	1.000000	1.714000	1.820000	1402113884	531	592816	133370340	400073194	306697023	131908944
1496402857960063837	splash2x.raytrace	1400	40	1.000000	1.710000	1.816000	1402095015	546	581712	131119543	396392626	303410864	131909552
1496402858469236306	splash2x.raytrace	1400	40	1.000000	1.707000	1.812000	1402125186	527	555024	130406142	398222727	303935873	132878398
1496402858978354982	splash2x.raytrace	1400	40	1.000000	1.712000	1.818000	1402097186	611	640484	131202790	400445988	306631026	133522547
1496402859487591618	splash2x.raytrace	1400	40	1.000000	1.720000	1.826000	1402110205	582	758372	132286621	403723393	310434921	134246767
1496402859996793086	splash2x.raytrace	1400	40	1.000000	1.720000	1.826000	1402451932	622	699417	131258458	401785359	308930452	132373512
1496402860506361804	splash2x.raytrace	1400	40	1.000000	1.721000	1.829000	1402388964	588	668230	131362888	399295563	307605528	131859489
1496402861015555856	splash2x.raytrace	1400	40	1.000000	1.715000	1.821000	1402240752	615	473480	133831468	401027266	308064916	132039574
1496402861524841949	splash2x.raytrace	1400	40	1.000000	1.711000	1.817000	1401886496	559	630439	131525094	400291524	307249170	133360432
1496402862034087251	splash2x.raytrace	1400	40	1.000000	1.713000	1.819000	1401938092	542	579886	131309178	400866382	308004479	133167121
1496402862543179178	splash2x.raytrace	1400	40	1.000000	1.716000	1.822000	1401916355	563	762331	131316041	404151505	309848729	134187309
1496402863052321021	splash2x.raytrace	1400	40	1.000000	1.719000	1.827000	1402056552	566	835436	130850133	406028989	311461627	134910510
1496402863561740156	splash2x.raytrace	1400	40	1.000000	1.725000	1.833000	1401921552	604	720484	130225489	403368537	309862663	133700669
1496402864071004624	splash2x.raytrace	1400	40	1.000000	1.716000	1.824000	1401926464	608	720532	129990686	403668700	310186205	133743512
1496402864580090801	splash2x.raytrace	1400	40	1.000000	1.717000	1.825000	1401908636	610	531364	133084528	398008392	306280888	131117485
1496402865089283186	splash2x.raytrace	1400	40	1.000000	1.713000	1.820000	1401925444	566	527343	131378135	396325518	304394189	130789469
1496402865598365030	splash2x.raytrace	1400	40	1.000000	1.697000	1.802000	1401928136	589	616367	132362731	401857298	308012033	133428090
1496402866107524582	splash2x.raytrace	1400	40	1.000000	1.714000	1.821000	1401916601	596	715414	131914430	403431248	309579933	134272968
1496402866616731300	splash2x.raytrace	1400	41	1.000000	1.720000	1.826000	1401935511	576	773160	131320410	404251668	310349263	134545752
1496402867126046018	splash2x.raytrace	1400	40	1.000000	1.722000	1.828000	1402097092	593	731663	130981828	404070863	309648653	134129234
1496402867635315403	splash2x.raytrace	1400	40	1.000000	1.723000	1.829000	1401927340	581	720313	130634486	403647469	310483493	133501342
1496402868144493455	splash2x.raytrace	1400	40	1.000000	1.716000	1.824000	1401908772	699	604156	131650340	401720309	308651269	129754121
1496402868653636424	splash2x.raytrace	1400	40	1.000000	1.712000	1.818000	1401933864	673	666179	132270642	402629561	309295383	131295221
1496402869162888517	splash2x.raytrace	1400	40	1.000000	1.713000	1.819000	1401925964	588	627116	131625618	402604279	308756962	132749733
1496402869672069527	splash2x.raytrace	1400	40	1.000000	1.718000	1.826000	1401905109	560	653089	131578953	403848485	310364629	133700081
1496402870181367662	splash2x.raytrace	1400	41	1.000000	1.717000	1.823000	1402165319	579	756930	130847630	403756161	311195403	132685462
1496402870690594214	splash2x.raytrace	1400	41	1.000000	1.720000	1.828000	1402065322	529	701502	132509691	406812296	313402711	131663353
1496402871199844099	splash2x.raytrace	1400	40	1.000000	1.716000	1.824000	1401939043	661	581325	133088955	403860811	309794007	128768317
1496402871709094192	splash2x.raytrace	1400	40	1.000000	1.707000	1.812000	1401940288	748	683215	132350496	404142608	310929457	130389564
1496402872218213244	splash2x.raytrace	1400	40	1.000000	1.717000	1.823000	1401909320	735	769686	132862466	405999631	313328106	128685769
1496402872727971920	splash2x.water_nsquared	1400	40	1.000000	1.704000	1.809000	655357959	29884	2253239	62811618	170453888	161224877	31885860
1496402873238166095	splash2x.water_nsquared	1400	39	1.000000	0.819000	0.866000	773519058	71713	4777824	67192524	169854571	204387158	13806674
1496402873748168938	splash2x.water_nsquared	1400	39	1.000000	0.832000	0.880000	772482955	70652	4757732	69659347	172925148	205852981	13645206
1496402874258644279	splash2x.water_nsquared	1400	38	1.000000	0.832000	0.880000	773660004	69532	4717298	72733979	176989445	207589885	13482464
1496402874768187914	splash2x.water_nsquared	1400	38	1.000000	0.828000	0.876000	1003143501	23213	3284644	176694617	454755946	427754326	14475863
1496402875277349507	splash2x.water_nsquared	1400	39	1.000000	0.878000	0.928000	1401903130	452	2337429	292029741	937964933	793008524	23490524
1496402875786780684	splash2x.water_nsquared	1400	40	1.000000	1.996000	2.125000	1401897249	458	2491252	297414281	924069808	786455661	22911459
1496402876296035861	splash2x.water_nsquared	1400	40	1.000000	1.992000	2.121000	1401921395	454	2377096	299494349	922685858	785349370	22824084
1496402876805258996	splash2x.water_nsquared	1400	41	1.000000	1.989000	2.118000	1401934526	458	2312079	300385053	920176075	780061555	22657160
1496402877314369422	splash2x.water_nsquared	1400	41	1.000000	1.987000	2.116000	1401913730	454	2477974	303616215	911019346	777127782	22281114
1496402877823464474	splash2x.water_nsquared	1400	41	1.000000	1.988000	2.113000	1402259532	462	2533584	303020083	906496918	772991531	22105690
1496402878332611110	splash2x.water_nsquared	1400	41	1.000000	1.980000	2.108000	1401916382	458	2433001	306070257	899615503	765934140	21859907
1496402878841785411	splash2x.water_nsquared	1400	41	1.000000	1.918000	2.038000	828451574	326	1834160	178525850	493157005	428612639	12671445
1496402879350950838	splash2x.water_nsquared	1400	41	1.000000	1.577000	1.674000	1401926719	454	3694737	283859160	916587161	794089736	23122837
1496402879860131890	splash2x.water_nsquared	1400	41	1.000000	2.015000	2.145000	1402139598	458	3685660	284472412	910416743	786982656	22856389
1496402880369403150	splash2x.water_nsquared	1400	41	1.000000	2.008000	2.138000	1401912334	454	3744847	289586910	902229222	782831957	22433856
1496402880878563618	splash2x.water_nsquared	1400	42	1.000000	2.008000	2.138000	1401929862	460	3670146	292501461	898060192	781221081	22279908
1496402881387744420	splash2x.water_nsquared	1400	42	1.000000	2.004000	2.130000	1402263586	456	3653467	292461939	895467735	776820230	22121841
1496402881897097347	splash2x.water_nsquared	1400	42	1.000000	1.996000	2.125000	1401946386	458	3623091	295527329	889358150	772411662	21839920
1496402882406749315	splash2x.water_nsquared	1400	42	1.000000	2.002000	2.128000	1401964980	454	3678464	296367417	885029876	770424705	21662015
1496402882915975241	splash2x.water_nsquared	1400	42	1.000000	1.995000	2.124000	992364877	346	2655209	214516711	613536338	534065825	14777436
1496402883425122085	splash2x.water_nsquared	1400	41	1.000000	1.205000	1.277000	1280910595	459	3681039	252673088	799652165	697325440	21229153
1496402883934272053	splash2x.water_nsquared	1400	42	1.000000	2.014000	2.144000	1401910393	458	3662522	287981218	909715762	790301880	22854160
1496402884443368563	splash2x.water_nsquared	1400	42	1.000000	2.014000	2.144000	1401892977	454	3691683	285846720	906661452	785340640	22721415
1496402884952591699	splash2x.water_nsquared	1400	42	1.000000	2.009000	2.139000	1402275231	460	3730010	289250318	900551319	780122270	22380783
1496402885461892250	splash2x.water_nsquared	1400	42	1.000000	2.007000	2.133000	1401903624	452	3776114	293340788	893697718	778495790	22084141
1496402885971127010	splash2x.water_nsquared	1400	42	1.000000	2.000000	2.126000	1401870298	458	3679404	294128871	891228134	774901025	21973065
1496402886480383062	splash2x.water_nsquared	1400	42	1.000000	1.998000	2.123000	1401871591	458	3633873	296413061	886077188	769513491	21712775
1496402886989557655	splash2x.water_nsquared	1400	42	1.000000	1.998000	2.127000	1246068261	416	3202815	265858859	778606727	677258926	19001848
1496402887498675499	splash2x.water_nsquared	1400	42	1.000000	1.148000	1.216000	1027925958	392	3047849	207136767	622635273	547739951	16512527
1496402888007881092	splash2x.water_nsquared	1400	42	1.000000	2.019000	2.150000	1402111975	461	3667262	283273082	915223240	789770238	23086155
1496402888517081102	splash2x.water_nsquared	1400	42	1.000000	2.014000	2.144000	1402260855	455	3682319	289115248	905693551	785772664	22648901
1496402889026273738	splash2x.water_nsquared	1400	42	1.000000	2.008000	2.138000	1402268647	458	3680442	289580768	901627954	783187271	22495493
1496402889535549206	splash2x.water_nsquared	1400	42	1.000000	2.007000	2.137000	1401945542	452	3677677	290300756	899170909	779161776	22326468
1496402890044764383	splash2x.water_nsquared	1400	42	1.000000	2.004000	2.134000	1402044699	456	3771359	294354404	886652047	772239415	21789630
1496402890553925643	splash2x.water_nsquared	1400	42	1.000000	2.000000	2.130000	1402032171	458	3809100	295745109	883264780	769026815	21593737
1496402891063130611	splash2x.water_nsquared	1400	42	1.000000	1.995000	2.124000	872383529	333	2473377	188695952	519081531	460019201	12913466
1496402891572328955	splash2x.water_nsquared	1400	42	1.000000	1.469000	1.558000	1401985026	452	4348007	286431987	860243549	791058598	22858365
1496402892081493756	splash2x.water_nsquared	1400	42	1.000000	1.997000	2.126000	1401973353	446	4187386	287145929	862247121	787249742	22848067
1496402892590636725	splash2x.water_nsquared	1400	42	1.000000	1.995000	2.120000	1401966485	450	4274501	291650043	853433737	781221508	22380363
1496402893099927943	splash2x.water_nsquared	1400	42	1.000000	1.992000	2.117000	1401974907	446	4293936	295600075	848157132	780887839	22128343
1496402893609656036	splash2x.water_nsquared	1400	42	1.000000	1.990000	2.115000	1401967903	450	4116182	296248215	849820142	777530107	22131004
1496402894118742671	splash2x.water_nsquared	1400	42	1.000000	1.985000	2.110000	1401916892	448	4074660	299143279	844953637	772618708	21856602
1496402894627839973	splash2x.water_nsquared	1400	42	1.000000	1.986000	2.115000	1401922013	454	4140180	300647646	839314096	770233505	21630813
1496402895137039483	splash2x.water_nsquared	1400	42	1.000000	1.983000	2.111000	1004990121	332	2853982	222399029	599836828	546524420	15143769
