#Timestamp	CPU(0) Frequency(MHz)	CPU(0) Temperature(C)	A7 Voltage(V)	A7 Current(A)	A7 Power(W)	CPU(4) Frequency(MHz)	CPU(4) Temperature(C)	A15 Voltage(V)	A15 Current(A)	A15 Power(W)	GPU Frequency(MHz)	GPU Temperature(C)	GPU Voltage(V)	GPU Current(A)	GPU Power(W)	RAM Voltage(V)	RAM Current(A)	RAM Power(W)
1496402710749554825	1400 42 1.200000 0.215000 0.270000 1400 38 1.000000 0.449000 0.478000 600 41 0.900000 0.072000 0.071000 1.200000 0.049000 0.059000
1496402711259766334	1400 42 1.200000 0.104000 0.132000 1400 38 1.000000 0.818000 0.865000 600 41 0.900000 0.072000 0.071000 1.200000 0.020000 0.024000
1496402711769811968	1400 42 1.200000 0.105000 0.133000 1400 38 1.000000 0.818000 0.865000 600 41 0.900000 0.071000 0.070000 1.200000 0.017000 0.020000
1496402712279561644	1400 42 1.200000 0.100000 0.127000 1400 38 1.000000 0.823000 0.870000 600 41 0.900000 0.071000 0.070000 1.200000 0.016000 0.019000
1496402712789547694	1400 40 1.200000 0.100000 0.127000 1400 38 1.000000 0.796000 0.842000 600 41 0.900000 0.071000 0.070000 1.200000 0.065000 0.079000
1496402713299510953	1400 43 1.200000 0.099000 0.126000 1400 38 1.000000 1.043000 1.105000 600 41 0.900000 0.071000 0.070000 1.200000 0.066000 0.080000
1496402713809444129	1400 45 1.200000 0.103000 0.131000 1400 39 1.000000 0.801000 0.847000 600 41 0.900000 0.071000 0.070000 1.200000 0.076000 0.092000
1496402714318664306	1400 46 1.200000 0.104000 0.132000 1400 39 1.000000 1.406000 1.493000 600 42 0.900000 0.071000 0.070000 1.200000 0.059000 0.071000
1496402714827855899	1400 47 1.200000 0.105000 0.133000 1400 39 1.000000 1.510000 1.603000 600 42 0.900000 0.071000 0.070000 1.200000 0.048000 0.058000
1496402715337180784	1400 46 1.200000 0.107000 0.136000 1400 40 1.000000 1.512000 1.605000 600 43 0.900000 0.072000 0.071000 1.200000 0.043000 0.052000
1496402715846411544	1400 47 1.200000 0.106000 0.134000 1400 40 1.000000 1.482000 1.573000 600 43 0.900000 0.072000 0.071000 1.200000 0.047000 0.057000
1496402716355634221	1400 47 1.200000 0.104000 0.132000 1400 40 1.000000 1.478000 1.569000 600 43 0.900000 0.072000 0.071000 1.200000 0.036000 0.043000
1496402716865119189	1400 47 1.200000 0.099000 0.126000 1400 40 1.000000 1.491000 1.583000 600 43 0.900000 0.072000 0.071000 1.200000 0.040000 0.048000
1496402717374549574	1400 47 1.200000 0.099000 0.126000 1400 40 1.000000 1.446000 1.535000 600 43 0.900000 0.072000 0.071000 1.200000 0.027000 0.032000
1496402717883956750	1400 47 1.200000 0.099000 0.126000 1400 40 1.000000 1.461000 1.551000 600 43 0.900000 0.072000 0.071000 1.200000 0.028000 0.034000
1496402718393398968	1400 47 1.200000 0.099000 0.126000 1400 40 1.000000 1.450000 1.539000 600 43 0.900000 0.072000 0.071000 1.200000 0.028000 0.034000
1496402718902619729	1400 47 1.200000 0.099000 0.126000 1400 40 1.000000 1.472000 1.563000 600 43 0.900000 0.072000 0.071000 1.200000 0.029000 0.035000
1496402719411856155	1400 46 1.200000 0.099000 0.126000 1400 40 1.000000 1.497000 1.589000 600 43 0.900000 0.072000 0.071000 1.200000 0.037000 0.044000
1496402719920956374	1400 47 1.200000 0.102000 0.129000 1400 40 1.000000 1.522000 1.616000 600 43 0.900000 0.072000 0.071000 1.200000 0.036000 0.043000
1496402720429991759	1400 48 1.200000 0.101000 0.128000 1400 40 1.000000 1.552000 1.648000 600 43 0.900000 0.072000 0.071000 1.200000 0.026000 0.031000
1496402720939221936	1400 48 1.200000 0.098000 0.124000 1400 40 1.000000 1.554000 1.650000 600 43 0.900000 0.072000 0.071000 1.200000 0.025000 0.030000
1496402721448147446	1400 48 1.200000 0.106000 0.134000 1400 40 1.000000 1.536000 1.631000 600 43 0.900000 0.072000 0.071000 1.200000 0.026000 0.031000
1496402721957286498	1400 47 1.200000 0.107000 0.136000 1400 40 1.000000 1.489000 1.581000 600 43 0.900000 0.072000 0.071000 1.200000 0.024000 0.029000
1496402722466293800	1400 48 1.200000 0.104000 0.132000 1400 40 1.000000 1.502000 1.595000 600 43 0.900000 0.072000 0.071000 1.200000 0.024000 0.029000
1496402722975423769	1400 48 1.200000 0.101000 0.128000 1400 40 1.000000 1.516000 1.609000 600 43 0.900000 0.073000 0.072000 1.200000 0.021000 0.025000
1496402723484395821	1400 48 1.200000 0.101000 0.128000 1400 40 1.000000 1.514000 1.607000 600 43 0.900000 0.072000 0.071000 1.200000 0.023000 0.027000
1496402723993544664	1400 48 1.200000 0.102000 0.129000 1400 40 1.000000 1.499000 1.591000 600 43 0.900000 0.072000 0.071000 1.200000 0.023000 0.027000
1496402724502537175	1400 47 1.200000 0.103000 0.131000 1400 40 1.000000 1.518000 1.612000 600 43 0.900000 0.073000 0.072000 1.200000 0.025000 0.030000
1496402725011621060	1400 48 1.200000 0.104000 0.132000 1400 40 1.000000 1.510000 1.603000 600 43 0.900000 0.073000 0.072000 1.200000 0.023000 0.027000
1496402725520801070	1400 47 1.200000 0.100000 0.127000 1400 40 1.000000 1.491000 1.583000 600 43 0.900000 0.072000 0.071000 1.200000 0.024000 0.029000
1496402726030309455	1400 48 1.200000 0.157000 0.198000 1400 40 1.000000 1.479000 1.570000 600 43 0.900000 0.072000 0.071000 1.200000 0.067000 0.081000
1496402726540010547	1400 48 1.200000 0.112000 0.142000 1400 40 1.000000 1.467000 1.557000 600 43 0.900000 0.073000 0.072000 1.200000 0.028000 0.034000
1496402727049521182	1400 48 1.200000 0.110000 0.140000 1400 40 1.000000 1.450000 1.539000 600 43 0.900000 0.072000 0.071000 1.200000 0.029000 0.035000
1496402727558859984	1400 48 1.200000 0.099000 0.126000 1400 40 1.000000 1.475000 1.566000 600 43 0.900000 0.073000 0.072000 1.200000 0.018000 0.021000
1496402728068697243	1400 46 1.200000 0.105000 0.133000 1400 40 1.000000 1.476000 1.567000 600 43 0.900000 0.073000 0.072000 1.200000 0.020000 0.024000
1496402728578020836	1400 42 1.200000 0.107000 0.136000 1400 39 1.000000 1.082000 1.146000 600 42 0.900000 0.072000 0.071000 1.200000 0.019000 0.023000
1496402729087480638	1400 41 1.200000 0.103000 0.131000 1400 38 1.000000 0.766000 0.810000 600 42 0.900000 0.072000 0.071000 1.200000 0.021000 0.025000
1496402729596995897	1400 40 1.200000 0.100000 0.127000 1400 38 1.000000 0.765000 0.809000 600 41 0.900000 0.072000 0.071000 1.200000 0.020000 0.024000
1496402730107295489	1400 43 1.200000 0.109000 0.138000 1400 38 1.000000 0.775000 0.819000 600 40 0.900000 0.071000 0.070000 1.200000 0.023000 0.027000
1496402730617509914	1400 42 1.200000 0.101000 0.128000 1400 38 1.000000 0.823000 0.870000 600 41 0.900000 0.071000 0.070000 1.200000 0.041000 0.049000
1496402731127779506	1400 42 1.200000 0.108000 0.137000 1400 38 1.000000 0.810000 0.856000 600 40 0.900000 0.071000 0.070000 1.200000 0.018000 0.021000
1496402731637820640	1400 42 1.200000 0.107000 0.136000 1400 38 1.000000 0.814000 0.862000 600 40 0.900000 0.071000 0.070000 1.200000 0.019000 0.023000
1496402732147323983	1400 40 1.200000 0.102000 0.129000 1400 37 1.000000 0.914000 0.968000 600 40 0.900000 0.071000 0.070000 1.200000 0.025000 0.030000
1496402732656601493	1400 40 1.200000 0.097000 0.123000 1400 37 1.000000 0.931000 0.986000 600 41 0.900000 0.070000 0.069000 1.200000 0.040000 0.048000
1496402733165762295	1400 40 1.200000 0.102000 0.129000 1400 37 1.000000 0.817000 0.864000 600 40 0.900000 0.070000 0.069000 1.200000 0.069000 0.084000
1496402733674960889	1400 39 1.200000 0.102000 0.129000 1400 37 1.000000 0.757000 0.800000 600 40 0.900000 0.070000 0.069000 1.200000 0.043000 0.052000
1496402734184141399	1400 39 1.200000 0.104000 0.132000 1400 37 1.000000 0.768000 0.812000 600 40 0.900000 0.070000 0.069000 1.200000 0.049000 0.059000
1496402734693365742	1400 39 1.200000 0.095000 0.121000 1400 37 1.000000 0.762000 0.806000 600 40 0.900000 0.070000 0.069000 1.200000 0.041000 0.049000
1496402735202642294	1400 39 1.200000 0.096000 0.122000 1400 37 1.000000 0.767000 0.811000 600 40 0.900000 0.070000 0.069000 1.200000 0.048000 0.058000
1496402735712179137	1400 39 1.200000 0.096000 0.122000 1400 37 1.000000 0.767000 0.811000 600 40 0.900000 0.070000 0.069000 1.200000 0.054000 0.065000
1496402736221477063	1400 39 1.200000 0.098000 0.124000 1400 36 1.000000 0.744000 0.787000 600 40 0.900000 0.070000 0.069000 1.200000 0.038000 0.046000
1496402736730723823	1400 39 1.200000 0.100000 0.127000 1400 36 1.000000 0.746000 0.789000 600 40 0.900000 0.070000 0.069000 1.200000 0.038000 0.046000
1496402737240457708	1400 39 1.200000 0.103000 0.131000 1400 36 1.000000 0.743000 0.786000 600 40 0.900000 0.070000 0.069000 1.200000 0.040000 0.048000
1496402737749860593	1400 39 1.200000 0.101000 0.128000 1400 36 1.000000 0.748000 0.791000 600 40 0.900000 0.070000 0.069000 1.200000 0.051000 0.062000
1496402738259100436	1400 40 1.200000 0.097000 0.123000 1400 36 1.000000 0.826000 0.873000 600 40 0.900000 0.069000 0.068000 1.200000 0.035000 0.042000
1496402738768237738	1400 39 1.200000 0.096000 0.122000 1400 37 1.000000 1.276000 1.353000 600 40 0.900000 0.070000 0.069000 1.200000 0.010000 0.012000
1496402739278013289	1400 39 1.200000 0.095000 0.120000 1400 37 1.000000 0.826000 0.873000 600 40 0.900000 0.070000 0.069000 1.200000 0.037000 0.044000
1496402739787326674	1400 44 1.200000 0.096000 0.122000 1400 37 1.000000 0.928000 0.983000 600 40 0.900000 0.069000 0.068000 1.200000 0.050000 0.060000
1496402740296619517	1400 45 1.200000 0.096000 0.122000 1400 38 1.000000 1.547000 1.642000 600 41 0.900000 0.070000 0.069000 1.200000 0.055000 0.066000
1496402740805767277	1400 45 1.200000 0.097000 0.123000 1400 38 1.000000 1.249000 1.325000 600 41 0.900000 0.070000 0.069000 1.200000 0.054000 0.065000
1496402741315065870	1400 46 1.200000 0.098000 0.124000 1400 39 1.000000 1.516000 1.609000 600 41 0.900000 0.071000 0.070000 1.200000 0.053000 0.064000
1496402741824354922	1400 46 1.200000 0.097000 0.123000 1400 39 1.000000 1.521000 1.615000 600 42 0.900000 0.071000 0.070000 1.200000 0.052000 0.063000
1496402742333862515	1400 45 1.200000 0.102000 0.129000 1400 39 1.000000 1.345000 1.428000 600 42 0.900000 0.071000 0.070000 1.200000 0.069000 0.083000
1496402742843511191	1400 45 1.200000 0.102000 0.129000 1400 39 1.000000 1.358000 1.440000 600 42 0.900000 0.071000 0.070000 1.200000 0.155000 0.189000
1496402743352911576	1400 45 1.200000 0.110000 0.140000 1400 39 1.000000 1.333000 1.414000 600 42 0.900000 0.072000 0.071000 1.200000 0.164000 0.200000
1496402743862369252	1400 46 1.200000 0.111000 0.141000 1400 40 1.000000 1.350000 1.433000 600 42 0.900000 0.072000 0.071000 1.200000 0.165000 0.201000
1496402744371811595	1400 45 1.200000 0.110000 0.140000 1400 40 1.000000 1.367000 1.450000 600 43 0.900000 0.072000 0.071000 1.200000 0.165000 0.201000
1496402744881372480	1400 46 1.200000 0.107000 0.136000 1400 40 1.000000 1.356000 1.438000 600 43 0.900000 0.072000 0.071000 1.200000 0.163000 0.199000
1496402745390920448	1400 46 1.200000 0.107000 0.136000 1400 40 1.000000 1.335000 1.416000 600 43 0.900000 0.072000 0.071000 1.200000 0.163000 0.199000
1496402745900303166	1400 46 1.200000 0.111000 0.141000 1400 40 1.000000 1.352000 1.434000 600 43 0.900000 0.072000 0.071000 1.200000 0.164000 0.200000
1496402746409756551	1400 46 1.200000 0.114000 0.145000 1400 40 1.000000 1.349000 1.432000 600 43 0.900000 0.072000 0.071000 1.200000 0.164000 0.200000
1496402746919382935	1400 46 1.200000 0.111000 0.141000 1400 40 1.000000 1.338000 1.419000 600 43 0.900000 0.072000 0.071000 1.200000 0.163000 0.199000
1496402747428567321	1400 47 1.200000 0.109000 0.138000 1400 40 1.000000 1.371000 1.454000 600 43 0.900000 0.072000 0.071000 1.200000 0.162000 0.198000
1496402747937760122	1400 47 1.200000 0.100000 0.127000 1400 40 1.000000 1.516000 1.609000 600 43 0.900000 0.072000 0.071000 1.200000 0.052000 0.063000
1496402748446976341	1400 47 1.200000 0.101000 0.128000 1400 40 1.000000 1.530000 1.624000 600 43 0.900000 0.072000 0.071000 1.200000 0.052000 0.063000
1496402748956521642	1400 43 1.200000 0.099000 0.126000 1400 40 1.000000 1.232000 1.307000 600 43 0.900000 0.072000 0.071000 1.200000 0.054000 0.065000
1496402749466130318	1400 41 1.200000 0.102000 0.129000 1400 39 1.000000 0.951000 1.008000 600 42 0.900000 0.072000 0.071000 1.200000 0.049000 0.059000
1496402749976442702	1400 42 1.200000 0.178000 0.224000 1400 39 1.000000 0.540000 0.574000 600 41 0.900000 0.072000 0.071000 1.200000 0.044000 0.053000
1496402750487226001	1400 42 1.200000 0.104000 0.132000 1400 38 1.000000 0.766000 0.811000 600 41 0.900000 0.072000 0.071000 1.200000 0.018000 0.021000
1496402750997734635	1400 42 1.200000 0.102000 0.129000 1400 38 1.000000 0.820000 0.867000 600 41 0.900000 0.071000 0.070000 1.200000 0.016000 0.019000
1496402751507852977	1400 42 1.200000 0.106000 0.134000 1400 38 1.000000 0.815000 0.862000 600 40 0.900000 0.070000 0.069000 1.200000 0.017000 0.020000
1496402752017280403	1400 40 1.200000 0.106000 0.134000 1400 37 1.000000 0.810000 0.856000 600 40 0.900000 0.070000 0.069000 1.200000 0.019000 0.023000
1496402752526518288	1400 39 1.200000 0.094000 0.119000 1400 37 1.000000 0.658000 0.696000 600 40 0.900000 0.070000 0.069000 1.200000 0.015000 0.018000
1496402753035614257	1400 39 1.200000 0.094000 0.119000 1400 36 1.000000 0.657000 0.695000 600 40 0.900000 0.070000 0.069000 1.200000 0.014000 0.017000
1496402753544883892	1400 39 1.200000 0.096000 0.122000 1400 36 1.000000 0.658000 0.696000 600 39 0.900000 0.070000 0.069000 1.200000 0.014000 0.017000
1496402754054128944	1400 39 1.200000 0.097000 0.123000 1400 36 1.000000 0.657000 0.695000 600 39 0.900000 0.069000 0.068000 1.200000 0.013000 0.015000
1496402754563243912	1400 38 1.200000 0.099000 0.126000 1400 36 1.000000 0.657000 0.695000 600 39 0.900000 0.069000 0.068000 1.200000 0.014000 0.017000
1496402755072461422	1400 38 1.200000 0.099000 0.126000 1400 36 1.000000 0.657000 0.695000 600 39 0.900000 0.069000 0.068000 1.200000 0.014000 0.017000
1496402755581586724	1400 38 1.200000 0.100000 0.127000 1400 36 1.000000 0.658000 0.696000 600 39 0.900000 0.069000 0.068000 1.200000 0.013000 0.015000
1496402756090996192	1400 38 1.200000 0.099000 0.126000 1400 36 1.000000 0.657000 0.695000 600 39 0.900000 0.069000 0.068000 1.200000 0.013000 0.015000
1496402756600148244	1400 38 1.200000 0.093000 0.118000 1400 36 1.000000 0.657000 0.695000 600 39 0.900000 0.069000 0.068000 1.200000 0.013000 0.015000
1496402757109281463	1400 38 1.200000 0.093000 0.118000 1400 36 1.000000 0.658000 0.696000 600 39 0.900000 0.069000 0.068000 1.200000 0.013000 0.015000
1496402757618661181	1400 38 1.200000 0.097000 0.123000 1400 35 1.000000 0.656000 0.694000 600 39 0.900000 0.069000 0.068000 1.200000 0.013000 0.015000
1496402758127934774	1400 38 1.200000 0.098000 0.124000 1400 35 1.000000 0.657000 0.695000 600 39 0.900000 0.069000 0.068000 1.200000 0.014000 0.017000
1496402758637131617	1400 38 1.200000 0.100000 0.127000 1400 35 1.000000 0.656000 0.694000 600 38 0.900000 0.069000 0.068000 1.200000 0.014000 0.017000
1496402759146411252	1400 38 1.200000 0.098000 0.124000 1400 35 1.000000 0.655000 0.692000 600 38 0.900000 0.069000 0.068000 1.200000 0.015000 0.018000
1496402759655619221	1400 37 1.200000 0.096000 0.122000 1400 35 1.000000 0.655000 0.692000 600 38 0.900000 0.069000 0.068000 1.200000 0.016000 0.019000
1496402760164930814	1400 37 1.200000 0.094000 0.119000 1400 35 1.000000 0.656000 0.694000 600 38 0.900000 0.069000 0.068000 1.200000 0.013000 0.015000
1496402760674191366	1400 44 1.200000 0.096000 0.122000 1400 36 1.000000 1.000000 1.060000 600 39 0.900000 0.069000 0.068000 1.200000 0.036000 0.043000
1496402761183939667	1400 42 1.200000 0.097000 0.123000 1400 37 1.000000 1.380000 1.465000 600 40 0.900000 0.069000 0.068000 1.200000 0.056000 0.068000
1496402761693269510	1400 44 1.200000 0.099000 0.126000 1400 37 1.000000 1.172000 1.243000 600 40 0.900000 0.069000 0.068000 1.200000 0.066000 0.080000
1496402762202578853	1400 45 1.200000 0.095000 0.120000 1400 38 1.000000 1.588000 1.686000 600 41 0.900000 0.070000 0.069000 1.200000 0.022000 0.026000
1496402762711840905	1400 46 1.200000 0.095000 0.120000 1400 38 1.000000 1.605000 1.704000 600 41 0.900000 0.070000 0.069000 1.200000 0.012000 0.014000
1496402763221046748	1400 46 1.200000 0.097000 0.123000 1400 38 1.000000 1.605000 1.704000 600 41 0.900000 0.070000 0.069000 1.200000 0.009000 0.010000
1496402763730271467	1400 46 1.200000 0.097000 0.123000 1400 38 1.000000 1.616000 1.716000 600 42 0.900000 0.070000 0.069000 1.200000 0.006000 0.007000
1496402764239527393	1400 47 1.200000 0.096000 0.122000 1400 39 1.000000 1.610000 1.709000 600 42 0.900000 0.071000 0.070000 1.200000 0.003000 0.003000
1496402764748713904	1400 46 1.200000 0.106000 0.134000 1400 39 1.000000 1.607000 1.706000 600 42 0.900000 0.071000 0.070000 1.200000 0.003000 0.003000
1496402765257976705	1400 47 1.200000 0.097000 0.123000 1400 39 1.000000 1.600000 1.699000 600 42 0.900000 0.071000 0.070000 1.200000 0.006000 0.007000
1496402765767347132	1400 47 1.200000 0.099000 0.126000 1400 39 1.000000 1.609000 1.708000 600 42 0.900000 0.071000 0.070000 1.200000 0.004000 0.004000
1496402766276639183	1400 47 1.200000 0.099000 0.125000 1400 39 1.000000 1.612000 1.711000 600 42 0.900000 0.072000 0.071000 1.200000 0.005000 0.006000
1496402766786015277	1400 47 1.200000 0.101000 0.128000 1400 39 1.000000 1.617000 1.717000 600 42 0.900000 0.071000 0.070000 1.200000 0.006000 0.007000
1496402767295193162	1400 47 1.200000 0.103000 0.131000 1400 39 1.000000 1.600000 1.699000 600 42 0.900000 0.071000 0.070000 1.200000 0.006000 0.007000
1496402767804525172	1400 47 1.200000 0.105000 0.133000 1400 39 1.000000 1.612000 1.711000 600 43 0.900000 0.071000 0.070000 1.200000 0.005000 0.006000
1496402768313751098	1400 47 1.200000 0.104000 0.132000 1400 39 1.000000 1.610000 1.709000 600 42 0.900000 0.072000 0.071000 1.200000 0.006000 0.007000
1496402768822908358	1400 47 1.200000 0.103000 0.131000 1400 39 1.000000 1.607000 1.706000 600 43 0.900000 0.072000 0.071000 1.200000 0.003000 0.003000
1496402769332113952	1400 47 1.200000 0.101000 0.128000 1400 39 1.000000 1.603000 1.702000 600 43 0.900000 0.072000 0.071000 1.200000 0.003000 0.003000
1496402769841433503	1400 45 1.200000 0.099000 0.126000 1400 39 1.000000 1.544000 1.639000 600 42 0.900000 0.072000 0.071000 1.200000 0.029000 0.035000
1496402770350732972	1400 46 1.200000 0.100000 0.127000 1400 39 1.000000 1.456000 1.546000 600 42 0.900000 0.072000 0.071000 1.200000 0.033000 0.040000
1496402770860250190	1400 46 1.200000 0.099000 0.126000 1400 39 1.000000 1.406000 1.493000 600 42 0.900000 0.072000 0.071000 1.200000 0.056000 0.068000
1496402771369518366	1400 46 1.200000 0.099000 0.126000 1400 39 1.000000 1.412000 1.498000 600 42 0.900000 0.072000 0.071000 1.200000 0.057000 0.069000
1496402771879706709	1400 42 1.200000 0.137000 0.173000 1400 38 1.000000 0.732000 0.776000 600 41 0.900000 0.072000 0.071000 1.200000 0.021000 0.025000
1496402772390188550	1400 42 1.200000 0.105000 0.133000 1400 38 1.000000 0.819000 0.866000 600 41 0.900000 0.071000 0.070000 1.200000 0.017000 0.020000
1496402772900564934	1400 42 1.200000 0.102000 0.129000 1400 38 1.000000 0.824000 0.871000 600 40 0.900000 0.071000 0.070000 1.200000 0.016000 0.019000
1496402773410151443	1400 40 1.200000 0.106000 0.134000 1400 37 1.000000 0.816000 0.863000 600 40 0.900000 0.070000 0.069000 1.200000 0.018000 0.021000
1496402773919558370	1400 45 1.200000 0.111000 0.141000 1400 38 1.000000 1.454000 1.544000 600 41 0.900000 0.070000 0.069000 1.200000 0.042000 0.051000
1496402774429017838	1400 46 1.200000 0.108000 0.137000 1400 39 1.000000 1.556000 1.652000 600 42 0.900000 0.071000 0.070000 1.200000 0.201000 0.245000
1496402774938283556	1400 46 1.200000 0.108000 0.137000 1400 39 1.000000 1.557000 1.653000 600 43 0.900000 0.071000 0.070000 1.200000 0.201000 0.245000
1496402775447609608	1400 47 1.200000 0.108000 0.137000 1400 40 1.000000 1.558000 1.654000 600 43 0.900000 0.072000 0.071000 1.200000 0.201000 0.245000
1496402775957107409	1400 47 1.200000 0.112000 0.142000 1400 40 1.000000 1.560000 1.656000 600 43 0.900000 0.072000 0.071000 1.200000 0.201000 0.245000
1496402776466524585	1400 47 1.200000 0.116000 0.147000 1400 40 1.000000 1.560000 1.656000 600 43 0.900000 0.072000 0.071000 1.200000 0.202000 0.246000
1496402776975808095	1400 47 1.200000 0.116000 0.147000 1400 40 1.000000 1.560000 1.656000 600 44 0.900000 0.072000 0.071000 1.200000 0.201000 0.245000
1496402777485202272	1400 48 1.200000 0.114000 0.145000 1400 41 1.000000 1.562000 1.658000 600 44 0.900000 0.073000 0.072000 1.200000 0.200000 0.244000
1496402777994507449	1400 48 1.200000 0.114000 0.145000 1400 41 1.000000 1.562000 1.658000 600 44 0.900000 0.072000 0.071000 1.200000 0.199000 0.243000
1496402778503891750	1400 48 1.200000 0.112000 0.142000 1400 41 1.000000 1.559000 1.655000 600 44 0.900000 0.073000 0.072000 1.200000 0.200000 0.244000
1496402779013352010	1400 48 1.200000 0.111000 0.141000 1400 41 1.000000 1.557000 1.653000 600 44 0.900000 0.073000 0.072000 1.200000 0.200000 0.244000
1496402779522686811	1400 48 1.200000 0.110000 0.140000 1400 41 1.000000 1.558000 1.654000 600 44 0.900000 0.073000 0.072000 1.200000 0.200000 0.244000
1496402780032089780	1400 48 1.200000 0.117000 0.148000 1400 41 1.000000 1.554000 1.650000 600 44 0.900000 0.073000 0.072000 1.200000 0.200000 0.244000
1496402780541506748	1400 48 1.200000 0.116000 0.147000 1400 41 1.000000 1.552000 1.648000 600 44 0.900000 0.073000 0.072000 1.200000 0.201000 0.245000
1496402781050808466	1400 48 1.200000 0.114000 0.145000 1400 41 1.000000 1.553000 1.649000 600 44 0.900000 0.073000 0.072000 1.200000 0.201000 0.245000
1496402781560225517	1400 48 1.200000 0.113000 0.143000 1400 41 1.000000 1.553000 1.649000 600 44 0.900000 0.073000 0.072000 1.200000 0.200000 0.244000
1496402782069658486	1400 48 1.200000 0.114000 0.145000 1400 41 1.000000 1.553000 1.649000 600 44 0.900000 0.073000 0.072000 1.200000 0.200000 0.244000
1496402782578937787	1400 48 1.200000 0.116000 0.147000 1400 41 1.000000 1.553000 1.649000 600 44 0.900000 0.074000 0.073000 1.200000 0.200000 0.244000
1496402783088293130	1400 48 1.200000 0.118000 0.150000 1400 41 1.000000 1.553000 1.649000 600 44 0.900000 0.073000 0.072000 1.200000 0.200000 0.244000
1496402783598354973	1400 45 1.200000 0.133000 0.168000 1400 41 1.000000 0.948000 1.009000 600 43 0.900000 0.074000 0.073000 1.200000 0.200000 0.244000
1496402784108581565	1400 44 1.200000 0.104000 0.132000 1400 40 1.000000 0.823000 0.870000 600 42 0.900000 0.073000 0.072000 1.200000 0.027000 0.032000
1496402784618957281	1400 43 1.200000 0.102000 0.129000 1400 39 1.000000 0.810000 0.856000 600 42 0.900000 0.072000 0.071000 1.200000 0.019000 0.023000
1496402785128932415	1400 43 1.200000 0.101000 0.128000 1400 38 1.000000 0.821000 0.868000 600 41 0.900000 0.072000 0.071000 1.200000 0.019000 0.023000
1496402785639310841	1400 41 1.200000 0.099000 0.126000 1400 38 1.000000 0.859000 0.908000 600 41 0.900000 0.071000 0.070000 1.200000 0.030000 0.036000
1496402786148822059	1400 46 1.200000 0.104000 0.132000 1400 39 1.000000 1.212000 1.285000 600 42 0.900000 0.072000 0.071000 1.200000 0.103000 0.125000
1496402786658092902	1400 46 1.200000 0.097000 0.123000 1400 39 1.000000 1.551000 1.647000 600 42 0.900000 0.072000 0.071000 1.200000 0.026000 0.031000
1496402787167393579	1400 46 1.200000 0.100000 0.127000 1400 39 1.000000 1.557000 1.653000 600 43 0.900000 0.072000 0.071000 1.200000 0.026000 0.031000
1496402787676571464	1400 47 1.200000 0.097000 0.123000 1400 39 1.000000 1.558000 1.654000 600 43 0.900000 0.072000 0.071000 1.200000 0.025000 0.030000
1496402788185716557	1400 47 1.200000 0.103000 0.131000 1400 40 1.000000 1.557000 1.653000 600 43 0.900000 0.072000 0.071000 1.200000 0.025000 0.030000
1496402788695020567	1400 47 1.200000 0.106000 0.135000 1400 40 1.000000 1.557000 1.653000 600 43 0.900000 0.072000 0.071000 1.200000 0.024000 0.029000
1496402789204331869	1400 47 1.200000 0.104000 0.132000 1400 40 1.000000 1.558000 1.654000 600 43 0.900000 0.072000 0.071000 1.200000 0.024000 0.029000
1496402789713509587	1400 47 1.200000 0.101000 0.128000 1400 40 1.000000 1.557000 1.653000 600 43 0.900000 0.072000 0.071000 1.200000 0.025000 0.030000
1496402790222725972	1400 47 1.200000 0.099000 0.125000 1400 40 1.000000 1.550000 1.646000 600 43 0.900000 0.072000 0.071000 1.200000 0.029000 0.035000
1496402790731905232	1400 47 1.200000 0.101000 0.128000 1400 40 1.000000 1.547000 1.642000 600 43 0.900000 0.072000 0.071000 1.200000 0.028000 0.034000
1496402791241268117	1400 46 1.200000 0.106000 0.134000 1400 39 1.000000 1.108000 1.174000 600 43 0.900000 0.072000 0.071000 1.200000 0.063000 0.076000
1496402791750441502	1400 47 1.200000 0.106000 0.134000 1400 40 1.000000 1.551000 1.647000 600 43 0.900000 0.072000 0.071000 1.200000 0.026000 0.031000
1496402792259641012	1400 47 1.200000 0.099000 0.126000 1400 40 1.000000 1.559000 1.655000 600 43 0.900000 0.072000 0.071000 1.200000 0.023000 0.027000
1496402792768839981	1400 47 1.200000 0.099000 0.126000 1400 40 1.000000 1.560000 1.656000 600 43 0.900000 0.072000 0.071000 1.200000 0.023000 0.027000
1496402793277987866	1400 47 1.200000 0.100000 0.127000 1400 40 1.000000 1.560000 1.656000 600 43 0.900000 0.072000 0.071000 1.200000 0.023000 0.027000
1496402793787465709	1400 47 1.200000 0.099000 0.126000 1400 40 1.000000 1.561000 1.657000 600 43 0.900000 0.072000 0.071000 1.200000 0.023000 0.027000
1496402794296674052	1400 47 1.200000 0.097000 0.123000 1400 40 1.000000 1.560000 1.656000 600 43 0.900000 0.072000 0.071000 1.200000 0.025000 0.030000
1496402794805807104	1400 47 1.200000 0.106000 0.134000 1400 40 1.000000 1.558000 1.654000 600 43 0.900000 0.072000 0.071000 1.200000 0.023000 0.027000
1496402795315198448	1400 47 1.200000 0.106000 0.134000 1400 40 1.000000 1.551000 1.647000 600 43 0.900000 0.072000 0.071000 1.200000 0.027000 0.032000
1496402795824397333	1400 47 1.200000 0.103000 0.131000 1400 40 1.000000 1.550000 1.646000 600 43 0.900000 0.072000 0.071000 1.200000 0.027000 0.032000
1496402796333858509	1400 44 1.200000 0.103000 0.131000 1400 39 1.000000 1.550000 1.646000 600 43 0.900000 0.072000 0.071000 1.200000 0.026000 0.031000
1496402796843163436	1400 47 1.200000 0.099000 0.126000 1400 40 1.000000 1.368000 1.451000 600 43 0.900000 0.072000 0.071000 1.200000 0.070000 0.085000
1496402797352425904	1400 47 1.200000 0.099000 0.126000 1400 40 1.000000 1.551000 1.647000 600 43 0.900000 0.072000 0.071000 1.200000 0.026000 0.031000
1496402797861798080	1400 47 1.200000 0.097000 0.123000 1400 40 1.000000 1.555000 1.651000 600 43 0.900000 0.072000 0.071000 1.200000 0.026000 0.031000
1496402798371051882	1400 47 1.200000 0.106000 0.134000 1400 40 1.000000 1.559000 1.655000 600 43 0.900000 0.072000 0.071000 1.200000 0.025000 0.030000
1496402798880218726	1400 47 1.200000 0.104000 0.132000 1400 40 1.000000 1.557000 1.653000 600 43 0.900000 0.072000 0.071000 1.200000 0.025000 0.030000
1496402799389416069	1400 47 1.200000 0.102000 0.129000 1400 40 1.000000 1.557000 1.653000 600 43 0.900000 0.072000 0.071000 1.200000 0.024000 0.029000
1496402799898678121	1400 47 1.200000 0.099000 0.125000 1400 40 1.000000 1.559000 1.655000 600 43 0.900000 0.072000 0.071000 1.200000 0.023000 0.027000
1496402800407854131	1400 47 1.200000 0.102000 0.129000 1400 40 1.000000 1.550000 1.646000 600 43 0.900000 0.072000 0.071000 1.200000 0.025000 0.030000
1496402800917103141	1400 47 1.200000 0.104000 0.132000 1400 40 1.000000 1.547000 1.642000 600 43 0.900000 0.072000 0.071000 1.200000 0.027000 0.032000
1496402801426598401	1400 45 1.200000 0.098000 0.124000 1400 39 1.000000 1.163000 1.232000 600 43 0.900000 0.072000 0.071000 1.200000 0.034000 0.041000
1496402801936092035	1400 47 1.200000 0.107000 0.136000 1400 40 1.000000 1.237000 1.312000 600 43 0.900000 0.072000 0.071000 1.200000 0.086000 0.104000
1496402802445224504	1400 47 1.200000 0.104000 0.132000 1400 40 1.000000 1.552000 1.648000 600 43 0.900000 0.072000 0.071000 1.200000 0.027000 0.032000
1496402802954456805	1400 47 1.200000 0.100000 0.127000 1400 40 1.000000 1.559000 1.655000 600 43 0.900000 0.072000 0.071000 1.200000 0.025000 0.030000
1496402803463578649	1400 47 1.200000 0.101000 0.128000 1400 40 1.000000 1.561000 1.657000 600 43 0.900000 0.072000 0.071000 1.200000 0.024000 0.029000
1496402803972737367	1400 47 1.200000 0.104000 0.132000 1400 40 1.000000 1.559000 1.655000 600 43 0.900000 0.072000 0.071000 1.200000 0.023000 0.027000
1496402804481922544	1400 47 1.200000 0.106000 0.134000 1400 40 1.000000 1.560000 1.656000 600 43 0.900000 0.072000 0.071000 1.200000 0.023000 0.027000
1496402804991180638	1400 47 1.200000 0.106000 0.134000 1400 40 1.000000 1.557000 1.653000 600 43 0.900000 0.072000 0.071000 1.200000 0.023000 0.027000
1496402805500325689	1400 47 1.200000 0.099000 0.126000 1400 40 1.000000 1.553000 1.649000 600 43 0.900000 0.072000 0.071000 1.200000 0.026000 0.031000
1496402806009576949	1400 47 1.200000 0.100000 0.127000 1400 40 1.000000 1.545000 1.640000 600 43 0.900000 0.072000 0.071000 1.200000 0.029000 0.035000
1496402806518876001	1400 43 1.200000 0.101000 0.128000 1400 40 1.000000 1.545000 1.640000 600 43 0.900000 0.072000 0.071000 1.200000 0.028000 0.033000
1496402807029045052	1400 43 1.200000 0.178000 0.224000 1400 39 1.000000 0.592000 0.629000 600 42 0.900000 0.072000 0.071000 1.200000 0.047000 0.057000
1496402807539545268	1400 42 1.200000 0.101000 0.128000 1400 38 1.000000 0.819000 0.866000 600 41 0.900000 0.072000 0.071000 1.200000 0.017000 0.020000
1496402808049550319	1400 42 1.200000 0.102000 0.129000 1400 38 1.000000 0.818000 0.865000 600 41 0.900000 0.072000 0.071000 1.200000 0.017000 0.020000
1496402808559646119	1400 42 1.200000 0.101000 0.128000 1400 38 1.000000 0.826000 0.873000 600 40 0.900000 0.071000 0.070000 1.200000 0.017000 0.020000
1496402809069210296	1400 42 1.200000 0.096000 0.122000 1400 38 1.000000 0.753000 0.796000 600 40 0.900000 0.071000 0.070000 1.200000 0.025000 0.030000
1496402809579022388	1400 43 1.200000 0.102000 0.130000 1400 38 1.000000 0.755000 0.798000 600 41 0.900000 0.071000 0.070000 1.200000 0.026000 0.031000
1496402810088285273	1400 40 1.200000 0.105000 0.133000 1400 37 1.000000 0.928000 0.981000 600 40 0.900000 0.070000 0.069000 1.200000 0.058000 0.070000
1496402810597450158	1400 44 1.200000 0.104000 0.132000 1400 38 1.000000 0.931000 0.984000 600 41 0.900000 0.071000 0.070000 1.200000 0.067000 0.081000
1496402811106662627	1400 45 1.200000 0.103000 0.131000 1400 38 1.000000 1.368000 1.451000 600 41 0.900000 0.071000 0.070000 1.200000 0.031000 0.037000
1496402811616042803	1400 45 1.200000 0.104000 0.132000 1400 39 1.000000 1.407000 1.492000 600 41 0.900000 0.071000 0.070000 1.200000 0.031000 0.037000
1496402812125205272	1400 46 1.200000 0.099000 0.125000 1400 39 1.000000 1.384000 1.468000 600 41 0.900000 0.071000 0.070000 1.200000 0.031000 0.037000
1496402812634456740	1400 45 1.200000 0.099000 0.125000 1400 39 1.000000 1.590000 1.688000 600 42 0.900000 0.071000 0.070000 1.200000 0.024000 0.029000
1496402813143676083	1400 45 1.200000 0.106000 0.134000 1400 39 1.000000 1.300000 1.379000 600 41 0.900000 0.072000 0.071000 1.200000 0.109000 0.132000
1496402813652849135	1400 46 1.200000 0.106000 0.135000 1400 39 1.000000 1.390000 1.474000 600 42 0.900000 0.072000 0.071000 1.200000 0.030000 0.036000
1496402814162123145	1400 46 1.200000 0.104000 0.132000 1400 39 1.000000 1.414000 1.500000 600 42 0.900000 0.072000 0.071000 1.200000 0.029000 0.035000
1496402814671432780	1400 46 1.200000 0.097000 0.123000 1400 39 1.000000 1.425000 1.511000 600 42 0.900000 0.072000 0.071000 1.200000 0.029000 0.035000
1496402815180667624	1400 46 1.200000 0.098000 0.124000 1400 39 1.000000 1.449000 1.537000 600 42 0.900000 0.072000 0.071000 1.200000 0.021000 0.025000
1496402815689953342	1400 46 1.200000 0.102000 0.129000 1400 39 1.000000 1.225000 1.298000 600 42 0.900000 0.072000 0.071000 1.200000 0.070000 0.085000
1496402816199125810	1400 46 1.200000 0.098000 0.124000 1400 39 1.000000 1.368000 1.451000 600 42 0.900000 0.072000 0.071000 1.200000 0.032000 0.038000
1496402816708496695	1400 46 1.200000 0.104000 0.132000 1400 39 1.000000 1.373000 1.456000 600 42 0.900000 0.072000 0.071000 1.200000 0.030000 0.036000
1496402817217796455	1400 46 1.200000 0.106000 0.134000 1400 39 1.000000 1.395000 1.480000 600 42 0.900000 0.072000 0.071000 1.200000 0.032000 0.038000
1496402817726984882	1400 47 1.200000 0.102000 0.129000 1400 39 1.000000 1.389000 1.473000 600 42 0.900000 0.072000 0.071000 1.200000 0.031000 0.037000
1496402818236223142	1400 46 1.200000 0.104000 0.132000 1400 39 1.000000 1.476000 1.567000 600 42 0.900000 0.072000 0.071000 1.200000 0.038000 0.046000
1496402818745422527	1400 46 1.200000 0.099000 0.126000 1400 39 1.000000 1.379000 1.463000 600 42 0.900000 0.072000 0.071000 1.200000 0.051000 0.062000
1496402819254553787	1400 46 1.200000 0.099000 0.126000 1400 39 1.000000 1.406000 1.491000 600 42 0.900000 0.072000 0.071000 1.200000 0.031000 0.037000
1496402819763626881	1400 46 1.200000 0.098000 0.124000 1400 39 1.000000 1.413000 1.499000 600 42 0.900000 0.072000 0.071000 1.200000 0.033000 0.040000
1496402820272911141	1400 47 1.200000 0.097000 0.123000 1400 39 1.000000 1.391000 1.475000 600 42 0.900000 0.072000 0.071000 1.200000 0.031000 0.037000
1496402820782680858	1400 46 1.200000 0.104000 0.132000 1400 39 1.000000 1.308000 1.387000 600 42 0.900000 0.072000 0.071000 1.200000 0.066000 0.080000
1496402821291768244	1400 46 1.200000 0.104000 0.132000 1400 39 1.000000 1.380000 1.464000 600 42 0.900000 0.072000 0.071000 1.200000 0.030000 0.036000
1496402821801067462	1400 46 1.200000 0.098000 0.124000 1400 39 1.000000 1.389000 1.473000 600 42 0.900000 0.072000 0.071000 1.200000 0.029000 0.035000
1496402822310096222	1400 46 1.200000 0.101000 0.128000 1400 39 1.000000 1.391000 1.475000 600 42 0.900000 0.072000 0.071000 1.200000 0.030000 0.036000
1496402822819177024	1400 47 1.200000 0.104000 0.132000 1400 39 1.000000 1.481000 1.571000 600 42 0.900000 0.072000 0.071000 1.200000 0.029000 0.035000
1496402823328760200	1400 44 1.200000 0.100000 0.127000 1400 39 1.000000 1.017000 1.075000 600 42 0.900000 0.072000 0.071000 1.200000 0.091000 0.111000
1496402823839188959	1400 42 1.200000 0.130000 0.165000 1400 38 1.000000 0.520000 0.552000 600 41 0.900000 0.072000 0.071000 1.200000 0.047000 0.057000
1496402824349351134	1400 42 1.200000 0.106000 0.134000 1400 38 1.000000 0.817000 0.864000 600 41 0.900000 0.072000 0.071000 1.200000 0.019000 0.023000
1496402824859623726	1400 42 1.200000 0.102000 0.129000 1400 38 1.000000 0.821000 0.868000 600 40 0.900000 0.070000 0.069000 1.200000 0.019000 0.023000
1496402825369435736	1400 43 1.200000 0.104000 0.132000 1400 38 1.000000 0.822000 0.869000 600 40 0.900000 0.071000 0.070000 1.200000 0.018000 0.021000
1496402825879419286	1400 43 1.200000 0.105000 0.133000 1400 38 1.000000 0.840000 0.888000 600 40 0.900000 0.070000 0.069000 1.200000 0.066000 0.080000
1496402826389335920	1400 43 1.200000 0.107000 0.136000 1400 38 1.000000 0.785000 0.830000 600 40 0.900000 0.070000 0.069000 1.200000 0.047000 0.057000
1496402826899291513	1400 43 1.200000 0.102000 0.129000 1400 38 1.000000 0.794000 0.840000 600 40 0.900000 0.070000 0.069000 1.200000 0.047000 0.057000
1496402827409096522	1400 42 1.200000 0.101000 0.128000 1400 37 1.000000 0.752000 0.794000 600 40 0.900000 0.070000 0.069000 1.200000 0.074000 0.090000
1496402827918142949	1400 46 1.200000 0.096000 0.122000 1400 38 1.000000 1.265000 1.342000 600 41 0.900000 0.070000 0.069000 1.200000 0.053000 0.064000
1496402828427098876	1400 46 1.200000 0.097000 0.123000 1400 38 1.000000 1.669000 1.772000 600 41 0.900000 0.071000 0.070000 1.200000 0.005000 0.006000
1496402828936119095	1400 47 1.200000 0.097000 0.123000 1400 39 1.000000 1.668000 1.771000 600 42 0.900000 0.071000 0.070000 1.200000 0.007000 0.008000
1496402829445037397	1400 47 1.200000 0.096000 0.122000 1400 39 1.000000 1.636000 1.737000 600 42 0.900000 0.071000 0.070000 1.200000 0.008000 0.009000
1496402829954031782	1400 47 1.200000 0.097000 0.123000 1400 39 1.000000 1.634000 1.735000 600 42 0.900000 0.071000 0.070000 1.200000 0.010000 0.012000
1496402830462975918	1400 47 1.200000 0.098000 0.124000 1400 39 1.000000 1.637000 1.738000 600 42 0.900000 0.071000 0.070000 1.200000 0.007000 0.008000
1496402830972080220	1400 47 1.200000 0.098000 0.124000 1400 39 1.000000 1.634000 1.735000 600 42 0.900000 0.072000 0.071000 1.200000 0.007000 0.008000
1496402831481127063	1400 47 1.200000 0.102000 0.129000 1400 39 1.000000 1.645000 1.746000 600 43 0.900000 0.072000 0.071000 1.200000 0.009000 0.010000
1496402831990161073	1400 47 1.200000 0.105000 0.133000 1400 40 1.000000 1.643000 1.744000 600 43 0.900000 0.072000 0.071000 1.200000 0.008000 0.009000
1496402832499287667	1400 47 1.200000 0.106000 0.134000 1400 40 1.000000 1.632000 1.733000 600 43 0.900000 0.072000 0.071000 1.200000 0.008000 0.009000
1496402833008265886	1400 47 1.200000 0.103000 0.131000 1400 40 1.000000 1.627000 1.727000 600 43 0.900000 0.072000 0.071000 1.200000 0.010000 0.012000
1496402833517336854	1400 47 1.200000 0.102000 0.129000 1400 40 1.000000 1.602000 1.701000 600 43 0.900000 0.072000 0.071000 1.200000 0.012000 0.014000
1496402834026343365	1400 47 1.200000 0.101000 0.128000 1400 40 1.000000 1.635000 1.736000 600 43 0.900000 0.072000 0.071000 1.200000 0.010000 0.012000
1496402834535412833	1400 48 1.200000 0.100000 0.127000 1400 40 1.000000 1.613000 1.713000 600 43 0.900000 0.072000 0.071000 1.200000 0.010000 0.012000
1496402835044419510	1400 47 1.200000 0.101000 0.128000 1400 40 1.000000 1.629000 1.729000 600 43 0.900000 0.072000 0.071000 1.200000 0.009000 0.010000
1496402835553345312	1400 48 1.200000 0.105000 0.133000 1400 40 1.000000 1.620000 1.720000 600 43 0.900000 0.072000 0.071000 1.200000 0.008000 0.009000
1496402836062428031	1400 48 1.200000 0.107000 0.136000 1400 40 1.000000 1.630000 1.731000 600 43 0.900000 0.072000 0.071000 1.200000 0.008000 0.009000
1496402836571408833	1400 48 1.200000 0.099000 0.126000 1400 40 1.000000 1.616000 1.716000 600 43 0.900000 0.072000 0.071000 1.200000 0.010000 0.012000
1496402837080322260	1400 48 1.200000 0.098000 0.124000 1400 40 1.000000 1.614000 1.714000 600 43 0.900000 0.072000 0.071000 1.200000 0.011000 0.013000
1496402837589287354	1400 48 1.200000 0.099000 0.126000 1400 40 1.000000 1.611000 1.710000 600 43 0.900000 0.072000 0.071000 1.200000 0.011000 0.013000
1496402838098373698	1400 48 1.200000 0.099000 0.126000 1400 40 1.000000 1.605000 1.704000 600 43 0.900000 0.072000 0.071000 1.200000 0.012000 0.014000
1496402838607674208	1400 48 1.200000 0.102000 0.129000 1400 40 1.000000 1.607000 1.706000 600 43 0.900000 0.072000 0.071000 1.200000 0.011000 0.013000
1496402839116736218	1400 48 1.200000 0.105000 0.133000 1400 40 1.000000 1.618000 1.718000 600 43 0.900000 0.072000 0.071000 1.200000 0.012000 0.014000
1496402839625589812	1400 48 1.200000 0.107000 0.136000 1400 40 1.000000 1.633000 1.734000 600 43 0.900000 0.072000 0.071000 1.200000 0.012000 0.014000
1496402840134617405	1400 48 1.200000 0.104000 0.132000 1400 40 1.000000 1.620000 1.720000 600 43 0.900000 0.072000 0.071000 1.200000 0.012000 0.014000
1496402840643673416	1400 48 1.200000 0.101000 0.128000 1400 40 1.000000 1.612000 1.711000 600 43 0.900000 0.072000 0.071000 1.200000 0.012000 0.014000
1496402841152798093	1400 48 1.200000 0.099000 0.126000 1400 40 1.000000 1.614000 1.714000 600 43 0.900000 0.072000 0.071000 1.200000 0.012000 0.014000
1496402841661913311	1400 48 1.200000 0.101000 0.128000 1400 40 1.000000 1.627000 1.727000 600 43 0.900000 0.072000 0.071000 1.200000 0.014000 0.017000
1496402842171034405	1400 48 1.200000 0.099000 0.126000 1400 40 1.000000 1.617000 1.717000 600 43 0.900000 0.072000 0.071000 1.200000 0.015000 0.018000
1496402842679953540	1400 48 1.200000 0.098000 0.124000 1400 40 1.000000 1.602000 1.701000 600 43 0.900000 0.072000 0.071000 1.200000 0.017000 0.020000
1496402843188964509	1400 48 1.200000 0.106000 0.134000 1400 40 1.000000 1.582000 1.680000 600 43 0.900000 0.072000 0.071000 1.200000 0.015000 0.018000
1496402843698021144	1400 48 1.200000 0.104000 0.132000 1400 40 1.000000 1.605000 1.704000 600 43 0.900000 0.072000 0.071000 1.200000 0.017000 0.020000
1496402844207110779	1400 48 1.200000 0.101000 0.128000 1400 40 1.000000 1.578000 1.675000 600 43 0.900000 0.072000 0.071000 1.200000 0.024000 0.029000
1496402844716138290	1400 48 1.200000 0.100000 0.127000 1400 40 1.000000 1.583000 1.681000 600 43 0.900000 0.072000 0.071000 1.200000 0.021000 0.025000
1496402845225111883	1400 47 1.200000 0.102000 0.129000 1400 40 1.000000 1.563000 1.659000 600 43 0.900000 0.072000 0.071000 1.200000 0.035000 0.042000
1496402845734788518	1400 46 1.200000 0.103000 0.131000 1400 40 1.000000 1.537000 1.632000 600 43 0.900000 0.072000 0.071000 1.200000 0.046000 0.055000
1496402846243827570	1400 44 1.200000 0.108000 0.137000 1400 39 1.000000 1.310000 1.389000 600 42 0.900000 0.072000 0.071000 1.200000 0.089000 0.108000
1496402846752970205	1400 43 1.200000 0.105000 0.133000 1400 39 1.000000 0.725000 0.767000 600 41 0.900000 0.072000 0.071000 1.200000 0.015000 0.018000
1496402847262205507	1400 43 1.200000 0.101000 0.128000 1400 38 1.000000 0.722000 0.763000 600 40 0.900000 0.071000 0.070000 1.200000 0.013000 0.015000
1496402847772395307	1400 42 1.200000 0.098000 0.124000 1400 38 1.000000 0.765000 0.809000 600 40 0.900000 0.071000 0.070000 1.200000 0.037000 0.044000
1496402848282678149	1400 41 1.200000 0.106000 0.134000 1400 38 1.000000 0.772000 0.818000 600 40 0.900000 0.071000 0.070000 1.200000 0.018000 0.021000
1496402848792651116	1400 41 1.200000 0.106000 0.134000 1400 37 1.000000 0.811000 0.858000 600 40 0.900000 0.070000 0.069000 1.200000 0.017000 0.020000
1496402849302625667	1400 41 1.200000 0.108000 0.137000 1400 37 1.000000 0.828000 0.876000 600 40 0.900000 0.070000 0.069000 1.200000 0.019000 0.023000
1496402849811959594	1400 43 1.200000 0.099000 0.126000 1400 37 1.000000 0.871000 0.921000 600 40 0.900000 0.070000 0.069000 1.200000 0.023000 0.027000
1496402850321150104	1400 45 1.200000 0.096000 0.122000 1400 38 1.000000 1.699000 1.806000 600 42 0.900000 0.070000 0.069000 1.200000 0.006000 0.007000
1496402850830333905	1400 46 1.200000 0.097000 0.123000 1400 38 1.000000 1.708000 1.815000 600 42 0.900000 0.071000 0.070000 1.200000 0.009000 0.010000
1496402851339694082	1400 46 1.200000 0.097000 0.123000 1400 39 1.000000 1.704000 1.811000 600 42 0.900000 0.071000 0.070000 1.200000 0.004000 0.004000
1496402851848899259	1400 46 1.200000 0.096000 0.122000 1400 39 1.000000 1.708000 1.813000 600 43 0.900000 0.071000 0.070000 1.200000 0.008000 0.009000
1496402852358468852	1400 46 1.200000 0.097000 0.123000 1400 39 1.000000 1.710000 1.816000 600 43 0.900000 0.071000 0.070000 1.200000 0.010000 0.012000
1496402852867695028	1400 47 1.200000 0.098000 0.124000 1400 39 1.000000 1.709000 1.816000 600 43 0.900000 0.072000 0.071000 1.200000 0.013000 0.015000
1496402853376874414	1400 47 1.200000 0.100000 0.127000 1400 39 1.000000 1.710000 1.817000 600 43 0.900000 0.072000 0.071000 1.200000 0.014000 0.016000
1496402853886209590	1400 47 1.200000 0.101000 0.128000 1400 40 1.000000 1.712000 1.819000 600 43 0.900000 0.072000 0.071000 1.200000 0.011000 0.013000
1496402854395307767	1400 47 1.200000 0.099000 0.126000 1400 40 1.000000 1.707000 1.814000 600 43 0.900000 0.072000 0.071000 1.200000 0.019000 0.023000
1496402854904557360	1400 47 1.200000 0.102000 0.129000 1400 40 1.000000 1.711000 1.817000 600 44 0.900000 0.072000 0.071000 1.200000 0.019000 0.023000
1496402855413711746	1400 47 1.200000 0.105000 0.133000 1400 40 1.000000 1.710000 1.816000 600 44 0.900000 0.072000 0.071000 1.200000 0.027000 0.032000
1496402855922977464	1400 47 1.200000 0.106000 0.134000 1400 40 1.000000 1.716000 1.822000 600 44 0.900000 0.072000 0.071000 1.200000 0.010000 0.012000
1496402856432193099	1400 47 1.200000 0.104000 0.132000 1400 40 1.000000 1.714000 1.820000 600 44 0.900000 0.072000 0.071000 1.200000 0.011000 0.013000
1496402856941510276	1400 47 1.200000 0.102000 0.129000 1400 40 1.000000 1.710000 1.816000 600 44 0.900000 0.072000 0.071000 1.200000 0.016000 0.019000
1496402857450657744	1400 47 1.200000 0.099000 0.125000 1400 40 1.000000 1.714000 1.820000 600 44 0.900000 0.072000 0.071000 1.200000 0.015000 0.018000
1496402857960063837	1400 47 1.200000 0.104000 0.132000 1400 40 1.000000 1.710000 1.816000 600 44 0.900000 0.072000 0.071000 1.200000 0.029000 0.035000
1496402858469236306	1400 47 1.200000 0.106000 0.134000 1400 40 1.000000 1.707000 1.812000 600 44 0.900000 0.072000 0.071000 1.200000 0.031000 0.037000
1496402858978354982	1400 47 1.200000 0.099000 0.126000 1400 40 1.000000 1.712000 1.818000 600 44 0.900000 0.072000 0.071000 1.200000 0.024000 0.029000
1496402859487591618	1400 47 1.200000 0.098000 0.124000 1400 40 1.000000 1.720000 1.826000 600 44 0.900000 0.072000 0.071000 1.200000 0.011000 0.013000
1496402859996793086	1400 48 1.200000 0.099000 0.126000 1400 40 1.000000 1.720000 1.826000 600 44 0.900000 0.072000 0.071000 1.200000 0.012000 0.014000
1496402860506361804	1400 47 1.200000 0.100000 0.127000 1400 40 1.000000 1.721000 1.829000 600 44 0.900000 0.072000 0.071000 1.200000 0.013000 0.015000
1496402861015555856	1400 48 1.200000 0.102000 0.129000 1400 40 1.000000 1.715000 1.821000 600 44 0.900000 0.072000 0.071000 1.200000 0.022000 0.026000
1496402861524841949	1400 48 1.200000 0.105000 0.133000 1400 40 1.000000 1.711000 1.817000 600 44 0.900000 0.073000 0.072000 1.200000 0.028000 0.034000
1496402862034087251	1400 48 1.200000 0.107000 0.136000 1400 40 1.000000 1.713000 1.819000 600 44 0.900000 0.072000 0.071000 1.200000 0.021000 0.025000
1496402862543179178	1400 48 1.200000 0.104000 0.132000 1400 40 1.000000 1.716000 1.822000 600 44 0.900000 0.073000 0.072000 1.200000 0.020000 0.024000
1496402863052321021	1400 48 1.200000 0.100000 0.127000 1400 40 1.000000 1.719000 1.827000 600 44 0.900000 0.072000 0.071000 1.200000 0.020000 0.024000
1496402863561740156	1400 48 1.200000 0.099000 0.126000 1400 40 1.000000 1.725000 1.833000 600 44 0.900000 0.073000 0.072000 1.200000 0.011000 0.013000
1496402864071004624	1400 48 1.200000 0.100000 0.127000 1400 40 1.000000 1.716000 1.824000 600 44 0.900000 0.073000 0.072000 1.200000 0.020000 0.024000
1496402864580090801	1400 48 1.200000 0.098000 0.124000 1400 40 1.000000 1.717000 1.825000 600 44 0.900000 0.073000 0.072000 1.200000 0.022000 0.026000
1496402865089283186	1400 48 1.200000 0.098000 0.124000 1400 40 1.000000 1.713000 1.820000 600 44 0.900000 0.073000 0.072000 1.200000 0.027000 0.032000
1496402865598365030	1400 48 1.200000 0.107000 0.136000 1400 40 1.000000 1.697000 1.802000 600 44 0.900000 0.072000 0.071000 1.200000 0.029000 0.035000
1496402866107524582	1400 48 1.200000 0.104000 0.132000 1400 40 1.000000 1.714000 1.821000 600 44 0.900000 0.072000 0.071000 1.200000 0.021000 0.025000
1496402866616731300	1400 48 1.200000 0.101000 0.128000 1400 41 1.000000 1.720000 1.826000 600 44 0.900000 0.072000 0.071000 1.200000 0.014000 0.016000
1496402867126046018	1400 48 1.200000 0.100000 0.127000 1400 40 1.000000 1.722000 1.828000 600 44 0.900000 0.073000 0.072000 1.200000 0.010000 0.012000
1496402867635315403	1400 48 1.200000 0.102000 0.129000 1400 40 1.000000 1.723000 1.829000 600 44 0.900000 0.073000 0.072000 1.200000 0.017000 0.020000
1496402868144493455	1400 48 1.200000 0.104000 0.132000 1400 40 1.000000 1.716000 1.824000 600 44 0.900000 0.073000 0.072000 1.200000 0.016000 0.019000
1496402868653636424	1400 48 1.200000 0.107000 0.136000 1400 40 1.000000 1.712000 1.818000 600 44 0.900000 0.073000 0.072000 1.200000 0.012000 0.014000
1496402869162888517	1400 48 1.200000 0.106000 0.134000 1400 40 1.000000 1.713000 1.819000 600 44 0.900000 0.072000 0.071000 1.200000 0.012000 0.014000
1496402869672069527	1400 48 1.200000 0.104000 0.132000 1400 40 1.000000 1.718000 1.826000 600 44 0.900000 0.072000 0.071000 1.200000 0.015000 0.018000
1496402870181367662	1400 48 1.200000 0.100000 0.127000 1400 41 1.000000 1.717000 1.823000 600 44 0.900000 0.073000 0.072000 1.200000 0.015000 0.018000
1496402870690594214	1400 48 1.200000 0.101000 0.128000 1400 41 1.000000 1.720000 1.828000 600 44 0.900000 0.073000 0.072000 1.200000 0.021000 0.025000
1496402871199844099	1400 48 1.200000 0.104000 0.132000 1400 40 1.000000 1.716000 1.824000 600 44 0.900000 0.073000 0.072000 1.200000 0.014000 0.016000
1496402871709094192	1400 48 1.200000 0.106000 0.134000 1400 40 1.000000 1.707000 1.812000 600 44 0.900000 0.073000 0.072000 1.200000 0.010000 0.012000
1496402872218213244	1400 48 1.200000 0.099000 0.126000 1400 40 1.000000 1.717000 1.823000 600 44 0.900000 0.073000 0.072000 1.200000 0.009000 0.010000
1496402872727971920	1400 44 1.200000 0.099000 0.126000 1400 40 1.000000 1.704000 1.809000 600 44 0.900000 0.073000 0.072000 1.200000 0.013000 0.015000
1496402873238166095	1400 43 1.200000 0.113000 0.143000 1400 39 1.000000 0.819000 0.866000 600 42 0.900000 0.072000 0.071000 1.200000 0.039000 0.047000
1496402873748168938	1400 43 1.200000 0.102000 0.129000 1400 39 1.000000 0.832000 0.880000 600 42 0.900000 0.072000 0.071000 1.200000 0.016000 0.019000
1496402874258644279	1400 42 1.200000 0.101000 0.128000 1400 38 1.000000 0.832000 0.880000 600 41 0.900000 0.072000 0.071000 1.200000 0.016000 0.019000
1496402874768187914	1400 45 1.200000 0.101000 0.128000 1400 38 1.000000 0.828000 0.876000 600 41 0.900000 0.071000 0.070000 1.200000 0.021000 0.025000
1496402875277349507	1400 48 1.200000 0.101000 0.128000 1400 39 1.000000 0.878000 0.928000 600 42 0.900000 0.071000 0.070000 1.200000 0.034000 0.041000
1496402875786780684	1400 49 1.200000 0.100000 0.127000 1400 40 1.000000 1.996000 2.125000 600 43 0.900000 0.072000 0.071000 1.200000 0.031000 0.037000
1496402876296035861	1400 50 1.200000 0.101000 0.128000 1400 40 1.000000 1.992000 2.121000 600 44 0.900000 0.072000 0.071000 1.200000 0.030000 0.036000
1496402876805258996	1400 50 1.200000 0.101000 0.128000 1400 41 1.000000 1.989000 2.118000 600 44 0.900000 0.072000 0.071000 1.200000 0.029000 0.035000
1496402877314369422	1400 50 1.200000 0.105000 0.133000 1400 41 1.000000 1.987000 2.116000 600 44 0.900000 0.073000 0.072000 1.200000 0.028000 0.033000
1496402877823464474	1400 50 1.200000 0.107000 0.136000 1400 41 1.000000 1.988000 2.113000 600 44 0.900000 0.073000 0.072000 1.200000 0.026000 0.031000
1496402878332611110	1400 50 1.200000 0.107000 0.136000 1400 41 1.000000 1.980000 2.108000 600 45 0.900000 0.073000 0.072000 1.200000 0.027000 0.032000
1496402878841785411	1400 49 1.200000 0.106000 0.134000 1400 41 1.000000 1.918000 2.038000 600 44 0.900000 0.073000 0.072000 1.200000 0.020000 0.024000
1496402879350950838	1400 50 1.200000 0.102000 0.129000 1400 41 1.000000 1.577000 1.674000 600 44 0.900000 0.073000 0.072000 1.200000 0.035000 0.042000
1496402879860131890	1400 51 1.200000 0.102000 0.129000 1400 41 1.000000 2.015000 2.145000 600 45 0.900000 0.073000 0.072000 1.200000 0.030000 0.036000
1496402880369403150	1400 51 1.200000 0.104000 0.132000 1400 41 1.000000 2.008000 2.138000 600 45 0.900000 0.074000 0.073000 1.200000 0.029000 0.035000
1496402880878563618	1400 51 1.200000 0.103000 0.131000 1400 42 1.000000 2.008000 2.138000 600 45 0.900000 0.073000 0.072000 1.200000 0.029000 0.035000
1496402881387744420	1400 51 1.200000 0.101000 0.128000 1400 42 1.000000 2.004000 2.130000 600 45 0.900000 0.074000 0.073000 1.200000 0.028000 0.033000
1496402881897097347	1400 51 1.200000 0.101000 0.128000 1400 42 1.000000 1.996000 2.125000 600 45 0.900000 0.074000 0.073000 1.200000 0.028000 0.034000
1496402882406749315	1400 51 1.200000 0.104000 0.132000 1400 42 1.000000 2.002000 2.128000 600 45 0.900000 0.074000 0.073000 1.200000 0.027000 0.032000
1496402882915975241	1400 51 1.200000 0.102000 0.129000 1400 42 1.000000 1.995000 2.124000 600 45 0.900000 0.074000 0.073000 1.200000 0.028000 0.034000
1496402883425122085	1400 51 1.200000 0.103000 0.131000 1400 41 1.000000 1.205000 1.277000 600 45 0.900000 0.074000 0.073000 1.200000 0.012000 0.014000
1496402883934272053	1400 51 1.200000 0.108000 0.137000 1400 42 1.000000 2.014000 2.144000 600 45 0.900000 0.074000 0.073000 1.200000 0.031000 0.037000
1496402884443368563	1400 51 1.200000 0.109000 0.138000 1400 42 1.000000 2.014000 2.144000 600 45 0.900000 0.074000 0.073000 1.200000 0.030000 0.036000
1496402884952591699	1400 51 1.200000 0.108000 0.137000 1400 42 1.000000 2.009000 2.139000 600 45 0.900000 0.074000 0.073000 1.200000 0.029000 0.035000
1496402885461892250	1400 51 1.200000 0.102000 0.129000 1400 42 1.000000 2.007000 2.133000 600 45 0.900000 0.074000 0.073000 1.200000 0.029000 0.035000
1496402885971127010	1400 51 1.200000 0.102000 0.129000 1400 42 1.000000 2.000000 2.126000 600 45 0.900000 0.074000 0.073000 1.200000 0.029000 0.035000
1496402886480383062	1400 51 1.200000 0.102000 0.129000 1400 42 1.000000 1.998000 2.123000 600 46 0.900000 0.074000 0.073000 1.200000 0.028000 0.034000
1496402886989557655	1400 51 1.200000 0.100000 0.127000 1400 42 1.000000 1.998000 2.127000 600 45 0.900000 0.074000 0.073000 1.200000 0.028000 0.033000
1496402887498675499	1400 50 1.200000 0.100000 0.127000 1400 42 1.000000 1.148000 1.216000 600 44 0.900000 0.074000 0.073000 1.200000 0.005000 0.006000
1496402888007881092	1400 51 1.200000 0.107000 0.136000 1400 42 1.000000 2.019000 2.150000 600 45 0.900000 0.074000 0.073000 1.200000 0.030000 0.036000
1496402888517081102	1400 51 1.200000 0.109000 0.138000 1400 42 1.000000 2.014000 2.144000 600 45 0.900000 0.074000 0.073000 1.200000 0.029000 0.035000
1496402889026273738	1400 51 1.200000 0.104000 0.132000 1400 42 1.000000 2.008000 2.138000 600 45 0.900000 0.074000 0.073000 1.200000 0.029000 0.035000
1496402889535549206	1400 52 1.200000 0.103000 0.131000 1400 42 1.000000 2.007000 2.137000 600 45 0.900000 0.074000 0.073000 1.200000 0.028000 0.034000
1496402890044764383	1400 51 1.200000 0.106000 0.134000 1400 42 1.000000 2.004000 2.134000 600 46 0.900000 0.074000 0.073000 1.200000 0.029000 0.035000
1496402890553925643	1400 52 1.200000 0.106000 0.134000 1400 42 1.000000 2.000000 2.130000 600 46 0.900000 0.074000 0.073000 1.200000 0.028000 0.034000
1496402891063130611	1400 51 1.200000 0.109000 0.138000 1400 42 1.000000 1.995000 2.124000 600 46 0.900000 0.074000 0.073000 1.200000 0.029000 0.035000
1496402891572328955	1400 50 1.200000 0.110000 0.140000 1400 42 1.000000 1.469000 1.558000 600 44 0.900000 0.074000 0.073000 1.200000 0.011000 0.013000
1496402892081493756	1400 51 1.200000 0.106000 0.134000 1400 42 1.000000 1.997000 2.126000 600 45 0.900000 0.074000 0.073000 1.200000 0.028000 0.033000
1496402892590636725	1400 51 1.200000 0.104000 0.132000 1400 42 1.000000 1.995000 2.120000 600 45 0.900000 0.074000 0.073000 1.200000 0.028000 0.033000
1496402893099927943	1400 51 1.200000 0.103000 0.131000 1400 42 1.000000 1.992000 2.117000 600 46 0.900000 0.074000 0.073000 1.200000 0.027000 0.032000
1496402893609656036	1400 52 1.200000 0.107000 0.136000 1400 42 1.000000 1.990000 2.115000 600 46 0.900000 0.074000 0.073000 1.200000 0.027000 0.032000
1496402894118742671	1400 52 1.200000 0.103000 0.131000 1400 42 1.000000 1.985000 2.110000 600 46 0.900000 0.074000 0.073000 1.200000 0.027000 0.032000
1496402894627839973	1400 51 1.200000 0.101000 0.128000 1400 42 1.000000 1.986000 2.115000 600 46 0.900000 0.074000 0.073000 1.200000 0.026000 0.031000
1496402895137039483	1400 52 1.200000 0.102000 0.129000 1400 42 1.000000 1.983000 2.111000 600 46 0.900000 0.074000 0.073000 1.200000 0.027000 0.032000
1496402895646910992	1400 49 1.200000 0.102000 0.129000 1400 42 1.000000 1.725000 1.833000 600 44 0.900000 0.074000 0.073000 1.200000 0.013000 0.015000
1496402896156252086	1400 42 1.200000 0.099000 0.126000 1400 40 1.000000 0.357000 0.381000 600 42 0.900000 0.074000 0.073000 1.200000 0.003000 0.003000
1496402896665053971	1400 41 1.200000 0.096000 0.122000 1400 39 1.000000 0.298000 0.318000 600 41 0.900000 0.073000 0.072000 1.200000 0.002000 0.002000
