#Timestamp	CPU(0) Frequency(MHz)	CPU(0) Temperature(C)	A7 Voltage(V)	A7 Current(A)	A7 Power(W)	CPU(4) Frequency(MHz)	CPU(4) Temperature(C)	A15 Voltage(V)	A15 Current(A)	A15 Power(W)	GPU Frequency(MHz)	GPU Temperature(C)	GPU Voltage(V)	GPU Current(A)	GPU Power(W)	RAM Voltage(V)	RAM Current(A)	RAM Power(W)
1496408270239373854	1400 36 1.200000 0.223000 0.279000 1800 31 1.100000 0.458000 0.545000 600 33 0.900000 0.064000 0.063000 1.200000 0.050000 0.060000
1496408270749619446	1400 37 1.200000 0.098000 0.124000 1800 31 1.100000 1.202000 1.439000 600 35 0.900000 0.065000 0.064000 1.200000 0.020000 0.024000
1496408271259946663	1400 38 1.200000 0.096000 0.122000 1800 32 1.100000 1.208000 1.447000 600 35 0.900000 0.065000 0.064000 1.200000 0.020000 0.024000
1496408271770045630	1400 36 1.200000 0.103000 0.131000 1800 32 1.100000 1.212000 1.451000 600 36 0.900000 0.065000 0.064000 1.200000 0.022000 0.026000
1496408272280215889	1400 41 1.200000 0.101000 0.128000 1800 33 1.100000 1.155000 1.383000 600 37 0.900000 0.066000 0.065000 1.200000 0.069000 0.084000
1496408272790193814	1400 44 1.200000 0.099000 0.125000 1800 34 1.200000 1.469000 1.762000 600 38 0.900000 0.067000 0.066000 1.200000 0.083000 0.101000
1496408273299600532	1400 48 1.200000 0.098000 0.124000 1800 36 1.200000 2.040000 2.452000 600 40 0.900000 0.067000 0.066000 1.200000 0.064000 0.077000
1496408273808902542	1400 48 1.200000 0.102000 0.129000 1800 37 1.200000 2.306000 2.774000 600 41 0.900000 0.068000 0.067000 1.200000 0.049000 0.059000
1496408274318204594	1400 49 1.200000 0.104000 0.132000 1800 37 1.200000 2.244000 2.699000 600 41 0.900000 0.069000 0.068000 1.200000 0.050000 0.060000
1496408274827594646	1400 49 1.200000 0.104000 0.132000 1800 38 1.200000 2.236000 2.689000 600 42 0.900000 0.069000 0.068000 1.200000 0.048000 0.058000
1496408275337154822	1400 49 1.200000 0.103000 0.131000 1800 38 1.200000 2.162000 2.600000 600 43 0.900000 0.070000 0.069000 1.200000 0.043000 0.052000
1496408275846918664	1400 49 1.200000 0.100000 0.127000 1800 39 1.200000 2.151000 2.587000 600 43 0.900000 0.070000 0.069000 1.200000 0.031000 0.037000
1496408276356267841	1400 50 1.200000 0.099000 0.126000 1800 39 1.200000 2.119000 2.549000 600 43 0.900000 0.070000 0.069000 1.200000 0.029000 0.035000
1496408276865326601	1400 50 1.200000 0.098000 0.124000 1800 39 1.200000 2.127000 2.556000 600 44 0.900000 0.071000 0.070000 1.200000 0.050000 0.060000
1496408277374292403	1400 51 1.200000 0.101000 0.128000 1800 40 1.200000 2.346000 2.826000 600 44 0.900000 0.071000 0.070000 1.200000 0.031000 0.037000
1496408277883402039	1400 52 1.200000 0.099000 0.126000 1800 40 1.200000 2.332000 2.810000 600 44 0.900000 0.071000 0.070000 1.200000 0.026000 0.031000
1496408278392468090	1400 52 1.200000 0.099000 0.126000 1800 40 1.200000 2.333000 2.811000 600 45 0.900000 0.072000 0.071000 1.200000 0.026000 0.031000
1496408278901701559	1400 52 1.200000 0.103000 0.131000 1800 41 1.200000 2.259000 2.717000 600 45 0.900000 0.072000 0.071000 1.200000 0.026000 0.031000
1496408279410761111	1400 52 1.200000 0.102000 0.129000 1800 41 1.200000 2.268000 2.728000 600 45 0.900000 0.072000 0.071000 1.200000 0.026000 0.031000
1496408279919860246	1400 52 1.200000 0.104000 0.132000 1800 41 1.200000 2.268000 2.728000 600 45 0.900000 0.072000 0.071000 1.200000 0.027000 0.032000
1496408280428778423	1400 53 1.200000 0.107000 0.136000 1800 41 1.200000 2.246000 2.706000 600 45 0.900000 0.072000 0.071000 1.200000 0.027000 0.032000
1496408280937825600	1400 53 1.200000 0.109000 0.138000 1800 41 1.200000 2.247000 2.703000 600 46 0.900000 0.072000 0.071000 1.200000 0.028000 0.033000
1496408281448684858	1400 54 1.200000 0.107000 0.136000 1800 42 1.200000 2.264000 2.723000 600 46 0.900000 0.072000 0.071000 1.200000 0.025000 0.030000
1496408281958639575	1400 54 1.200000 0.195000 0.245000 1800 42 1.200000 2.263000 2.722000 600 46 0.900000 0.073000 0.072000 1.200000 0.079000 0.096000
1496408282468336668	1400 52 1.200000 0.119000 0.151000 1800 41 1.200000 2.224000 2.675000 600 46 0.900000 0.073000 0.072000 1.200000 0.038000 0.046000
1496408282977912178	1400 53 1.200000 0.123000 0.156000 1800 42 1.200000 2.208000 2.656000 600 46 0.900000 0.073000 0.072000 1.200000 0.034000 0.041000
1496408283487146063	1400 54 1.200000 0.109000 0.138000 1800 42 1.200000 2.240000 2.694000 600 46 0.900000 0.074000 0.073000 1.200000 0.022000 0.026000
1496408283996531448	1400 46 1.200000 0.108000 0.137000 1800 41 1.200000 2.230000 2.682000 600 46 0.900000 0.074000 0.073000 1.200000 0.025000 0.030000
1496408284505806999	1400 43 1.200000 0.099000 0.126000 1800 40 1.100000 1.145000 1.371000 600 44 0.900000 0.072000 0.071000 1.200000 0.019000 0.023000
1496408285015263342	1400 43 1.200000 0.100000 0.127000 1800 39 1.100000 1.146000 1.372000 600 44 0.900000 0.072000 0.071000 1.200000 0.020000 0.024000
1496408285525249726	1400 42 1.200000 0.104000 0.132000 1800 39 1.100000 1.117000 1.338000 600 42 0.900000 0.071000 0.070000 1.200000 0.052000 0.063000
1496408286035661151	1400 44 1.200000 0.107000 0.136000 1800 39 1.100000 1.215000 1.455000 600 42 0.900000 0.071000 0.070000 1.200000 0.024000 0.029000
1496408286546254285	1400 44 1.200000 0.110000 0.140000 1800 38 1.100000 1.218000 1.459000 600 42 0.900000 0.071000 0.070000 1.200000 0.019000 0.023000
1496408287056174085	1400 44 1.200000 0.105000 0.133000 1800 38 1.200000 1.225000 1.470000 600 42 0.900000 0.071000 0.070000 1.200000 0.020000 0.024000
1496408287565477554	1400 42 1.200000 0.100000 0.127000 1800 38 1.200000 1.315000 1.578000 600 42 0.900000 0.070000 0.069000 1.200000 0.043000 0.052000
1496408288074729814	1400 41 1.200000 0.103000 0.131000 1800 38 1.100000 1.214000 1.454000 600 42 0.900000 0.070000 0.069000 1.200000 0.064000 0.077000
1496408288583931574	1400 41 1.200000 0.103000 0.131000 1800 37 1.100000 1.209000 1.448000 600 42 0.900000 0.070000 0.069000 1.200000 0.043000 0.052000
1496408289093187250	1400 41 1.200000 0.096000 0.122000 1800 37 1.100000 1.096000 1.313000 600 42 0.900000 0.070000 0.069000 1.200000 0.054000 0.065000
1496408289602440052	1400 41 1.200000 0.096000 0.122000 1800 37 1.100000 1.138000 1.363000 600 42 0.900000 0.070000 0.069000 1.200000 0.042000 0.051000
1496408290111699979	1400 41 1.200000 0.098000 0.124000 1800 37 1.100000 1.125000 1.347000 600 42 0.900000 0.069000 0.068000 1.200000 0.056000 0.068000
1496408290620785281	1400 40 1.200000 0.096000 0.122000 1800 37 1.100000 1.106000 1.324000 600 41 0.900000 0.070000 0.069000 1.200000 0.041000 0.049000
1496408291130020666	1400 40 1.200000 0.095000 0.121000 1800 37 1.100000 1.096000 1.313000 600 41 0.900000 0.070000 0.069000 1.200000 0.042000 0.051000
1496408291639107968	1400 40 1.200000 0.102000 0.129000 1800 37 1.100000 1.094000 1.310000 600 41 0.900000 0.070000 0.069000 1.200000 0.042000 0.051000
1496408292148215145	1400 40 1.200000 0.104000 0.132000 1800 37 1.100000 1.168000 1.399000 600 41 0.900000 0.069000 0.068000 1.200000 0.050000 0.060000
1496408292657322613	1400 42 1.200000 0.101000 0.128000 1800 37 1.200000 1.877000 2.256000 600 43 0.900000 0.070000 0.069000 1.200000 0.016000 0.019000
1496408293167117956	1400 41 1.200000 0.101000 0.128000 1800 37 1.200000 1.231000 1.477000 600 42 0.900000 0.070000 0.069000 1.200000 0.041000 0.049000
1496408293676591924	1400 49 1.200000 0.099000 0.125000 1800 38 1.200000 1.182000 1.418000 600 43 0.900000 0.070000 0.069000 1.200000 0.045000 0.054000
1496408294185791309	1400 51 1.200000 0.100000 0.127000 1800 40 1.200000 2.287000 2.755000 600 44 0.900000 0.070000 0.069000 1.200000 0.059000 0.071000
1496408294695148319	1400 51 1.200000 0.105000 0.133000 1800 40 1.200000 1.810000 2.175000 600 44 0.900000 0.071000 0.070000 1.200000 0.055000 0.066000
1496408295204384662	1400 52 1.200000 0.108000 0.137000 1800 41 1.200000 2.254000 2.716000 600 45 0.900000 0.072000 0.071000 1.200000 0.057000 0.069000
1496408295713874505	1400 49 1.200000 0.109000 0.138000 1800 41 1.200000 2.036000 2.449000 600 45 0.900000 0.072000 0.071000 1.200000 0.065000 0.079000
1496408296223402640	1400 50 1.200000 0.111000 0.141000 1800 41 1.200000 1.900000 2.283000 600 45 0.900000 0.072000 0.071000 1.200000 0.169000 0.206000
1496408296733048524	1400 50 1.200000 0.108000 0.137000 1800 41 1.200000 1.840000 2.211000 600 45 0.900000 0.072000 0.071000 1.200000 0.165000 0.201000
1496408297242677034	1400 50 1.200000 0.112000 0.142000 1800 41 1.200000 1.861000 2.236000 600 45 0.900000 0.073000 0.072000 1.200000 0.168000 0.205000
1496408297752083419	1400 50 1.200000 0.114000 0.145000 1800 41 1.200000 1.854000 2.228000 600 46 0.900000 0.073000 0.072000 1.200000 0.165000 0.201000
1496408298261552887	1400 50 1.200000 0.109000 0.138000 1800 41 1.200000 1.868000 2.245000 600 46 0.900000 0.073000 0.072000 1.200000 0.165000 0.201000
1496408298771148604	1400 50 1.200000 0.107000 0.136000 1800 42 1.200000 1.890000 2.271000 600 46 0.900000 0.073000 0.072000 1.200000 0.168000 0.205000
1496408299280490489	1400 50 1.200000 0.109000 0.138000 1800 42 1.200000 1.859000 2.234000 600 46 0.900000 0.074000 0.073000 1.200000 0.168000 0.205000
1496408299789948166	1400 51 1.200000 0.109000 0.138000 1800 42 1.200000 1.832000 2.202000 600 46 0.900000 0.074000 0.073000 1.200000 0.166000 0.203000
1496408300299431384	1400 51 1.200000 0.109000 0.138000 1800 42 1.200000 1.875000 2.253000 600 46 0.900000 0.074000 0.073000 1.200000 0.168000 0.205000
1496408300808772352	1400 53 1.200000 0.106000 0.134000 1800 42 1.200000 1.876000 2.254000 600 46 0.900000 0.074000 0.073000 1.200000 0.104000 0.126000
1496408301318114112	1400 54 1.200000 0.112000 0.142000 1800 43 1.200000 2.206000 2.653000 600 47 0.900000 0.074000 0.073000 1.200000 0.104000 0.126000
1496408301827588830	1400 52 1.200000 0.109000 0.138000 1800 42 1.200000 2.273000 2.734000 600 47 0.900000 0.074000 0.073000 1.200000 0.057000 0.069000
1496408302337209340	1400 45 1.200000 0.110000 0.140000 1800 41 1.200000 1.734000 2.082000 600 46 0.900000 0.074000 0.073000 1.200000 0.060000 0.072000
1496408302847688723	1400 46 1.200000 0.111000 0.141000 1800 40 1.100000 1.075000 1.287000 600 44 0.900000 0.073000 0.072000 1.200000 0.080000 0.097000
1496408303357995065	1400 46 1.200000 0.133000 0.168000 1800 40 1.100000 1.220000 1.461000 600 44 0.900000 0.073000 0.072000 1.200000 0.025000 0.030000
1496408303868244157	1400 46 1.200000 0.111000 0.141000 1800 40 1.200000 1.223000 1.467000 600 43 0.900000 0.072000 0.071000 1.200000 0.020000 0.024000
1496408304377533833	1400 43 1.200000 0.109000 0.138000 1800 39 1.200000 1.229000 1.474000 600 43 0.900000 0.072000 0.071000 1.200000 0.022000 0.026000
1496408304886730510	1400 42 1.200000 0.101000 0.128000 1800 38 1.100000 0.982000 1.176000 600 43 0.900000 0.072000 0.071000 1.200000 0.016000 0.019000
1496408305395804645	1400 41 1.200000 0.098000 0.124000 1800 38 1.100000 0.983000 1.176000 600 42 0.900000 0.071000 0.070000 1.200000 0.015000 0.018000
1496408305905088739	1400 41 1.200000 0.099000 0.126000 1800 38 1.100000 0.981000 1.175000 600 42 0.900000 0.071000 0.070000 1.200000 0.015000 0.018000
1496408306414261624	1400 41 1.200000 0.101000 0.128000 1800 38 1.100000 0.979000 1.172000 600 42 0.900000 0.070000 0.069000 1.200000 0.014000 0.016000
1496408306923337384	1400 40 1.200000 0.096000 0.122000 1800 37 1.100000 0.979000 1.172000 600 41 0.900000 0.070000 0.069000 1.200000 0.014000 0.016000
1496408307432497644	1400 40 1.200000 0.096000 0.122000 1800 37 1.100000 0.980000 1.174000 600 41 0.900000 0.070000 0.069000 1.200000 0.014000 0.016000
1496408307941887654	1400 40 1.200000 0.094000 0.119000 1800 37 1.100000 0.980000 1.174000 600 41 0.900000 0.070000 0.069000 1.200000 0.014000 0.017000
1496408308451200956	1400 40 1.200000 0.097000 0.123000 1800 37 1.100000 0.979000 1.172000 600 41 0.900000 0.070000 0.069000 1.200000 0.016000 0.019000
1496408308960359049	1400 40 1.200000 0.098000 0.124000 1800 37 1.100000 0.979000 1.171000 600 41 0.900000 0.070000 0.069000 1.200000 0.015000 0.018000
1496408309469494934	1400 40 1.200000 0.098000 0.124000 1800 37 1.100000 0.979000 1.171000 600 41 0.900000 0.070000 0.069000 1.200000 0.015000 0.018000
1496408309978599528	1400 40 1.200000 0.101000 0.128000 1800 37 1.100000 0.979000 1.171000 600 41 0.900000 0.070000 0.069000 1.200000 0.014000 0.017000
1496408310487732288	1400 40 1.200000 0.101000 0.128000 1800 37 1.100000 0.977000 1.170000 600 41 0.900000 0.069000 0.068000 1.200000 0.014000 0.016000
1496408310996939965	1400 40 1.200000 0.099000 0.126000 1800 36 1.100000 0.979000 1.171000 600 41 0.900000 0.070000 0.069000 1.200000 0.014000 0.017000
1496408311506139725	1400 39 1.200000 0.094000 0.119000 1800 36 1.100000 0.977000 1.169000 600 41 0.900000 0.069000 0.068000 1.200000 0.014000 0.016000
1496408312015391902	1400 49 1.200000 0.096000 0.122000 1800 38 1.100000 0.984000 1.178000 600 42 0.900000 0.069000 0.068000 1.200000 0.036000 0.043000
1496408312525164494	1400 47 1.200000 0.101000 0.128000 1800 39 1.200000 2.076000 2.497000 600 43 0.900000 0.070000 0.069000 1.200000 0.047000 0.057000
1496408313034302713	1400 52 1.200000 0.099000 0.126000 1800 40 1.200000 1.792000 2.153000 600 44 0.900000 0.071000 0.070000 1.200000 0.100000 0.122000
1496408313543362681	1400 53 1.200000 0.099000 0.126000 1800 41 1.200000 2.427000 2.924000 600 45 0.900000 0.072000 0.071000 1.200000 0.005000 0.006000
1496408314052494650	1400 54 1.200000 0.106000 0.134000 1800 41 1.200000 2.440000 2.940000 600 45 0.900000 0.072000 0.071000 1.200000 0.006000 0.007000
1496408314561639702	1400 54 1.200000 0.104000 0.132000 1800 42 1.200000 2.474000 2.981000 600 46 0.900000 0.073000 0.072000 1.200000 0.004000 0.004000
1496408315070779045	1400 54 1.200000 0.102000 0.129000 1800 42 1.200000 2.476000 2.983000 600 47 0.900000 0.073000 0.072000 1.200000 0.003000 0.003000
1496408315580033347	1400 55 1.200000 0.103000 0.131000 1800 43 1.200000 2.459000 2.963000 600 47 0.900000 0.073000 0.072000 1.200000 0.003000 0.003000
1496408316089366148	1400 55 1.200000 0.109000 0.138000 1800 43 1.200000 2.457000 2.960000 600 47 0.900000 0.074000 0.073000 1.200000 0.006000 0.007000
1496408316598379117	1400 56 1.200000 0.110000 0.140000 1800 43 1.200000 2.468000 2.973000 600 48 0.900000 0.074000 0.073000 1.200000 0.005000 0.006000
1496408317107638502	1400 56 1.200000 0.109000 0.138000 1800 43 1.200000 2.456000 2.959000 600 48 0.900000 0.074000 0.073000 1.200000 0.005000 0.006000
1496408317616755637	1400 56 1.200000 0.109000 0.138000 1800 44 1.200000 2.457000 2.960000 600 48 0.900000 0.074000 0.073000 1.200000 0.006000 0.007000
1496408318125930522	1400 56 1.200000 0.107000 0.136000 1800 44 1.200000 2.459000 2.963000 600 48 0.900000 0.075000 0.074000 1.200000 0.006000 0.007000
1496408318635013783	1400 56 1.200000 0.105000 0.133000 1800 44 1.200000 2.446000 2.947000 600 48 0.900000 0.075000 0.074000 1.200000 0.006000 0.007000
1496408319144158460	1400 54 1.200000 0.109000 0.138000 1800 44 1.200000 2.410000 2.904000 600 48 0.900000 0.075000 0.074000 1.200000 0.019000 0.023000
1496408319653220262	1400 54 1.200000 0.112000 0.142000 1800 43 1.200000 1.976000 2.375000 600 48 0.900000 0.075000 0.074000 1.200000 0.044000 0.053000
1496408320162460022	1400 54 1.200000 0.107000 0.136000 1800 43 1.200000 2.109000 2.537000 600 48 0.900000 0.075000 0.074000 1.200000 0.065000 0.079000
1496408320672516655	1400 48 1.200000 0.136000 0.172000 1800 42 1.200000 2.078000 2.499000 600 46 0.900000 0.075000 0.074000 1.200000 0.053000 0.064000
1496408321182655039	1400 48 1.200000 0.107000 0.136000 1800 42 1.100000 1.226000 1.468000 600 45 0.900000 0.074000 0.073000 1.200000 0.019000 0.023000
1496408321692903131	1400 47 1.200000 0.107000 0.136000 1800 41 1.100000 1.228000 1.471000 600 45 0.900000 0.074000 0.073000 1.200000 0.018000 0.021000
1496408322202778390	1400 50 1.200000 0.106000 0.134000 1800 41 1.100000 1.243000 1.489000 600 45 0.900000 0.074000 0.073000 1.200000 0.061000 0.074000
1496408322712349858	1400 52 1.200000 0.112000 0.142000 1800 42 1.200000 2.195000 2.640000 600 47 0.900000 0.074000 0.073000 1.200000 0.213000 0.260000
1496408323222144034	1400 53 1.200000 0.120000 0.152000 1800 43 1.200000 2.196000 2.641000 600 47 0.900000 0.074000 0.073000 1.200000 0.213000 0.260000
1496408323731613711	1400 54 1.200000 0.118000 0.150000 1800 43 1.200000 2.201000 2.647000 600 48 0.900000 0.074000 0.073000 1.200000 0.213000 0.260000
1496408324241193387	1400 54 1.200000 0.116000 0.147000 1800 44 1.200000 2.203000 2.650000 600 48 0.900000 0.075000 0.074000 1.200000 0.214000 0.261000
1496408324750632022	1400 54 1.200000 0.117000 0.148000 1800 44 1.200000 2.205000 2.652000 600 48 0.900000 0.075000 0.074000 1.200000 0.213000 0.260000
1496408325260056156	1400 55 1.200000 0.117000 0.148000 1800 44 1.200000 2.206000 2.653000 600 49 0.900000 0.076000 0.075000 1.200000 0.214000 0.261000
1496408325769388666	1400 55 1.200000 0.124000 0.157000 1800 45 1.200000 2.211000 2.659000 600 49 0.900000 0.076000 0.075000 1.200000 0.213000 0.260000
1496408326278725843	1400 55 1.200000 0.122000 0.155000 1800 45 1.200000 2.210000 2.658000 600 49 0.900000 0.076000 0.075000 1.200000 0.213000 0.260000
1496408326788193686	1400 55 1.200000 0.119000 0.151000 1800 45 1.200000 2.208000 2.656000 600 49 0.900000 0.076000 0.075000 1.200000 0.214000 0.261000
1496408327297592196	1400 55 1.200000 0.120000 0.152000 1800 45 1.200000 2.207000 2.659000 600 49 0.900000 0.077000 0.076000 1.200000 0.213000 0.260000
1496408327807021539	1400 55 1.200000 0.122000 0.155000 1800 45 1.200000 2.202000 2.653000 600 50 0.900000 0.077000 0.076000 1.200000 0.213000 0.260000
1496408328316528299	1400 56 1.200000 0.123000 0.156000 1800 45 1.200000 2.199000 2.645000 600 50 0.900000 0.077000 0.076000 1.200000 0.213000 0.260000
1496408328826007642	1400 56 1.200000 0.126000 0.160000 1800 45 1.200000 2.201000 2.647000 600 50 0.900000 0.077000 0.076000 1.200000 0.213000 0.260000
1496408329335399693	1400 56 1.200000 0.120000 0.152000 1800 45 1.200000 2.200000 2.646000 600 50 0.900000 0.077000 0.076000 1.200000 0.213000 0.260000
1496408329844746911	1400 56 1.200000 0.119000 0.151000 1800 45 1.200000 2.201000 2.647000 600 50 0.900000 0.077000 0.076000 1.200000 0.213000 0.260000
1496408330354165838	1400 56 1.200000 0.117000 0.148000 1800 45 1.200000 2.202000 2.649000 600 50 0.900000 0.077000 0.076000 1.200000 0.213000 0.260000
1496408330863642014	1400 56 1.200000 0.123000 0.156000 1800 46 1.200000 2.201000 2.647000 600 50 0.900000 0.077000 0.076000 1.200000 0.213000 0.260000
1496408331373783106	1400 50 1.200000 0.165000 0.208000 1800 44 1.200000 1.901000 2.285000 600 48 0.900000 0.077000 0.076000 1.200000 0.103000 0.125000
1496408331884066532	1400 49 1.200000 0.117000 0.148000 1800 43 1.200000 1.231000 1.477000 600 47 0.900000 0.076000 0.075000 1.200000 0.019000 0.023000
1496408332394232915	1400 48 1.200000 0.112000 0.142000 1800 42 1.100000 1.234000 1.478000 600 46 0.900000 0.075000 0.074000 1.200000 0.020000 0.024000
1496408332903939841	1400 50 1.200000 0.109000 0.138000 1800 42 1.200000 1.296000 1.555000 600 46 0.900000 0.075000 0.074000 1.200000 0.035000 0.042000
1496408333413097935	1400 54 1.200000 0.107000 0.136000 1800 43 1.200000 1.918000 2.305000 600 47 0.900000 0.074000 0.073000 1.200000 0.069000 0.083000
1496408333922277528	1400 55 1.200000 0.103000 0.131000 1800 43 1.200000 2.340000 2.819000 600 48 0.900000 0.075000 0.074000 1.200000 0.030000 0.036000
1496408334431508830	1400 55 1.200000 0.104000 0.132000 1800 44 1.200000 2.348000 2.829000 600 48 0.900000 0.076000 0.075000 1.200000 0.027000 0.032000
1496408334940690590	1400 56 1.200000 0.106000 0.134000 1800 44 1.200000 2.350000 2.831000 600 49 0.900000 0.076000 0.075000 1.200000 0.027000 0.032000
1496408335449983517	1400 56 1.200000 0.105000 0.133000 1800 44 1.200000 2.348000 2.829000 600 49 0.900000 0.076000 0.075000 1.200000 0.027000 0.032000
1496408335959156402	1400 56 1.200000 0.104000 0.132000 1800 44 1.200000 2.350000 2.831000 600 49 0.900000 0.076000 0.075000 1.200000 0.028000 0.033000
1496408336468239287	1400 56 1.200000 0.109000 0.138000 1800 45 1.200000 2.338000 2.817000 600 49 0.900000 0.076000 0.075000 1.200000 0.032000 0.038000
1496408336977919588	1400 53 1.200000 0.111000 0.141000 1800 45 1.200000 2.191000 2.635000 600 48 0.900000 0.076000 0.075000 1.200000 0.031000 0.037000
1496408337487280348	1400 56 1.200000 0.114000 0.145000 1800 44 1.200000 2.335000 2.813000 600 49 0.900000 0.076000 0.075000 1.200000 0.076000 0.092000
1496408337996860316	1400 56 1.200000 0.113000 0.143000 1800 45 1.200000 2.344000 2.824000 600 49 0.900000 0.076000 0.075000 1.200000 0.030000 0.036000
1496408338506134034	1400 56 1.200000 0.110000 0.139000 1800 45 1.200000 2.353000 2.835000 600 49 0.900000 0.076000 0.075000 1.200000 0.027000 0.032000
1496408339015261336	1400 56 1.200000 0.107000 0.136000 1800 45 1.200000 2.354000 2.836000 600 49 0.900000 0.077000 0.076000 1.200000 0.027000 0.032000
1496408339524455513	1400 56 1.200000 0.109000 0.138000 1800 45 1.200000 2.354000 2.836000 600 49 0.900000 0.077000 0.076000 1.200000 0.027000 0.032000
1496408340033613065	1400 56 1.200000 0.111000 0.141000 1800 45 1.200000 2.354000 2.836000 600 49 0.900000 0.077000 0.076000 1.200000 0.028000 0.033000
1496408340542756700	1400 57 1.200000 0.114000 0.145000 1800 45 1.200000 2.341000 2.820000 600 50 0.900000 0.077000 0.076000 1.200000 0.031000 0.037000
1496408341051934418	1400 56 1.200000 0.114000 0.145000 1800 45 1.200000 2.336000 2.814000 600 49 0.900000 0.077000 0.076000 1.200000 0.032000 0.038000
1496408341561184887	1400 56 1.200000 0.112000 0.142000 1800 45 1.200000 1.605000 1.927000 600 49 0.900000 0.077000 0.076000 1.200000 0.088000 0.107000
1496408342070348980	1400 56 1.200000 0.110000 0.139000 1800 45 1.200000 2.347000 2.828000 600 49 0.900000 0.077000 0.076000 1.200000 0.027000 0.032000
1496408342579507199	1400 56 1.200000 0.107000 0.136000 1800 45 1.200000 2.353000 2.835000 600 50 0.900000 0.077000 0.076000 1.200000 0.027000 0.032000
1496408343088821459	1400 57 1.200000 0.107000 0.136000 1800 45 1.200000 2.355000 2.837000 600 50 0.900000 0.077000 0.076000 1.200000 0.026000 0.031000
1496408343597940511	1400 57 1.200000 0.105000 0.133000 1800 45 1.200000 2.356000 2.838000 600 50 0.900000 0.077000 0.076000 1.200000 0.027000 0.032000
1496408344107026312	1400 57 1.200000 0.107000 0.136000 1800 45 1.200000 2.355000 2.837000 600 50 0.900000 0.077000 0.076000 1.200000 0.027000 0.032000
1496408344616220531	1400 57 1.200000 0.108000 0.137000 1800 45 1.200000 2.341000 2.820000 600 50 0.900000 0.077000 0.076000 1.200000 0.030000 0.036000
1496408345125354249	1400 56 1.200000 0.111000 0.141000 1800 45 1.200000 2.294000 2.764000 600 49 0.900000 0.077000 0.076000 1.200000 0.032000 0.038000
1496408345634531176	1400 56 1.200000 0.111000 0.141000 1800 45 1.200000 1.581000 1.898000 600 49 0.900000 0.077000 0.076000 1.200000 0.040000 0.048000
1496408346143661770	1400 57 1.200000 0.108000 0.137000 1800 45 1.200000 2.346000 2.826000 600 50 0.900000 0.077000 0.076000 1.200000 0.029000 0.035000
1496408346652832238	1400 57 1.200000 0.110000 0.140000 1800 45 1.200000 2.353000 2.835000 600 50 0.900000 0.077000 0.076000 1.200000 0.027000 0.032000
1496408347162503123	1400 57 1.200000 0.107000 0.136000 1800 45 1.200000 2.356000 2.838000 600 50 0.900000 0.077000 0.076000 1.200000 0.027000 0.032000
1496408347671804383	1400 57 1.200000 0.114000 0.145000 1800 45 1.200000 2.356000 2.838000 600 50 0.900000 0.077000 0.076000 1.200000 0.028000 0.033000
1496408348181029976	1400 57 1.200000 0.113000 0.143000 1800 45 1.200000 2.355000 2.837000 600 50 0.900000 0.077000 0.076000 1.200000 0.029000 0.035000
1496408348690228444	1400 57 1.200000 0.109000 0.138000 1800 46 1.200000 2.344000 2.824000 600 50 0.900000 0.077000 0.076000 1.200000 0.030000 0.036000
1496408349199313038	1400 57 1.200000 0.107000 0.136000 1800 46 1.200000 2.341000 2.820000 600 50 0.900000 0.078000 0.077000 1.200000 0.031000 0.037000
1496408349709376172	1400 50 1.200000 0.137000 0.173000 1800 44 1.100000 1.247000 1.493000 600 48 0.900000 0.077000 0.076000 1.200000 0.051000 0.062000
1496408350219531722	1400 49 1.200000 0.116000 0.147000 1800 43 1.100000 1.230000 1.473000 600 47 0.900000 0.076000 0.075000 1.200000 0.019000 0.023000
1496408350729628856	1400 48 1.200000 0.116000 0.147000 1800 42 1.100000 1.229000 1.472000 600 46 0.900000 0.076000 0.075000 1.200000 0.019000 0.023000
1496408351239017908	1400 50 1.200000 0.107000 0.136000 1800 42 1.200000 1.263000 1.515000 600 45 0.900000 0.075000 0.074000 1.200000 0.031000 0.037000
1496408351749316666	1400 50 1.200000 0.105000 0.133000 1800 42 1.100000 1.215000 1.455000 600 46 0.900000 0.074000 0.073000 1.200000 0.072000 0.087000
1496408352258818051	1400 45 1.200000 0.104000 0.132000 1800 41 1.100000 1.171000 1.402000 600 45 0.900000 0.074000 0.073000 1.200000 0.069000 0.083000
1496408352768135186	1400 53 1.200000 0.107000 0.136000 1800 42 1.100000 1.229000 1.472000 600 46 0.900000 0.074000 0.073000 1.200000 0.075000 0.091000
1496408353277357071	1400 54 1.200000 0.111000 0.141000 1800 43 1.200000 2.102000 2.528000 600 47 0.900000 0.075000 0.074000 1.200000 0.034000 0.041000
1496408353786586789	1400 54 1.200000 0.109000 0.138000 1800 43 1.200000 2.156000 2.593000 600 47 0.900000 0.075000 0.074000 1.200000 0.034000 0.041000
1496408354296088299	1400 52 1.200000 0.107000 0.136000 1800 44 1.200000 2.235000 2.688000 600 48 0.900000 0.075000 0.074000 1.200000 0.030000 0.036000
1496408354805275101	1400 54 1.200000 0.111000 0.141000 1800 44 1.200000 1.755000 2.109000 600 48 0.900000 0.076000 0.075000 1.200000 0.093000 0.113000
1496408355314413028	1400 55 1.200000 0.106000 0.134000 1800 44 1.200000 2.124000 2.555000 600 48 0.900000 0.075000 0.074000 1.200000 0.033000 0.040000
1496408355823585496	1400 55 1.200000 0.106000 0.134000 1800 44 1.200000 2.160000 2.598000 600 48 0.900000 0.076000 0.075000 1.200000 0.035000 0.042000
1496408356332847381	1400 55 1.200000 0.105000 0.133000 1800 44 1.200000 2.289000 2.758000 600 48 0.900000 0.076000 0.075000 1.200000 0.034000 0.041000
1496408356842131141	1400 55 1.200000 0.108000 0.137000 1800 44 1.200000 1.890000 2.273000 600 48 0.900000 0.076000 0.075000 1.200000 0.111000 0.135000
1496408357351355984	1400 55 1.200000 0.107000 0.136000 1800 44 1.200000 2.130000 2.562000 600 48 0.900000 0.076000 0.075000 1.200000 0.034000 0.041000
1496408357860507161	1400 56 1.200000 0.105000 0.133000 1800 44 1.200000 2.149000 2.585000 600 48 0.900000 0.076000 0.075000 1.200000 0.035000 0.042000
1496408358369674213	1400 57 1.200000 0.105000 0.133000 1800 45 1.200000 2.110000 2.538000 600 49 0.900000 0.076000 0.075000 1.200000 0.034000 0.041000
1496408358878784807	1400 55 1.200000 0.114000 0.145000 1800 44 1.200000 1.944000 2.336000 600 48 0.900000 0.077000 0.076000 1.200000 0.126000 0.153000
1496408359387955483	1400 55 1.200000 0.112000 0.142000 1800 44 1.200000 2.093000 2.517000 600 48 0.900000 0.077000 0.076000 1.200000 0.034000 0.041000
1496408359897166910	1400 56 1.200000 0.106000 0.134000 1800 45 1.200000 2.116000 2.545000 600 49 0.900000 0.077000 0.076000 1.200000 0.034000 0.041000
1496408360406378712	1400 57 1.200000 0.113000 0.143000 1800 45 1.200000 2.125000 2.556000 600 49 0.900000 0.077000 0.076000 1.200000 0.034000 0.041000
1496408360915587097	1400 55 1.200000 0.112000 0.142000 1800 45 1.200000 2.416000 2.911000 600 49 0.900000 0.077000 0.076000 1.200000 0.034000 0.041000
1496408361424707191	1400 56 1.200000 0.109000 0.138000 1800 45 1.200000 2.039000 2.452000 600 48 0.900000 0.077000 0.076000 1.200000 0.049000 0.059000
1496408361933868242	1400 56 1.200000 0.107000 0.136000 1800 45 1.200000 2.127000 2.558000 600 49 0.900000 0.077000 0.076000 1.200000 0.034000 0.041000
1496408362442957419	1400 57 1.200000 0.111000 0.141000 1800 45 1.200000 2.132000 2.564000 600 49 0.900000 0.077000 0.076000 1.200000 0.035000 0.042000
1496408362952590137	1400 49 1.200000 0.114000 0.145000 1800 44 1.200000 2.350000 2.831000 600 48 0.900000 0.077000 0.076000 1.200000 0.053000 0.064000
1496408363462801854	1400 49 1.200000 0.193000 0.243000 1800 43 1.100000 0.861000 1.030000 600 47 0.900000 0.076000 0.075000 1.200000 0.032000 0.038000
1496408363973139613	1400 49 1.200000 0.112000 0.142000 1800 42 1.100000 1.231000 1.474000 600 46 0.900000 0.076000 0.075000 1.200000 0.020000 0.024000
1496408364483523788	1400 49 1.200000 0.107000 0.136000 1800 42 1.200000 1.235000 1.482000 600 46 0.900000 0.074000 0.073000 1.200000 0.019000 0.023000
1496408364993609088	1400 45 1.200000 0.106000 0.134000 1800 41 1.100000 1.168000 1.399000 600 46 0.900000 0.074000 0.073000 1.200000 0.078000 0.095000
1496408365503462723	1400 44 1.200000 0.104000 0.132000 1800 41 1.100000 1.169000 1.400000 600 45 0.900000 0.074000 0.073000 1.200000 0.051000 0.062000
1496408366013763439	1400 44 1.200000 0.103000 0.131000 1800 41 1.200000 1.180000 1.416000 600 45 0.900000 0.074000 0.073000 1.200000 0.054000 0.065000
1496408366522902825	1400 51 1.200000 0.105000 0.133000 1800 41 1.100000 1.137000 1.362000 600 45 0.900000 0.073000 0.072000 1.200000 0.149000 0.183000
1496408367032184876	1400 55 1.200000 0.103000 0.131000 1800 43 1.200000 2.506000 3.019000 600 47 0.900000 0.074000 0.073000 1.200000 0.008000 0.009000
1496408367541325220	1400 56 1.200000 0.105000 0.133000 1800 44 1.200000 2.507000 3.020000 600 48 0.900000 0.074000 0.073000 1.200000 0.005000 0.006000
1496408368050259105	1400 57 1.200000 0.109000 0.138000 1800 44 1.200000 2.462000 2.966000 600 48 0.900000 0.075000 0.074000 1.200000 0.008000 0.009000
1496408368559255241	1400 57 1.200000 0.112000 0.142000 1800 44 1.200000 2.444000 2.945000 600 49 0.900000 0.076000 0.075000 1.200000 0.010000 0.012000
1496408369068245084	1400 58 1.200000 0.106000 0.134000 1800 45 1.200000 2.472000 2.981000 600 49 0.900000 0.076000 0.075000 1.200000 0.011000 0.013000
1496408369577205261	1400 58 1.200000 0.106000 0.134000 1800 45 1.200000 2.461000 2.965000 600 49 0.900000 0.077000 0.076000 1.200000 0.010000 0.012000
1496408370086207147	1400 58 1.200000 0.109000 0.138000 1800 45 1.200000 2.478000 2.988000 600 49 0.900000 0.077000 0.076000 1.200000 0.009000 0.010000
1496408370595176449	1400 58 1.200000 0.109000 0.138000 1800 45 1.200000 2.452000 2.954000 600 49 0.900000 0.077000 0.076000 1.200000 0.010000 0.012000
1496408371104324709	1400 58 1.200000 0.108000 0.137000 1800 45 1.200000 2.437000 2.936000 600 50 0.900000 0.077000 0.076000 1.200000 0.011000 0.013000
1496408371613274719	1400 58 1.200000 0.111000 0.141000 1800 46 1.200000 2.447000 2.948000 600 50 0.900000 0.077000 0.076000 1.200000 0.009000 0.010000
1496408372122367230	1400 59 1.200000 0.114000 0.145000 1800 46 1.200000 2.429000 2.926000 600 50 0.900000 0.077000 0.076000 1.200000 0.011000 0.013000
1496408372631415907	1400 58 1.200000 0.116000 0.147000 1800 46 1.200000 2.443000 2.943000 600 50 0.900000 0.077000 0.076000 1.200000 0.011000 0.013000
1496408373140418792	1400 58 1.200000 0.112000 0.142000 1800 46 1.200000 2.469000 2.975000 600 50 0.900000 0.077000 0.076000 1.200000 0.009000 0.010000
1496408373649406511	1400 59 1.200000 0.107000 0.136000 1800 46 1.200000 2.440000 2.940000 600 50 0.900000 0.078000 0.077000 1.200000 0.012000 0.014000
1496408374158413604	1400 59 1.200000 0.108000 0.137000 1800 46 1.200000 2.412000 2.906000 600 50 0.900000 0.078000 0.077000 1.200000 0.012000 0.014000
1496408374667858447	1400 59 1.200000 0.109000 0.138000 1800 46 1.200000 2.424000 2.920000 600 50 0.900000 0.078000 0.077000 1.200000 0.012000 0.014000
1496408375176926333	1400 59 1.200000 0.112000 0.142000 1800 46 1.200000 2.412000 2.906000 600 50 0.900000 0.078000 0.077000 1.200000 0.014000 0.016000
1496408375685982801	1400 59 1.200000 0.115000 0.146000 1800 46 1.200000 2.438000 2.940000 600 51 0.900000 0.078000 0.077000 1.200000 0.012000 0.014000
1496408376194962437	1400 59 1.200000 0.116000 0.147000 1800 46 1.200000 2.424000 2.920000 600 50 0.900000 0.078000 0.077000 1.200000 0.014000 0.016000
1496408376704016697	1400 59 1.200000 0.113000 0.143000 1800 46 1.200000 2.418000 2.913000 600 51 0.900000 0.078000 0.077000 1.200000 0.014000 0.017000
1496408377212966124	1400 59 1.200000 0.111000 0.141000 1800 46 1.200000 2.441000 2.941000 600 51 0.900000 0.078000 0.077000 1.200000 0.011000 0.013000
1496408377722025259	1400 59 1.200000 0.110000 0.140000 1800 46 1.200000 2.435000 2.934000 600 51 0.900000 0.078000 0.077000 1.200000 0.016000 0.019000
1496408378231129395	1400 59 1.200000 0.109000 0.138000 1800 46 1.200000 2.424000 2.920000 600 51 0.900000 0.078000 0.077000 1.200000 0.017000 0.020000
1496408378740071863	1400 59 1.200000 0.108000 0.137000 1800 46 1.200000 2.407000 2.900000 600 51 0.900000 0.078000 0.077000 1.200000 0.018000 0.021000
1496408379249142874	1400 59 1.200000 0.108000 0.137000 1800 46 1.200000 2.410000 2.904000 600 51 0.900000 0.078000 0.077000 1.200000 0.019000 0.023000
1496408379758236509	1400 59 1.200000 0.109000 0.138000 1800 46 1.200000 2.364000 2.848000 600 51 0.900000 0.078000 0.077000 1.200000 0.027000 0.032000
1496408380267239728	1400 58 1.200000 0.110000 0.140000 1800 46 1.200000 2.358000 2.841000 600 50 0.900000 0.078000 0.077000 1.200000 0.031000 0.037000
1496408380776346113	1400 55 1.200000 0.109000 0.138000 1800 46 1.200000 2.171000 2.611000 600 50 0.900000 0.078000 0.077000 1.200000 0.057000 0.069000
1496408381285410706	1400 48 1.200000 0.114000 0.145000 1800 44 1.200000 1.544000 1.852000 600 49 0.900000 0.077000 0.076000 1.200000 0.062000 0.075000
1496408381794778425	1400 47 1.200000 0.106000 0.134000 1800 43 1.100000 1.105000 1.323000 600 48 0.900000 0.077000 0.076000 1.200000 0.018000 0.021000
1496408382304361268	1400 46 1.200000 0.106000 0.134000 1800 43 1.100000 1.099000 1.316000 600 47 0.900000 0.076000 0.075000 1.200000 0.015000 0.018000
1496408382814444651	1400 48 1.200000 0.169000 0.213000 1800 42 1.100000 0.757000 0.906000 600 46 0.900000 0.075000 0.074000 1.200000 0.046000 0.055000
1496408383324666160	1400 48 1.200000 0.114000 0.145000 1800 42 1.200000 1.231000 1.477000 600 46 0.900000 0.075000 0.074000 1.200000 0.019000 0.023000
1496408383834873502	1400 48 1.200000 0.111000 0.141000 1800 42 1.200000 1.234000 1.480000 600 46 0.900000 0.074000 0.073000 1.200000 0.021000 0.025000
1496408384344062137	1400 54 1.200000 0.106000 0.134000 1800 43 1.200000 1.604000 1.926000 600 48 0.900000 0.074000 0.073000 1.200000 0.027000 0.032000
1496408384853247647	1400 55 1.200000 0.106000 0.134000 1800 43 1.200000 2.576000 3.106000 600 49 0.900000 0.075000 0.074000 1.200000 0.011000 0.013000
1496408385362372741	1400 56 1.200000 0.111000 0.141000 1800 44 1.200000 2.579000 3.110000 600 50 0.900000 0.076000 0.075000 1.200000 0.004000 0.004000
1496408385871677043	1400 56 1.200000 0.113000 0.143000 1800 45 1.200000 2.587000 3.119000 600 50 0.900000 0.076000 0.075000 1.200000 0.011000 0.013000
1496408386380778094	1400 57 1.200000 0.112000 0.142000 1800 45 1.200000 2.593000 3.127000 600 51 0.900000 0.077000 0.076000 1.200000 0.013000 0.015000
1496408386890274146	1400 57 1.200000 0.106000 0.134000 1800 45 1.200000 2.592000 3.125000 600 51 0.900000 0.077000 0.076000 1.200000 0.008000 0.009000
1496408387399450198	1400 57 1.200000 0.109000 0.138000 1800 46 1.200000 2.597000 3.131000 600 51 0.900000 0.077000 0.076000 1.200000 0.014000 0.016000
1496408387908586333	1400 58 1.200000 0.108000 0.137000 1800 46 1.200000 2.589000 3.122000 600 51 0.900000 0.077000 0.076000 1.200000 0.016000 0.019000
1496408388417740260	1400 58 1.200000 0.107000 0.136000 1800 46 1.200000 2.593000 3.127000 600 52 0.900000 0.077000 0.076000 1.200000 0.026000 0.031000
1496408388926965436	1400 58 1.200000 0.108000 0.137000 1800 46 1.200000 2.611000 3.148000 600 52 0.900000 0.078000 0.077000 1.200000 0.013000 0.015000
1496408389436154488	1400 58 1.200000 0.114000 0.145000 1800 46 1.200000 2.602000 3.138000 600 52 0.900000 0.078000 0.077000 1.200000 0.011000 0.013000
1496408389945344998	1400 58 1.200000 0.112000 0.142000 1800 46 1.200000 2.596000 3.130000 600 52 0.900000 0.078000 0.077000 1.200000 0.019000 0.023000
1496408390454484258	1400 58 1.200000 0.111000 0.141000 1800 47 1.200000 2.604000 3.140000 600 52 0.900000 0.079000 0.078000 1.200000 0.023000 0.027000
1496408390963669560	1400 59 1.200000 0.111000 0.141000 1800 47 1.200000 2.596000 3.130000 600 52 0.900000 0.079000 0.078000 1.200000 0.031000 0.037000
1496408391472880445	1400 59 1.200000 0.109000 0.138000 1800 47 1.200000 2.614000 3.152000 600 52 0.900000 0.079000 0.078000 1.200000 0.018000 0.021000
1496408391981998747	1400 59 1.200000 0.108000 0.137000 1800 47 1.200000 2.615000 3.153000 600 53 0.900000 0.079000 0.078000 1.200000 0.013000 0.015000
1496408392491352174	1400 59 1.200000 0.117000 0.148000 1800 47 1.200000 2.614000 3.152000 600 53 0.900000 0.079000 0.078000 1.200000 0.018000 0.021000
1496408393000520559	1400 59 1.200000 0.116000 0.147000 1800 47 1.200000 2.596000 3.130000 600 53 0.900000 0.079000 0.078000 1.200000 0.026000 0.031000
1496408393509642944	1400 59 1.200000 0.114000 0.145000 1800 47 1.200000 2.608000 3.147000 600 53 0.900000 0.079000 0.078000 1.200000 0.019000 0.023000
1496408394018873787	1400 59 1.200000 0.111000 0.141000 1800 47 1.200000 2.618000 3.159000 600 53 0.900000 0.079000 0.078000 1.200000 0.015000 0.018000
1496408394527993006	1400 59 1.200000 0.111000 0.141000 1800 47 1.200000 2.627000 3.168000 600 53 0.900000 0.079000 0.078000 1.200000 0.008000 0.009000
1496408395037170558	1400 59 1.200000 0.115000 0.146000 1800 47 1.200000 2.615000 3.156000 600 53 0.900000 0.079000 0.078000 1.200000 0.015000 0.018000
1496408395546390484	1400 59 1.200000 0.111000 0.141000 1800 47 1.200000 2.618000 3.157000 600 53 0.900000 0.079000 0.078000 1.200000 0.017000 0.020000
1496408396055617036	1400 59 1.200000 0.109000 0.138000 1800 47 1.200000 2.589000 3.122000 600 53 0.900000 0.079000 0.078000 1.200000 0.031000 0.037000
1496408396565260004	1400 59 1.200000 0.116000 0.147000 1800 47 1.200000 2.595000 3.129000 600 53 0.900000 0.079000 0.078000 1.200000 0.030000 0.036000
1496408397074691972	1400 59 1.200000 0.112000 0.142000 1800 47 1.200000 2.621000 3.160000 600 53 0.900000 0.079000 0.078000 1.200000 0.017000 0.020000
1496408397583821607	1400 59 1.200000 0.111000 0.141000 1800 47 1.200000 2.623000 3.165000 600 53 0.900000 0.079000 0.078000 1.200000 0.012000 0.014000
1496408398092956659	1400 59 1.200000 0.113000 0.143000 1800 47 1.200000 2.622000 3.162000 600 53 0.900000 0.079000 0.078000 1.200000 0.016000 0.019000
1496408398602163669	1400 59 1.200000 0.116000 0.147000 1800 47 1.200000 2.618000 3.157000 600 53 0.900000 0.079000 0.078000 1.200000 0.016000 0.019000
1496408399111347596	1400 59 1.200000 0.118000 0.150000 1800 47 1.200000 2.599000 3.134000 600 53 0.900000 0.079000 0.078000 1.200000 0.009000 0.010000
1496408399620537064	1400 59 1.200000 0.115000 0.146000 1800 47 1.200000 2.613000 3.151000 600 53 0.900000 0.079000 0.078000 1.200000 0.012000 0.014000
1496408400129744033	1400 59 1.200000 0.111000 0.141000 1800 47 1.200000 2.614000 3.152000 600 53 0.900000 0.079000 0.078000 1.200000 0.017000 0.020000
1496408400638922168	1400 59 1.200000 0.111000 0.141000 1800 47 1.200000 2.620000 3.159000 600 53 0.900000 0.079000 0.078000 1.200000 0.016000 0.019000
1496408401148040553	1400 59 1.200000 0.111000 0.141000 1800 47 1.200000 2.596000 3.130000 600 53 0.900000 0.080000 0.079000 1.200000 0.012000 0.014000
1496408401657305813	1400 59 1.200000 0.110000 0.140000 1800 47 1.200000 2.613000 3.151000 600 53 0.900000 0.079000 0.078000 1.200000 0.010000 0.012000
1496408402167480780	1400 53 1.200000 0.190000 0.239000 1800 46 1.200000 1.630000 1.959000 600 51 0.900000 0.079000 0.078000 1.200000 0.021000 0.025000
1496408402677596247	1400 51 1.200000 0.113000 0.143000 1800 45 1.200000 1.238000 1.485000 600 49 0.900000 0.078000 0.077000 1.200000 0.019000 0.023000
1496408403187733090	1400 51 1.200000 0.110000 0.140000 1800 44 1.200000 1.241000 1.489000 600 48 0.900000 0.077000 0.076000 1.200000 0.018000 0.021000
1496408403697139599	1400 55 1.200000 0.112000 0.142000 1800 44 1.200000 1.315000 1.578000 600 48 0.900000 0.077000 0.076000 1.200000 0.030000 0.036000
1496408404206322193	1400 61 1.200000 0.106000 0.134000 1800 46 1.200000 2.566000 3.094000 600 50 0.900000 0.077000 0.076000 1.200000 0.037000 0.044000
1496408404715411620	1400 62 1.200000 0.112000 0.142000 1800 47 1.200000 3.008000 3.633000 600 52 0.900000 0.078000 0.077000 1.200000 0.034000 0.041000
1496408405224579838	1400 63 1.200000 0.116000 0.147000 1800 47 1.200000 3.008000 3.633000 600 52 0.900000 0.079000 0.078000 1.200000 0.033000 0.040000
1496408405733739890	1400 64 1.200000 0.118000 0.150000 1800 48 1.200000 3.009000 3.634000 600 53 0.900000 0.079000 0.078000 1.200000 0.032000 0.038000
1496408406242853775	1400 64 1.200000 0.116000 0.147000 1800 48 1.200000 3.004000 3.628000 600 53 0.900000 0.080000 0.079000 1.200000 0.032000 0.038000
1496408406751935244	1400 53 1.200000 0.115000 0.146000 1800 47 1.200000 2.916000 3.519000 600 53 0.900000 0.080000 0.079000 1.200000 0.031000 0.037000
1496408407261137046	1400 63 1.200000 0.110000 0.139000 1800 48 1.200000 2.886000 3.483000 600 53 0.900000 0.079000 0.078000 1.200000 0.035000 0.042000
1496408407770366306	1400 64 1.200000 0.116000 0.147000 1800 49 1.200000 3.052000 3.686000 600 54 0.900000 0.080000 0.079000 1.200000 0.034000 0.041000
1496408408279499732	1400 65 1.200000 0.120000 0.152000 1800 49 1.200000 3.043000 3.675000 600 54 0.900000 0.081000 0.080000 1.200000 0.033000 0.040000
1496408408788807909	1400 65 1.200000 0.114000 0.145000 1800 49 1.200000 3.041000 3.673000 600 54 0.900000 0.081000 0.080000 1.200000 0.033000 0.040000
1496408409297941086	1400 65 1.200000 0.114000 0.145000 1800 50 1.200000 3.043000 3.675000 600 55 0.900000 0.081000 0.080000 1.200000 0.031000 0.037000
1496408409807051221	1400 65 1.200000 0.114000 0.145000 1800 50 1.200000 3.033000 3.663000 600 55 0.900000 0.081000 0.080000 1.200000 0.031000 0.037000
1496408410316271814	1400 63 1.200000 0.114000 0.145000 1800 49 1.200000 1.841000 2.212000 600 54 0.900000 0.081000 0.080000 1.200000 0.014000 0.017000
1496408410825596741	1400 65 1.200000 0.113000 0.143000 1800 49 1.200000 3.055000 3.690000 600 54 0.900000 0.081000 0.080000 1.200000 0.035000 0.042000
1496408411334847793	1400 65 1.200000 0.119000 0.151000 1800 50 1.200000 3.053000 3.688000 600 55 0.900000 0.081000 0.080000 1.200000 0.034000 0.041000
1496408411844210136	1400 66 1.200000 0.123000 0.156000 1800 50 1.200000 3.050000 3.684000 600 55 0.900000 0.081000 0.080000 1.200000 0.035000 0.042000
1496408412353297188	1400 66 1.200000 0.121000 0.153000 1800 50 1.200000 3.046000 3.679000 600 55 0.900000 0.082000 0.081000 1.200000 0.034000 0.041000
1496408412862452740	1400 66 1.200000 0.121000 0.153000 1800 50 1.200000 3.038000 3.669000 600 55 0.900000 0.082000 0.081000 1.200000 0.032000 0.038000
1496408413371710583	1400 54 1.200000 0.117000 0.148000 1800 48 1.200000 3.032000 3.662000 600 54 0.900000 0.082000 0.081000 1.200000 0.032000 0.038000
1496408413881024551	1400 65 1.200000 0.114000 0.145000 1800 50 1.200000 2.639000 3.185000 600 55 0.900000 0.081000 0.080000 1.200000 0.034000 0.041000
1496408414390158186	1400 66 1.200000 0.115000 0.146000 1800 50 1.200000 3.060000 3.696000 600 55 0.900000 0.082000 0.081000 1.200000 0.034000 0.041000
1496408414899363613	1400 66 1.200000 0.121000 0.153000 1800 50 1.200000 3.049000 3.683000 600 55 0.900000 0.082000 0.081000 1.200000 0.034000 0.041000
1496408415408419540	1400 66 1.200000 0.124000 0.157000 1800 50 1.200000 3.045000 3.678000 600 55 0.900000 0.083000 0.082000 1.200000 0.034000 0.041000
1496408415917612175	1400 66 1.200000 0.124000 0.157000 1800 50 1.200000 3.040000 3.672000 600 55 0.900000 0.082000 0.081000 1.200000 0.032000 0.038000
1496408416426850144	1400 59 1.200000 0.121000 0.153000 1800 50 1.200000 3.036000 3.667000 600 55 0.900000 0.083000 0.082000 1.200000 0.031000 0.037000
1496408416936212404	1400 65 1.200000 0.116000 0.147000 1800 50 1.200000 2.587000 3.119000 600 55 0.900000 0.082000 0.081000 1.200000 0.024000 0.029000
1496408417445330164	1400 66 1.200000 0.116000 0.147000 1800 50 1.200000 3.032000 3.662000 600 55 0.900000 0.082000 0.081000 1.200000 0.030000 0.036000
1496408417954449174	1400 66 1.200000 0.117000 0.148000 1800 50 1.200000 3.030000 3.660000 600 55 0.900000 0.082000 0.081000 1.200000 0.030000 0.036000
1496408418463716976	1400 66 1.200000 0.122000 0.155000 1800 50 1.200000 3.031000 3.661000 600 55 0.900000 0.082000 0.081000 1.200000 0.030000 0.036000
1496408418972981111	1400 66 1.200000 0.124000 0.157000 1800 51 1.200000 3.027000 3.656000 600 56 0.900000 0.083000 0.082000 1.200000 0.030000 0.036000
1496408419482183287	1400 66 1.200000 0.124000 0.157000 1800 51 1.200000 3.024000 3.652000 600 56 0.900000 0.083000 0.082000 1.200000 0.029000 0.035000
1496408419991131464	1400 53 1.200000 0.120000 0.152000 1800 49 1.200000 3.020000 3.648000 600 54 0.900000 0.083000 0.082000 1.200000 0.015000 0.018000
1496408420499762225	1400 49 1.200000 0.117000 0.148000 1800 46 1.100000 0.755000 0.902000 600 50 0.900000 0.082000 0.081000 1.200000 0.003000 0.003000
