#Timestamp	Benchmark	CPU(4) Frequency(MHz)	CPU(4) Temperature(C)	A15 Voltage(V)	A15 Current(A)	A15 Power(W)	CPU_CYCLES	L1I_CACHE_REFILL	L1I_TLB_REFILL	L1D_CACHE_ACCESS	L1D_TLB_REFILL	INST_RETIRED	EXCEPTION_TAKEN
1496367470512955299	parsec.dedup	1800	38	1.100000	0.706000	0.844000	641039556	6536797	1920553	138106628	2217851	273498360	31259
1496367471023228724	parsec.dedup	1800	39	1.100000	1.219000	1.460000	994634935	10394852	3080425	208871722	3513715	408953053	50044
1496367471533493358	parsec.dedup	1800	39	1.100000	1.223000	1.465000	991578692	10167179	3030810	214943940	3471514	431449986	49052
1496367472043496158	parsec.dedup	1800	39	1.100000	1.189000	1.424000	1159536407	4476354	3031420	246471911	4509502	378986805	35042
1496367472553499626	parsec.dedup	1800	39	1.200000	1.317000	1.580000	1303064978	3601501	2123252	473371511	3125721	1135529683	33227
1496367473063723968	parsec.dedup	1800	41	1.200000	1.968000	2.365000	1692051683	4376587	1991236	741901308	2651620	1970463963	24511
1496367473573074728	parsec.dedup	1800	42	1.200000	2.219000	2.669000	1714961337	3975554	1510264	838225680	2060125	2328495174	15742
1496367474082253029	parsec.dedup	1800	43	1.200000	2.174000	2.615000	1657562127	4557413	1679880	797459876	2938156	2251802851	17612
1496367474591617081	parsec.dedup	1800	43	1.200000	2.409000	2.902000	1659905569	4976719	1857419	768033571	3660933	2175292714	20888
1496367475101017591	parsec.dedup	1800	43	1.200000	2.207000	2.655000	1752730152	7213191	2875621	700427100	5995141	1742005137	37382
1496367475610573267	parsec.dedup	1800	44	1.200000	2.096000	2.521000	1792718583	8537498	3478696	700991987	7706534	1344516820	47194
1496367476120078735	parsec.dedup	1800	44	1.200000	2.188000	2.632000	1795804754	7903385	3227431	689013428	6616933	1390087899	45898
1496367476629545162	parsec.dedup	1800	44	1.200000	2.171000	2.611000	1796054500	8126781	3324829	702200362	6840164	1386335583	46334
1496367477139039713	parsec.dedup	1800	44	1.200000	2.184000	2.627000	1778177702	8158249	3253386	647904653	5198654	1403954970	37918
1496367477648392973	parsec.dedup	1800	45	1.200000	2.177000	2.618000	1791740924	8132904	3294752	654262048	5835427	1376143832	42330
1496367478157722066	parsec.dedup	1800	45	1.200000	2.135000	2.568000	1799893418	6329378	2485096	732643812	5407648	1555587802	31405
1496367478666815451	parsec.dedup	1800	45	1.200000	2.245000	2.700000	1802760061	5133941	1944444	732739457	2615069	1737551189	14232
1496367479176082086	parsec.dedup	1800	45	1.200000	2.237000	2.691000	1802646949	7473672	3164161	629247679	3194110	1590817047	26092
1496367479685152555	parsec.dedup	1800	45	1.200000	2.163000	2.602000	1793892799	6501407	2861511	641757235	3017492	1621930309	26454
1496367480194194107	parsec.dedup	1800	45	1.200000	2.189000	2.633000	1802289264	2381782	887405	720158560	1245419	1911063971	7967
1496367480703185034	parsec.dedup	1800	46	1.200000	2.267000	2.727000	1802470831	2423859	907298	725137221	1262762	1911062918	8141
1496367481212249502	parsec.dedup	1800	46	1.200000	2.284000	2.747000	1802258080	2766648	1069001	724435471	1352784	1898151030	9387
1496367481721263263	parsec.dedup	1800	46	1.200000	2.297000	2.763000	1802327655	2756109	1068935	732705326	1329723	1906968730	9570
1496367482230179357	parsec.dedup	1800	46	1.200000	2.304000	2.771000	1802243400	3326694	1363409	702937106	1606606	1839177430	12623
1496367482739277034	parsec.dedup	1800	46	1.200000	2.258000	2.716000	1802204961	3445358	1391483	715524020	1594973	1845662331	12499
1496367483248583585	parsec.dedup	1800	46	1.200000	2.289000	2.758000	1802298820	3156428	1261531	717860505	1463796	1865184616	11092
1496367483758009845	parsec.dedup	1800	46	1.200000	2.261000	2.719000	1802668964	3253935	1305937	705021596	1531788	1856536494	12162
1496367484267212855	parsec.dedup	1800	47	1.200000	2.276000	2.742000	1802537995	3285452	1410724	694123027	1805893	1789449258	11144
1496367484776620948	parsec.dedup	1800	47	1.200000	2.255000	2.712000	1208942765	9047079	4428603	302510138	4870512	661253378	34291
1496367485286042750	parsec.dedup	1800	45	1.200000	1.306000	1.567000	916239981	10599329	5112815	166697132	5262197	304355809	39794
1496367485795341510	parsec.dedup	1800	44	1.100000	1.151000	1.378000	909798326	10305446	4961338	165512813	5137464	302329000	39176
1496367486304911602	parsec.dedup	1800	44	1.100000	1.147000	1.374000	696103058	2079427	904829	121460800	1741157	239096959	5275
1496367486816103735	parsec.facesim	1800	43	1.100000	0.749000	0.895000	995270625	10382026	3060563	206072886	3493098	399806985	49854
1496367487326670785	parsec.facesim	1800	43	1.100000	1.230000	1.473000	994590301	10250254	3020848	210780239	3461464	415961381	49373
1496367487837389501	parsec.facesim	1800	43	1.100000	1.232000	1.475000	1005925242	9547040	2858610	240504153	3330871	489561245	45631
1496367488347127719	parsec.facesim	1800	43	1.100000	1.238000	1.483000	903532672	1272935	765422	358607363	1141690	869408689	8674
1496367488856921561	parsec.facesim	1800	42	1.100000	1.292000	1.547000	910102031	1846126	1140155	206919719	1910038	550582755	18662
1496367489366378863	parsec.facesim	1800	42	1.100000	1.192000	1.428000	904405658	828923	358746	143308822	1359827	432173079	4410
1496367489875643956	parsec.facesim	1800	42	1.100000	1.105000	1.323000	903961323	204088	128702	184393378	1039954	509470888	957
1496367490384991091	parsec.facesim	1800	42	1.100000	1.134000	1.358000	903810147	782680	251734	146799508	1197977	446632480	2360
1496367490894284518	parsec.facesim	1800	42	1.100000	1.140000	1.365000	906096472	906443	507345	172698793	1728082	409769991	6904
1496367491403656861	parsec.facesim	1800	41	1.100000	1.147000	1.374000	905202590	651152	380003	159521770	1375192	380106666	5013
1496367491913019746	parsec.facesim	1800	41	1.100000	1.105000	1.323000	905585907	735881	443018	160603692	1349997	390854426	6451
1496367492422324047	parsec.facesim	1800	41	1.100000	1.106000	1.324000	905687001	735408	440639	159855351	1369560	388400184	6505
1496367492931588349	parsec.facesim	1800	41	1.100000	1.136000	1.360000	903694163	270106	152107	189146055	720795	654057982	2123
1496367493440786942	parsec.facesim	1800	41	1.200000	1.594000	1.914000	903602505	105789	43656	1097913997	1405531	1463870448	329
1496367493950057952	parsec.facesim	1800	42	1.200000	1.933000	2.323000	903248600	184305	92737	329360372	615734	867935921	1012
1496367494459296046	parsec.facesim	1800	42	1.100000	1.226000	1.468000	1244266684	5545864	1544245	475355898	7241528	878606797	25968
1496367494968493639	parsec.facesim	1800	44	1.200000	2.287000	2.755000	1802563110	9105788	49873	888895216	14114373	1702468799	229
1496367495478184815	parsec.facesim	1800	44	1.200000	2.308000	2.776000	1555382469	10267090	84355	721426165	10641523	1437615604	797
1496367495987444784	parsec.facesim	1800	45	1.200000	1.949000	2.342000	1802438855	16767345	48726	808777740	13132059	1629700085	225
1496367496496755502	parsec.facesim	1800	45	1.200000	2.282000	2.745000	1710742157	8656924	88701	621374248	9236645	1310596668	860
1496367497006265762	parsec.facesim	1800	45	1.200000	1.910000	2.295000	1775034839	260562	100199	391694317	433439	798475217	745
1496367497515807438	parsec.facesim	1800	46	1.200000	1.917000	2.304000	1775730746	256249	100352	392545181	437778	800317805	742
1496367498025354822	parsec.facesim	1800	46	1.200000	1.910000	2.295000	1781541101	260086	102723	392644202	436492	800454701	731
1496367498534853040	parsec.facesim	1800	46	1.200000	1.923000	2.311000	1776678064	259191	102415	392366041	436501	799994172	741
1496367499044234884	parsec.facesim	1800	46	1.200000	1.917000	2.304000	1782313235	262672	103330	392626831	438643	800513309	759
1496367499553655560	parsec.facesim	1800	46	1.200000	1.926000	2.315000	1778794496	259091	101832	393252208	436807	801663067	738
1496367500063019695	parsec.facesim	1800	46	1.200000	1.907000	2.292000	1772953019	260086	101774	391771197	435958	798690090	738
1496367500572511621	parsec.facesim	1800	46	1.200000	1.909000	2.294000	1785061120	263620	103879	393329926	438643	801914308	760
1496367501082186006	parsec.facesim	1800	47	1.200000	1.923000	2.311000	1780784997	256886	100731	392306777	436529	799818863	735
1496367501591418432	parsec.facesim	1800	47	1.200000	1.919000	2.306000	1802634759	16839672	50017	799758725	13266715	1625751654	234
1496367502100569609	parsec.facesim	1800	47	1.200000	2.280000	2.747000	1643846762	14141812	47149	741919122	11406827	1517347452	223
1496367502609942161	parsec.facesim	1800	47	1.200000	2.289000	2.753000	1137171495	2542245	994933	434253709	4120586	973529887	2006
1496367503119426545	parsec.facesim	1800	46	1.200000	1.774000	2.132000	636969108	712146	221237	85084751	1218217	219703427	2838
1496367503629111680	parsec.freqmine	1800	45	1.200000	1.083000	1.299000	992778332	10249661	3036781	212220911	3482063	418388640	49322
1496367504139301355	parsec.freqmine	1800	45	1.100000	0.804000	0.962000	993501411	10305730	3063757	210588152	3501585	416114081	49653
1496367504649464031	parsec.freqmine	1800	44	1.100000	1.233000	1.477000	1015731939	9595188	2850000	207741778	3297549	418435217	46030
1496367505158675374	parsec.freqmine	1800	44	1.100000	1.235000	1.479000	904134662	218934	110021	78124678	197275	187884580	1281
1496367505667747884	parsec.freqmine	1800	43	1.100000	1.096000	1.311000	903137016	214560	109005	78064430	200994	187629215	1294
1496367506176839353	parsec.freqmine	1800	43	1.100000	0.992000	1.187000	903744635	207249	106208	77891420	194450	187403005	1245
1496367506686165571	parsec.freqmine	1800	42	1.100000	0.994000	1.189000	903479367	208277	106663	77796282	194380	187266816	1238
1496367507195289831	parsec.freqmine	1800	42	1.100000	0.991000	1.186000	903227174	203779	105907	77819702	194624	187273957	1240
1496367507704458883	parsec.freqmine	1800	42	1.100000	0.990000	1.185000	903575139	211182	109414	77836250	194007	187315793	1238
1496367508213669060	parsec.freqmine	1800	41	1.100000	0.990000	1.185000	902854933	203060	105841	77760422	192334	187197998	1235
1496367508722863528	parsec.freqmine	1800	41	1.100000	0.988000	1.182000	903623834	211097	110121	77875429	194134	187403412	1242
1496367509231985080	parsec.freqmine	1800	41	1.100000	0.990000	1.185000	903131867	208243	107554	77843315	193964	187373396	1239
1496367509741297465	parsec.freqmine	1800	41	1.100000	0.990000	1.185000	903262765	207917	106998	77834941	194660	187368564	1237
1496367510250453809	parsec.freqmine	1800	41	1.100000	0.989000	1.183000	903244718	208109	107471	77866547	194072	187432367	1241
1496367510759674277	parsec.freqmine	1800	41	1.100000	0.988000	1.182000	903422134	205970	106663	77823246	194049	187359996	1238
1496367511268785912	parsec.freqmine	1800	41	1.100000	0.988000	1.182000	903592674	207801	107269	77915626	194644	187527324	1246
1496367511777995714	parsec.freqmine	1800	41	1.100000	0.988000	1.182000	903219022	206020	107224	77866796	192953	187383778	1243
1496367512287250307	parsec.freqmine	1800	41	1.100000	0.987000	1.181000	911760328	296847	162567	85451218	270871	213650258	2067
1496367512796488609	parsec.freqmine	1800	42	1.100000	0.989000	1.183000	1762840040	915219	560636	414424927	3572587	2325792606	5867
1496367513306359327	parsec.freqmine	1800	43	1.200000	2.064000	2.480000	1728220907	2402317	1543566	372931906	12497069	852987001	20372
1496367513815595337	parsec.freqmine	1800	44	1.200000	1.751000	2.102000	1802416265	257815	54475	1022709486	1687783	1983478184	250
1496367514324659722	parsec.freqmine	1800	45	1.200000	2.391000	2.881000	1802412900	259842	53215	1074136971	1635381	2019645495	241
1496367514833746274	parsec.freqmine	1800	45	1.200000	2.434000	2.932000	1802407275	226821	51544	1109721880	1531757	2075324239	231
1496367515342841117	parsec.freqmine	1800	46	1.200000	2.422000	2.918000	1802396677	244655	50655	1119221196	1390143	2080608353	227
1496367515851955169	parsec.freqmine	1800	46	1.200000	2.445000	2.946000	1802424346	248881	50688	1106321297	1498407	2060290953	231
1496367516361334721	parsec.freqmine	1800	47	1.200000	2.437000	2.936000	1802405071	243821	51406	1110403509	1506497	2068724961	227
1496367516870482231	parsec.freqmine	1800	47	1.200000	2.438000	2.937000	1802708431	253763	50716	1104505916	1631794	2056862308	228
1496367517379712408	parsec.freqmine	1800	47	1.200000	2.426000	2.923000	1802791810	246797	49521	1110539197	1608898	2059988986	226
1496367517888855085	parsec.freqmine	1800	47	1.200000	2.452000	2.954000	1802409645	256155	50426	1089994538	1771946	2029624849	227
1496367518397950011	parsec.freqmine	1800	48	1.200000	2.437000	2.936000	1802386550	243817	50503	1100450050	1735959	2050049350	231
1496367518907110855	parsec.freqmine	1800	48	1.200000	2.429000	2.926000	1802406856	245581	50557	1111056801	1738253	2051949522	228
1496367519416373532	parsec.freqmine	1800	48	1.200000	2.453000	2.955000	1802403689	241995	50022	1086306752	1892833	2021205047	229
1496367519925563833	parsec.freqmine	1800	48	1.200000	2.423000	2.919000	1798727457	205178	56717	811597963	2062958	1761267960	272
1496367520434860635	parsec.freqmine	1800	48	1.200000	2.002000	2.406000	1782655187	306478	115075	680159810	2738563	1511745814	1217
1496367520944115770	parsec.freqmine	1800	48	1.200000	2.070000	2.490000	1802436645	320369	141123	567542532	5336943	1375997817	1534
1496367521453667905	parsec.streamcluster	1800	47	1.200000	2.116000	2.545000	957719009	3081374	929312	270056538	3082948	600608165	14281
1496367521963844247	parsec.streamcluster	1800	46	1.100000	1.237000	1.481000	995303618	10434076	3039572	206721122	3454673	400705035	49931
1496367522474021672	parsec.streamcluster	1800	45	1.100000	1.240000	1.485000	993775052	10262442	3007990	211918897	3417102	419941072	49102
1496367522983531973	parsec.streamcluster	1800	45	1.100000	1.245000	1.491000	1144400051	7486156	2288302	309317339	2990516	653788249	36744
1496367523492862150	parsec.streamcluster	1800	46	1.200000	1.819000	2.184000	1801714736	157028	62159	529466657	2009639	1215655345	827
1496367524002349743	parsec.streamcluster	1800	47	1.200000	2.229000	2.685000	1802435090	141099	56684	531073633	2007768	1219120994	804
1496367524511859419	parsec.streamcluster	1800	48	1.200000	2.233000	2.686000	1802464050	141369	58090	531214521	2008421	1219706446	797
1496367525021352971	parsec.streamcluster	1800	48	1.200000	2.235000	2.688000	1802443489	139930	57732	531213355	2008437	1219742366	799
1496367525530705856	parsec.streamcluster	1800	48	1.200000	2.237000	2.691000	1802459980	143059	57624	531092593	2007727	1219231757	795
1496367526040119782	parsec.streamcluster	1800	49	1.200000	2.238000	2.692000	1802461291	144499	59296	528909596	2013384	1218564348	783
1496367526549614042	parsec.streamcluster	1800	49	1.200000	2.245000	2.700000	1802471150	144204	57894	527867443	2017172	1218128894	787
1496367527058960968	parsec.streamcluster	1800	49	1.200000	2.244000	2.704000	1803338985	139077	57673	527911029	2019264	1219712228	865
1496367527568250770	parsec.streamcluster	1800	49	1.200000	2.241000	2.700000	1802549518	146827	58978	527268564	2030229	1219366605	904
1496367528077683446	parsec.streamcluster	1800	49	1.200000	2.239000	2.693000	1802455958	142755	57623	527008856	2053507	1219710441	925
1496367528587091456	parsec.streamcluster	1800	49	1.200000	2.238000	2.692000	1802456114	145929	57721	526123292	2159006	1218303972	886
1496367529096521633	parsec.streamcluster	1800	50	1.200000	2.233000	2.686000	1802475550	141813	58382	525933282	2192107	1218535635	913
1496367529605984892	parsec.streamcluster	1800	49	1.200000	2.234000	2.687000	1802583949	147422	59233	525923140	2213431	1218460376	873
1496367530115408152	parsec.streamcluster	1800	50	1.200000	2.234000	2.691000	1802466215	142760	58816	525761574	2206131	1218293808	889
1496367530624741912	parsec.streamcluster	1800	50	1.200000	2.236000	2.694000	1802464774	140189	58255	524664177	2244237	1215919257	863
1496367531134202172	parsec.streamcluster	1800	50	1.200000	2.236000	2.694000	1802584891	142646	57190	524711043	2249719	1216086498	902
1496367531643732640	parsec.streamcluster	1800	50	1.200000	2.236000	2.694000	708877529	6361855	1883658	160268362	2274116	324270171	30215
1496367532154073232	splash2x.barnes	1800	48	1.100000	1.131000	1.354000	995003226	10362911	3039641	209017672	3468361	408304689	49720
1496367532664281490	splash2x.barnes	1800	47	1.100000	1.246000	1.492000	992543486	10140876	2984707	214669113	3423937	428578854	48904
1496367533174522666	splash2x.barnes	1800	46	1.200000	1.245000	1.494000	1045782440	5234248	1796409	219827663	2776688	519797923	28375
1496367533684110050	splash2x.barnes	1800	46	1.200000	1.249000	1.498000	1801691606	572268	246842	459529058	7482435	983400011	2451
1496367534193253727	splash2x.barnes	1800	47	1.200000	1.562000	1.875000	1802697160	105061	59579	628361091	8402466	1310314150	231
1496367534702474570	splash2x.barnes	1800	48	1.200000	2.352000	2.834000	1802674750	101348	59721	629308072	7779846	1310992378	228
1496367535211704414	splash2x.barnes	1800	48	1.200000	2.364000	2.848000	1802705885	103674	62069	629309709	8109388	1312258305	226
1496367535720804591	splash2x.barnes	1800	48	1.200000	2.367000	2.852000	1802696895	101716	67319	629146551	8020606	1312576937	223
1496367536230098851	splash2x.barnes	1800	48	1.200000	2.370000	2.855000	1803182645	105834	69233	628424032	8496362	1313992985	226
1496367536739441944	splash2x.barnes	1800	49	1.200000	2.369000	2.854000	1802802439	101253	72186	625964152	9595300	1306535355	223
1496367537248574079	splash2x.barnes	1800	49	1.200000	2.358000	2.841000	1802730531	103629	69278	615297186	9472769	1283188064	225
1496367537757897214	splash2x.barnes	1800	48	1.200000	2.351000	2.832000	1591595670	349544	139471	424887803	4707768	939586225	1820
1496367538267092599	splash2x.barnes	1800	49	1.200000	2.116000	2.545000	1802703026	106645	44155	628382820	6126372	1310672516	231
1496367538776363067	splash2x.barnes	1800	49	1.200000	2.367000	2.852000	1802682155	103517	43877	628161536	6524886	1308448273	228
1496367539285643286	splash2x.barnes	1800	49	1.200000	2.371000	2.857000	1802693290	104068	42312	628289621	6394625	1309906433	229
1496367539794890129	splash2x.barnes	1800	49	1.200000	2.369000	2.854000	1803071634	102751	43260	628574626	6377596	1311732194	228
1496367540304095014	splash2x.barnes	1800	49	1.200000	2.372000	2.858000	1802690041	102443	43321	628399219	6153125	1313984640	229
1496367540813368483	splash2x.barnes	1800	49	1.200000	2.368000	2.853000	1802680130	102885	48550	628019458	5736428	1311128906	227
1496367541322596951	splash2x.barnes	1800	49	1.200000	2.356000	2.838000	1802720840	103943	46825	628155768	6183181	1308476699	228
1496367541831907544	splash2x.barnes	1800	49	1.200000	2.352000	2.834000	1507714199	331964	131670	386359633	4135389	861223504	1417
1496367542341179638	splash2x.barnes	1800	49	1.200000	2.058000	2.475000	1802704430	106358	46222	629008123	6147375	1312217170	231
1496367542850365439	splash2x.barnes	1800	49	1.200000	2.361000	2.845000	1803162885	104359	44636	628740436	6564154	1310573923	230
1496367543359505324	splash2x.barnes	1800	49	1.200000	2.366000	2.851000	1802699935	105040	44522	628402351	6732482	1310386214	229
1496367543868721668	splash2x.barnes	1800	49	1.200000	2.367000	2.852000	1802673395	101100	42197	628160263	6460136	1311112866	227
1496367544377899595	splash2x.barnes	1800	49	1.200000	2.369000	2.854000	1802667110	102116	42477	628715726	6415612	1314643078	227
1496367544887161896	splash2x.barnes	1800	49	1.200000	2.365000	2.849000	1802702740	101675	45852	628884448	5881685	1314088452	227
1496367545396392490	splash2x.barnes	1800	49	1.200000	2.353000	2.835000	1802670570	104922	46551	628682291	6158181	1311120181	229
1496367545905553208	splash2x.barnes	1800	49	1.200000	2.349000	2.830000	1512387750	333940	131014	386144458	4218035	858864403	1497
1496367546414971510	splash2x.barnes	1800	49	1.200000	1.883000	2.263000	1803196615	106602	44083	629872516	6010419	1313856478	233
1496367546924261020	splash2x.barnes	1800	49	1.200000	2.356000	2.838000	1802752600	105030	48491	629537436	6545153	1312107207	228
1496367547433598905	splash2x.barnes	1800	49	1.200000	2.370000	2.855000	1802672290	102582	46752	629578271	6695602	1311547923	229
1496367547942831081	splash2x.barnes	1800	49	1.200000	2.373000	2.859000	1802674920	102436	41175	629625633	6485288	1312761410	227
1496367548452031383	splash2x.barnes	1800	49	1.200000	2.373000	2.859000	1802701090	104708	49361	629727959	6317257	1316075225	226
1496367548961253268	splash2x.barnes	1800	50	1.200000	2.369000	2.854000	1802673800	102291	45714	629898640	5978228	1316142536	223
1496367549470971569	splash2x.barnes	1800	50	1.200000	2.355000	2.837000	1802899295	107900	46831	629514277	6044984	1312910386	227
1496367549980077163	splash2x.barnes	1800	49	1.200000	2.351000	2.832000	1264047714	474710	162537	395061340	4144509	826180997	1854
1496367550490142672	splash2x.fmm	1800	48	1.100000	0.813000	0.973000	804630752	8253372	2439941	172136181	2815565	339859385	39650
1496367551000327014	splash2x.fmm	1800	47	1.100000	1.242000	1.487000	993378252	10344571	3069598	209593182	3509217	411949740	49936
1496367551510304523	splash2x.fmm	1800	47	1.200000	1.249000	1.498000	993607519	10090491	3009599	215641844	3459562	434470841	48556
1496367552019830324	splash2x.fmm	1800	46	1.100000	1.215000	1.455000	947277213	2366842	783472	135192024	1317770	341596468	12022
1496367552530062958	splash2x.fmm	1800	46	1.200000	1.548000	1.859000	1371382611	6005292	4696491	257217969	5863385	428608438	62348
1496367553039488801	splash2x.fmm	1800	46	1.200000	1.177000	1.412000	1052859178	829973	534568	158773183	5255350	423408173	8728
1496367553548674811	splash2x.fmm	1800	47	1.200000	1.659000	1.992000	1802708665	134266	46287	335635822	10989578	1462375194	236
1496367554057908654	splash2x.fmm	1800	47	1.200000	2.075000	2.496000	1802674815	128012	43805	348082221	9592307	1537488026	227
1496367554567031789	splash2x.fmm	1800	47	1.200000	2.136000	2.569000	1802669720	125660	45157	348367669	9928782	1541561515	231
1496367555076755632	splash2x.fmm	1800	48	1.200000	2.129000	2.561000	1768386491	136439	57170	360075203	3591741	1516157738	387
1496367555586029975	splash2x.fmm	1800	48	1.200000	1.869000	2.246000	1802722136	136741	48808	327154934	9701548	1356068520	275
1496367556095164611	splash2x.fmm	1800	48	1.200000	2.089000	2.513000	1803000770	126060	45313	347136280	9695549	1534151866	228
1496367556604331162	splash2x.fmm	1800	48	1.200000	2.159000	2.597000	1802426370	127163	45622	347071169	9688063	1534202888	228
1496367557113577172	splash2x.fmm	1800	48	1.200000	2.170000	2.610000	1795063868	127424	43779	388960519	2746555	1723412091	247
1496367557622692141	splash2x.fmm	1800	48	1.200000	1.818000	2.183000	1802104703	142958	55731	310487540	10038022	1208693903	322
1496367558131823068	splash2x.fmm	1800	48	1.200000	2.109000	2.537000	1802361849	122507	43228	339208659	10588146	1499047520	227
1496367558641061786	splash2x.fmm	1800	48	1.200000	2.136000	2.569000	1802354301	127513	45785	343726515	9976265	1517776656	231
1496367559150198921	splash2x.fmm	1800	49	1.200000	2.233000	2.686000	1800655040	131693	44511	421385128	3920252	1877137796	241
1496367559659358015	splash2x.fmm	1800	49	1.200000	1.857000	2.232000	1801670008	140605	55960	283273937	8835388	1078216862	343
1496367560168374525	splash2x.fmm	1800	49	1.200000	2.119000	2.549000	1802351066	121987	43054	336922362	10647524	1487947652	226
1496367560677630952	splash2x.fmm	1800	49	1.200000	2.142000	2.576000	1802473795	120607	42226	425900550	5492458	1902431638	224
1496367561186912754	splash2x.fmm	1800	49	1.200000	2.342000	2.822000	1795796015	123743	52125	278591299	6920046	1052636835	354
1496367561696301597	splash2x.fmm	1800	49	1.200000	1.982000	2.382000	1802327210	128036	46120	335758726	10824750	1482155561	228
1496367562205448815	splash2x.fmm	1800	49	1.200000	2.098000	2.521000	1802415415	129245	46865	344619204	9884939	1521654581	231
1496367562714613617	splash2x.fmm	1800	49	1.200000	2.128000	2.559000	1802410895	122109	45740	393441670	7472434	1751551208	228
1496367563223658544	splash2x.fmm	1800	49	1.200000	2.124000	2.555000	1197797948	567646	175163	224607334	1623531	874210722	1893
1496367563733210637	splash2x.radiosity	1800	48	1.200000	2.425000	2.922000	878182788	9023926	2650413	187984573	3057736	370266510	43214
1496367564243274604	splash2x.radiosity	1800	47	1.100000	0.805000	0.963000	993925995	10343510	3052681	210723421	3503658	414350495	49807
1496367564753473738	splash2x.radiosity	1800	46	1.100000	1.243000	1.489000	1002621761	10140817	2997904	217106344	3470112	435837239	48636
1496367565263358830	splash2x.radiosity	1800	46	1.200000	1.244000	1.492000	944153063	4434285	2630362	201742279	3613611	380262476	44695
1496367565773262340	splash2x.radiosity	1800	45	1.100000	1.208000	1.447000	919085263	4100361	2655474	215651251	3948910	369045062	49584
1496367566283235224	splash2x.radiosity	1800	45	1.100000	1.174000	1.406000	909126517	3762234	1450049	210432537	2098398	359164282	55153
1496367566793740482	splash2x.radiosity	1800	45	1.100000	1.186000	1.420000	1065384648	1117704	482883	170043688	867911	408869720	17314
1496367567302937034	splash2x.radiosity	1800	46	1.100000	1.087000	1.302000	1802439009	205707	137626	673504506	1841245	2085626497	384
1496367567813587167	splash2x.radiosity	1800	47	1.200000	2.501000	3.016000	1802504935	189681	122322	670907423	1901144	2087669296	306
1496367568322704969	splash2x.radiosity	1800	48	1.200000	2.501000	3.016000	1802450545	210015	91305	686645002	1688997	2050613228	482
1496367568832022979	splash2x.radiosity	1800	48	1.200000	2.482000	2.993000	1802435971	227600	137570	674300710	1495732	1986393507	640
1496367569341251114	splash2x.radiosity	1800	48	1.200000	2.482000	2.993000	1802499963	228928	112626	683812683	1694055	1991092601	647
1496367569850397999	splash2x.radiosity	1800	49	1.200000	2.470000	2.976000	1802494228	220480	86563	691480478	1599423	2039808011	636
1496367570359496842	splash2x.radiosity	1800	49	1.200000	2.467000	2.975000	1802439462	217684	85300	680146819	1727138	2050682759	584
1496367570868651602	splash2x.radiosity	1800	49	1.200000	2.475000	2.984000	1802447953	219937	89375	677046739	1528047	1998884870	682
1496367571377774113	splash2x.radiosity	1800	49	1.200000	2.441000	2.943000	1802443565	240505	87550	681420409	1492014	1946782021	1052
1496367571886931956	splash2x.radiosity	1800	49	1.200000	2.416000	2.913000	1802463259	217445	84977	671630251	1641909	1945408464	816
1496367572396103841	splash2x.radiosity	1800	50	1.200000	2.468000	2.976000	1802458056	232654	90291	684046990	1533045	1940155608	962
1496367572905243976	splash2x.radiosity	1800	50	1.200000	2.482000	2.993000	1802457184	231368	95731	682486906	1521623	1953583641	925
1496367573414446903	splash2x.radiosity	1800	50	1.200000	2.463000	2.970000	1802446679	217663	99064	687157847	1441446	2044690475	681
1496367573923644163	splash2x.radiosity	1800	50	1.200000	2.495000	3.008000	1802781436	222106	82208	677081546	1256260	1958188297	977
1496367574432756715	splash2x.radiosity	1800	50	1.200000	2.461000	2.965000	1802446088	236541	80356	673159381	1142686	1980929844	1267
1496367574941985809	splash2x.radiosity	1800	50	1.200000	2.426000	2.925000	1802550785	226369	82172	701350416	1459258	1942637083	875
1496367575451191360	splash2x.radiosity	1800	50	1.200000	2.437000	2.936000	1802521286	235632	93787	706356262	1694583	1854835530	1057
1496367575960302662	splash2x.radiosity	1800	50	1.200000	2.447000	2.948000	1802445794	223063	90675	707620643	1586397	1929607719	968
1496367576469448339	splash2x.radiosity	1800	50	1.200000	2.449000	2.953000	1802890422	231230	96086	697329464	1796005	1930400229	1054
1496367576978537474	splash2x.radiosity	1800	50	1.200000	2.436000	2.937000	1802454143	242468	103349	691961892	1765443	1938107441	1373
1496367577487646276	splash2x.radiosity	1800	50	1.200000	2.421000	2.917000	1802871759	247643	102239	687821213	1746124	1932752540	1158
1496367577996864786	splash2x.radiosity	1800	50	1.200000	2.462000	2.969000	1802449266	237244	102493	688283404	1802481	1955438724	1166
1496367578506130421	splash2x.radiosity	1800	50	1.200000	2.456000	2.959000	1802457015	250387	103348	663515429	1544354	1989193867	1272
1496367579015347265	splash2x.radiosity	1800	51	1.200000	2.425000	2.922000	1802450285	269843	92165	678840737	1048653	1941058812	1886
1496367579524513483	splash2x.radiosity	1800	51	1.200000	2.415000	2.912000	1802260534	266951	107761	673689466	1903727	1836121816	1466
1496367580033775660	splash2x.radiosity	1800	50	1.200000	2.408000	2.901000	1802470170	297906	114092	652815631	1965335	1817826944	1973
1496367580542885337	splash2x.radiosity	1800	51	1.200000	2.398000	2.889000	1802242872	306064	117141	646998025	2223147	1771414761	1899
1496367581052160347	splash2x.radiosity	1800	50	1.200000	2.308000	2.781000	1802215159	326193	115924	550266891	2970466	1499240305	1435
1496367581561630940	splash2x.radiosity	1800	50	1.200000	1.909000	2.294000	1683993707	262639	99698	289869911	4398932	728992690	1307
1496367582071060408	splash2x.radiosity	1800	48	1.100000	1.118000	1.339000	903258404	62919	28664	232585691	1599259	703868032	132
1496367582580239418	splash2x.radiosity	1800	47	1.100000	1.114000	1.334000	904170425	117566	41675	218077540	1457081	636674453	151
1496367583090579051	splash2x.raytrace	1800	47	1.200000	1.169000	1.402000	660580588	3846514	1130505	149434216	1746395	317337015	17643
1496367583601395643	splash2x.raytrace	1800	46	1.100000	0.808000	0.967000	994756935	10444034	3066172	207525569	3499656	403701130	49995
1496367584111967026	splash2x.raytrace	1800	46	1.200000	1.241000	1.489000	992948890	10251806	3055333	212747524	3487949	423057515	49387
1496367584621402994	splash2x.raytrace	1800	46	1.200000	1.243000	1.491000	1088799610	8253442	2063717	270771667	2794937	682047545	32388
1496367585130500754	splash2x.raytrace	1800	47	1.200000	1.513000	1.817000	1802412032	247814	61089	508292172	3038559	1229208013	518
1496367585639714306	splash2x.raytrace	1800	48	1.200000	2.593000	3.127000	1802416978	219708	53939	511917392	3083007	1236147515	374
1496367586148768691	splash2x.raytrace	1800	48	1.200000	2.596000	3.130000	1802430505	220237	57306	513012588	2977871	1231693710	467
1496367586657916451	splash2x.raytrace	1800	49	1.200000	2.600000	3.135000	1802344520	279216	63758	511509352	2959589	1204081583	511
1496367587167158920	splash2x.raytrace	1800	49	1.200000	2.603000	3.139000	1802372735	227271	60264	509110595	2910406	1221310468	466
1496367587676421305	splash2x.raytrace	1800	50	1.200000	2.606000	3.142000	1802559217	238231	62534	514809266	2962843	1234362125	583
1496367588185523523	splash2x.raytrace	1800	50	1.200000	2.605000	3.141000	1802360285	233239	60676	509052938	2941138	1218984381	505
1496367588694715867	splash2x.raytrace	1800	50	1.200000	2.611000	3.148000	1802348731	248357	59428	509606806	2876316	1210719125	438
1496367589203763252	splash2x.raytrace	1800	50	1.200000	2.602000	3.138000	1802341483	248529	59969	508253422	2883658	1216148001	449
1496367589712921012	splash2x.raytrace	1800	50	1.200000	2.618000	3.157000	1802519299	249616	62403	513285443	2910965	1217691783	547
1496367590222098439	splash2x.raytrace	1800	50	1.200000	2.616000	3.154000	1802653587	216774	59795	511842254	2882262	1220475747	431
1496367590731363949	splash2x.raytrace	1800	50	1.200000	2.609000	3.146000	1802814706	202862	57016	508514974	2839255	1204361276	354
1496367591240474334	splash2x.raytrace	1800	51	1.200000	2.609000	3.146000	1802553805	208589	56736	509399919	2825042	1199433569	353
1496367591749644678	splash2x.raytrace	1800	51	1.200000	2.603000	3.139000	1802434237	240939	60204	516265905	2865943	1212992757	475
1496367592258774938	splash2x.raytrace	1800	51	1.200000	2.624000	3.164000	1802429697	242623	60805	517592009	2856671	1210261908	455
1496367592767850865	splash2x.raytrace	1800	51	1.200000	2.631000	3.172000	1802428082	240977	62349	515454107	2873420	1212667998	494
1496367593276997958	splash2x.raytrace	1800	51	1.200000	2.626000	3.166000	1802431990	218192	59298	508345730	2796664	1209423315	434
1496367593786305260	splash2x.raytrace	1800	51	1.200000	2.617000	3.156000	1802724684	211529	56594	511681751	2819772	1213990773	363
1496367594295523437	splash2x.raytrace	1800	51	1.200000	2.615000	3.153000	1802407921	222496	60298	511250771	2826085	1205849922	382
1496367594804697238	splash2x.raytrace	1800	51	1.200000	2.620000	3.159000	1802671192	246786	59581	520745130	2877574	1213594208	421
1496367595313854415	splash2x.raytrace	1800	51	1.200000	2.633000	3.175000	1802438168	242205	60991	517685331	2861080	1204675887	432
1496367595823024967	splash2x.raytrace	1800	51	1.200000	2.634000	3.176000	1802618385	239391	62402	519011223	2870749	1207937931	476
1496367596332330060	splash2x.raytrace	1800	51	1.200000	2.628000	3.169000	1802452731	205641	58370	503505843	2791839	1209470656	415
1496367596841706278	splash2x.raytrace	1800	51	1.200000	2.594000	3.128000	1802445089	231835	61531	509468501	2850630	1204302898	423
1496367597350807372	splash2x.raytrace	1800	51	1.200000	2.613000	3.151000	1802442230	243842	60196	517718651	2902555	1218210714	385
1496367597860043174	splash2x.raytrace	1800	51	1.200000	2.630000	3.171000	1802438493	244115	58251	518827494	2893575	1211529820	354
1496367598369145642	splash2x.raytrace	1800	52	1.200000	2.630000	3.171000	1802616160	249403	61153	516867075	2896279	1206149930	379
1496367598878292527	splash2x.raytrace	1800	52	1.200000	2.627000	3.168000	1802436376	225834	59332	515836146	2836215	1213743430	432
1496367599387487329	splash2x.raytrace	1800	52	1.200000	2.618000	3.157000	1802445744	246539	63239	517096533	2930419	1225542183	501
1496367599896748589	splash2x.raytrace	1800	52	1.200000	2.619000	3.158000	1802444816	240769	59993	516660404	2892299	1218984157	427
1496367600405941224	splash2x.raytrace	1800	52	1.200000	2.624000	3.164000	1802449669	242876	61393	515816893	2885357	1207724758	418
1496367600915197401	splash2x.raytrace	1800	52	1.200000	2.622000	3.162000	1802430006	240755	58589	520071110	2874234	1219731756	379
1496367601424276161	splash2x.raytrace	1800	52	1.200000	2.626000	3.166000	1802424282	241168	61715	517988010	2837829	1232880308	532
1496367601933381463	splash2x.raytrace	1800	52	1.200000	2.611000	3.148000	1802458465	272188	66957	519313941	2955842	1222461247	698
1496367602442520473	splash2x.raytrace	1800	52	1.200000	2.624000	3.164000	1188978057	705780	209767	336429138	1992056	794791575	2931
1496367602952883857	splash2x.water_nsquared	1800	50	1.200000	2.379000	2.866000	994355187	10321085	3031980	212370949	3450312	418257524	49394
1496367603463206199	splash2x.water_nsquared	1800	49	1.200000	1.251000	1.501000	993292967	10344891	3050821	211191304	3463644	417396900	49563
1496367603973526041	splash2x.water_nsquared	1800	48	1.200000	1.251000	1.501000	1019889116	9995914	3012136	216491962	3486021	433903023	48690
1496367604482887467	splash2x.water_nsquared	1800	48	1.200000	1.291000	1.549000	1564150735	1402696	84152	950186504	794656	2662854251	928
1496367604992009311	splash2x.water_nsquared	1800	50	1.200000	3.046000	3.679000	1802420913	127969	39431	1204052618	974797	3253090867	222
1496367605501743195	splash2x.water_nsquared	1800	51	1.200000	3.049000	3.683000	1802647208	131331	40457	1190184777	959045	3252877819	226
1496367606010816289	splash2x.water_nsquared	1800	52	1.200000	3.048000	3.681000	1802425571	128509	39954	1179544359	942358	3257457304	223
1496367606519956215	splash2x.water_nsquared	1800	52	1.200000	3.044000	3.677000	1802423887	134446	42052	1175493230	936145	3271127155	227
1496367607029072392	splash2x.water_nsquared	1800	53	1.200000	3.037000	3.668000	1775541743	132119	40872	1143796825	907459	3207551602	223
1496367607538140736	splash2x.water_nsquared	1800	51	1.200000	3.041000	3.673000	1270503777	106143	35447	782224286	633906	2178069856	190
1496367608047376579	splash2x.water_nsquared	1800	52	1.200000	2.659000	3.206000	1802436460	139545	44625	1178123030	953521	3160089258	225
1496367608556528673	splash2x.water_nsquared	1800	53	1.200000	3.087000	3.729000	1802439260	145898	46823	1168784999	944434	3150505773	226
1496367609065586016	splash2x.water_nsquared	1800	53	1.200000	3.075000	3.714000	1802447592	140336	45671	1159193761	930086	3161461445	225
1496367609574796985	splash2x.water_nsquared	1800	54	1.200000	3.075000	3.714000	1802416135	140764	45923	1150785883	916892	3166658078	225
1496367610083923912	splash2x.water_nsquared	1800	54	1.200000	3.069000	3.707000	1802434876	139247	45188	1145713031	909067	3180517938	222
1496367610593054964	splash2x.water_nsquared	1800	53	1.200000	3.066000	3.703000	1345139627	111034	37729	836461179	658132	2372234635	178
1496367611102267682	splash2x.water_nsquared	1800	53	1.200000	2.761000	3.332000	1757840432	146138	46707	1111928702	920685	2970290615	250
1496367611611450317	splash2x.water_nsquared	1800	54	1.200000	3.095000	3.738000	1802413236	142345	44869	1171494756	945689	3156169633	229
1496367612120702035	splash2x.water_nsquared	1800	54	1.200000	3.084000	3.725000	1802430831	139947	44477	1165439024	938980	3156605990	227
1496367612629953462	splash2x.water_nsquared	1800	54	1.200000	3.082000	3.723000	1802431892	140664	45463	1153621550	921866	3165266846	228
1496367613139109097	splash2x.water_nsquared	1800	54	1.200000	3.080000	3.720000	1802591361	139638	45171	1149382056	914054	3175116462	229
1496367613648222941	splash2x.water_nsquared	1800	54	1.200000	3.074000	3.713000	1763420211	140653	46055	1110668299	880519	3096281174	225
1496367614157390993	splash2x.water_nsquared	1800	53	1.200000	3.069000	3.707000	1339785466	120971	39097	819548316	672724	2254875720	208
1496367614666535961	splash2x.water_nsquared	1800	54	1.200000	2.842000	3.430000	1802431169	146053	45771	1176647952	954226	3157037828	230
1496367615175651680	splash2x.water_nsquared	1800	54	1.200000	3.095000	3.738000	1802408490	143158	45662	1167595670	941886	3155093465	228
1496367615684886731	splash2x.water_nsquared	1800	54	1.200000	3.086000	3.727000	1802422513	142505	45289	1160249923	931847	3161595860	228
1496367616194051408	splash2x.water_nsquared	1800	54	1.200000	3.080000	3.720000	1802404686	140934	44795	1150439102	916353	3167988094	227
1496367616703233168	splash2x.water_nsquared	1800	55	1.200000	3.075000	3.714000	1802596177	146426	47178	1145291813	909527	3179971363	228
1496367617212509428	splash2x.water_nsquared	1800	53	1.200000	3.070000	3.708000	1293307852	109064	38180	788103335	628136	2243436139	192
1496367617721715188	splash2x.water_nsquared	1800	54	1.200000	2.918000	3.524000	1802647749	132406	44733	1112694775	943013	3064717410	227
1496367618230803490	splash2x.water_nsquared	1800	54	1.200000	3.070000	3.708000	1802619585	132270	44455	1104810302	927637	3086758516	227
1496367618740027417	splash2x.water_nsquared	1800	55	1.200000	3.065000	3.702000	1802590980	135721	46586	1103778500	924028	3102685520	231
1496367619249079594	splash2x.water_nsquared	1800	55	1.200000	3.060000	3.696000	1802603914	130690	45437	1097116955	911339	3114999943	228
1496367619758241604	splash2x.water_nsquared	1800	55	1.200000	3.059000	3.695000	1639177659	118538	42492	989207052	810203	2873756832	213
1496367620267392406	splash2x.water_nsquared	1800	54	1.200000	3.053000	3.688000	359406010	401743	130215	189949371	294922	568689200	1730
