#Timestamp	Benchmark	CPU(4) Frequency(MHz)	CPU(4) Temperature(C)	A15 Voltage(V)	A15 Current(A)	A15 Power(W)	CPU_CYCLES	EXCEPTION_RETURN	BRANCH_MISPRED	BRANCH_PRED	DATA_MEM_ACCESS	L1I_CACHE_ACCESS	L2D_CACHE_ACCESS
1496402052365188221	parsec.dedup	1800	35	1.200000	0.512000	0.637000	641434020	54677	3696136	55555411	137892116	161382798	10641431
1496402052875496812	parsec.dedup	1800	36	1.100000	1.209000	1.448000	993693377	87968	5802732	83277935	208677477	249713379	16745281
1496402053385771571	parsec.dedup	1800	36	1.100000	1.218000	1.459000	992424858	86542	5769295	88232027	215246020	252899142	16522210
1496402053896000330	parsec.dedup	1800	36	1.100000	1.246000	1.492000	1168825978	70617	2597251	68969808	247756821	214816684	19631195
1496402054406100922	parsec.dedup	1800	36	1.100000	1.162000	1.392000	1305476501	68722	4755595	95493180	439692908	337285166	23665227
1496402054915917806	parsec.dedup	1800	37	1.200000	1.334000	1.600000	1680264583	47572	7628557	145894310	705454256	507587064	26214334
1496402055425362233	parsec.dedup	1800	39	1.200000	2.143000	2.578000	1695178292	30805	5600770	160478456	806671257	530562929	18262103
1496402055934682826	parsec.dedup	1800	39	1.200000	2.215000	2.664000	1658735889	33921	4965072	150428954	801586019	521158149	18022735
1496402056443796794	parsec.dedup	1800	40	1.200000	2.264000	2.723000	1688338595	35389	4973362	170552177	758465718	485064210	18179769
1496402056953098763	parsec.dedup	1800	40	1.200000	2.173000	2.614000	1737251152	63897	8148983	166291775	745905477	538873717	26943020
1496402057462646981	parsec.dedup	1800	41	1.200000	2.221000	2.671000	1794043089	92002	11052647	187082792	703360845	552361872	34239662
1496402057972286448	parsec.dedup	1800	41	1.200000	2.148000	2.584000	1792710543	93858	11003231	184467352	684948400	545304108	34119884
1496402058481776458	parsec.dedup	1800	41	1.200000	2.137000	2.570000	1793191885	76928	11805218	198597323	683403921	549625646	33810933
1496402058991168968	parsec.dedup	1800	41	1.200000	2.110000	2.538000	1802501841	15016	14908666	245641076	781433388	614341629	32067559
1496402059500048645	parsec.dedup	1800	42	1.200000	2.231000	2.683000	1802383213	14211	16153139	269038206	741630208	617328341	29512806
1496402060008968906	parsec.dedup	1800	42	1.200000	2.288000	2.752000	1802422460	6947	18790192	310248539	821567574	681280583	26667152
1496402060517920708	parsec.dedup	1800	42	1.200000	2.287000	2.751000	1802767007	12258	19069892	352748767	712294998	649492800	20020691
1496402061027479842	parsec.dedup	1800	42	1.200000	2.259000	2.717000	1802986259	11399	20215851	341417127	719972352	658094972	20863831
1496402061536945644	parsec.dedup	1800	43	1.200000	2.267000	2.727000	1802653286	12456	19412865	346009460	712740583	648162685	20920234
1496402062046290237	parsec.dedup	1800	43	1.200000	2.274000	2.735000	1802623587	10407	19402023	352267462	715486896	649137668	21110891
1496402062555203706	parsec.dedup	1800	43	1.200000	2.262000	2.721000	1802529505	10198	19484647	358202620	719241873	657207001	17985678
1496402063064205174	parsec.dedup	1800	43	1.200000	2.263000	2.722000	1802545366	12269	19667016	348657683	718710314	653181577	19406898
1496402063573097060	parsec.dedup	1800	43	1.200000	2.270000	2.730000	1802600374	8079	19678538	359778417	729880105	660020779	19463898
1496402064082154695	parsec.dedup	1800	43	1.200000	2.297000	2.763000	1802557445	8945	19066107	351888375	715273994	647012588	19168818
1496402064591389289	parsec.dedup	1800	43	1.200000	2.261000	2.719000	1792336396	17253	18568352	312843615	665558797	621046333	22407705
1496402065100513840	parsec.dedup	1800	43	1.200000	2.153000	2.590000	1794059484	18999	17758557	313635630	666191860	609923893	20972676
1496402065609876517	parsec.dedup	1800	43	1.200000	2.224000	2.675000	1802629523	16226	18557445	323235663	677975311	630917391	20434262
1496402066119303777	parsec.dedup	1800	43	1.200000	2.196000	2.641000	1426033734	30996	10495840	176562796	412097007	408100856	18633164
1496402066628921661	parsec.dedup	1800	42	1.200000	1.590000	1.908000	916434036	39928	3336073	58248341	165898461	194094767	14248944
1496402067138385921	parsec.dedup	1800	41	1.100000	1.143000	1.369000	915860921	40159	3356309	58022437	165489617	194152885	14234263
1496402067647805514	parsec.dedup	1800	40	1.100000	1.139000	1.364000	639576770	15192	1684341	44704802	114179699	118572308	7957571
1496402068157920606	parsec.facesim	1800	40	1.100000	1.125000	1.347000	995079409	87328	5828445	82659717	208344220	249605485	16781462
1496402068668070865	parsec.facesim	1800	40	1.100000	1.221000	1.462000	993445621	87006	5790566	85092448	211030496	250848970	16666297
1496402069178296624	parsec.facesim	1800	40	1.100000	1.225000	1.467000	1013263719	80602	5273687	102412677	249351726	261863826	16018820
1496402069687792383	parsec.facesim	1800	40	1.100000	1.239000	1.484000	906489136	15594	1318609	149953727	368100557	248007927	7633955
1496402070197714393	parsec.facesim	1800	40	1.100000	1.360000	1.629000	908245266	36453	3167372	72133167	189312791	186058794	11492210
1496402070707330194	parsec.facesim	1800	40	1.100000	1.210000	1.449000	903301765	8575	8650522	108988651	142584554	211609150	5822873
1496402071216714704	parsec.facesim	1800	40	1.100000	1.091000	1.305000	902151679	1878	6503498	110508956	184761767	216397312	5652925
1496402071726011172	parsec.facesim	1800	40	1.100000	1.134000	1.358000	902455256	4997	9619894	114361321	146752403	223350746	5048253
1496402072235119390	parsec.facesim	1800	40	1.100000	1.121000	1.342000	904054226	13675	3597764	85570053	173450317	162267634	7281471
1496402072744565650	parsec.facesim	1800	39	1.100000	1.105000	1.323000	903717399	11465	2546501	78160432	161308846	137058564	4903230
1496402073253709702	parsec.facesim	1800	39	1.100000	1.097000	1.314000	903735812	11221	2565001	77278876	158811245	135803839	4488575
1496402073763073587	parsec.facesim	1800	39	1.100000	1.093000	1.309000	904690197	16623	2411792	80936337	165297787	143157190	5686609
1496402074272199889	parsec.facesim	1800	39	1.100000	1.108000	1.327000	902018820	462	15646326	168916091	187640006	339558488	4146562
1496402074781512315	parsec.facesim	1800	40	1.100000	1.230000	1.473000	902128515	650	4035739	76716551	1153947093	414031527	115050003
1496402075290607159	parsec.facesim	1800	40	1.200000	1.747000	2.098000	901944727	2029	18710440	192609723	272199281	411711992	10617152
1496402075799790669	parsec.facesim	1800	40	1.100000	1.197000	1.434000	1288429627	51873	2553803	73285095	507703555	322245569	17351447
1496402076308914054	parsec.facesim	1800	41	1.200000	2.287000	2.751000	1802429755	454	2101661	86998960	884367996	489139902	21593724
1496402076818164648	parsec.facesim	1800	41	1.200000	2.307000	2.775000	1536243693	1511	1624268	77694142	707337928	397746482	20856592
1496402077327489241	parsec.facesim	1800	42	1.200000	2.148000	2.584000	1802458244	452	1973625	91529189	807968691	466206241	27712507
1496402077836725334	parsec.facesim	1800	42	1.200000	2.274000	2.735000	1687890918	1620	1120146	74500251	603222934	352619255	27574893
1496402078346453760	parsec.facesim	1800	42	1.200000	1.938000	2.329000	1754120079	1192	141380	16674455	417032061	229578372	53490118
1496402078855813687	parsec.facesim	1800	42	1.200000	1.931000	2.321000	1764125821	1138	132853	16470777	414939013	228404068	53076422
1496402079365348280	parsec.facesim	1800	43	1.200000	1.950000	2.343000	1771250826	1121	127684	16666744	421434617	231654439	53914379
1496402079874709165	parsec.facesim	1800	43	1.200000	1.912000	2.298000	1757507305	1171	138605	16603101	414934625	228895716	53595251
1496402080384172508	parsec.facesim	1800	43	1.200000	1.961000	2.357000	1764554398	1121	128073	16575397	416344167	228769052	53310848
1496402080893657517	parsec.facesim	1800	43	1.200000	1.949000	2.342000	1771567593	1129	131950	16515202	414893425	228409439	52987311
1496402081402995069	parsec.facesim	1800	43	1.200000	1.901000	2.285000	1759915838	1145	132316	16588735	417101133	229570425	53365293
1496402081912486662	parsec.facesim	1800	43	1.200000	1.904000	2.288000	1776671502	1135	130234	16730572	421015143	231884471	54323010
1496402082421834755	parsec.facesim	1800	43	1.200000	1.917000	2.304000	1761407203	1151	132636	16373586	412081946	226752987	52591064
1496402082931255973	parsec.facesim	1800	44	1.200000	1.935000	2.325000	1790158868	695	1447380	68268519	681862878	386636698	35602187
1496402083440447317	parsec.facesim	1800	44	1.200000	2.274000	2.735000	1368036508	1143	1119703	110022002	549178115	323676331	15956440
1496402083949795535	parsec.facesim	1800	44	1.200000	1.950000	2.343000	910222867	1440	1148227	108997020	230830677	167161444	10779397
1496402084459443128	parsec.facesim	1800	42	1.200000	1.292000	1.550000	681299875	50067	3483647	57506591	143641441	163569937	11281715
1496402084969774345	parsec.freqmine	1800	42	1.100000	0.776000	0.928000	994990608	87338	5805979	83169878	208937687	250422904	16739851
1496402085479761145	parsec.freqmine	1800	41	1.100000	1.228000	1.471000	992229155	86155	5759052	87307516	214038035	252392750	16527874
1496402085989862738	parsec.freqmine	1800	41	1.100000	1.230000	1.473000	974253924	36930	2655946	60399620	136677028	133342465	7716771
1496402086499200289	parsec.freqmine	1800	40	1.100000	1.033000	1.236000	903803378	1970	552951	40041449	78013718	47809848	955514
1496402087008367549	parsec.freqmine	1800	40	1.100000	0.984000	1.177000	903224311	2067	570088	40074298	78228572	48244783	1004364
1496402087517521851	parsec.freqmine	1800	39	1.100000	0.984000	1.177000	903449793	1959	543210	40042099	78003814	47642715	990521
1496402088026674361	parsec.freqmine	1800	39	1.100000	0.982000	1.175000	903604057	1961	541294	40049029	78025875	47634577	993139
1496402088536469995	parsec.freqmine	1800	39	1.100000	0.982000	1.175000	903549107	1961	567389	40039633	78001852	48007469	982264
1496402089045565922	parsec.freqmine	1800	38	1.100000	0.981000	1.174000	903479990	1961	533012	40049545	78004694	47469975	980334
1496402089554695433	parsec.freqmine	1800	38	1.100000	0.982000	1.175000	903713131	1973	542013	40054475	78049424	47642617	989014
1496402090063767151	parsec.freqmine	1800	38	1.100000	0.980000	1.173000	903479473	1970	547622	40052770	78029629	47700429	981270
1496402090572869370	parsec.freqmine	1800	38	1.100000	0.980000	1.173000	903355342	1969	539851	40058763	78041211	47605440	979176
1496402091081942338	parsec.freqmine	1800	38	1.100000	0.978000	1.170000	903698602	1963	563467	40065257	78039884	47995801	979601
1496402091591228140	parsec.freqmine	1800	38	1.100000	0.980000	1.173000	903533469	1964	543365	40065814	78041534	47645826	974001
1496402092100318692	parsec.freqmine	1800	37	1.100000	0.979000	1.171000	903370044	1963	535152	40058896	78029120	47512405	971445
1496402092609453077	parsec.freqmine	1800	37	1.100000	0.979000	1.171000	903725512	1971	541592	40073067	78079924	47651354	981722
1496402093118595546	parsec.freqmine	1800	37	1.100000	0.977000	1.169000	903675846	1970	541056	40074266	78066188	47634589	980202
1496402093627676056	parsec.freqmine	1800	37	1.100000	0.978000	1.170000	1411436555	6034	4845140	73158502	283924970	337271841	8134738
1496402094137186649	parsec.freqmine	1800	40	1.200000	2.302000	2.769000	1762736345	38170	5933497	168444764	372194977	317414572	48870894
1496402094646604909	parsec.freqmine	1800	40	1.200000	1.754000	2.106000	1737457344	10935	13091682	228313020	719987387	489265261	25460071
1496402095155672377	parsec.freqmine	1800	41	1.200000	2.398000	2.889000	1803192325	474	20796401	302777606	1082040670	777696609	6378254
1496402095664855346	parsec.freqmine	1800	42	1.200000	2.416000	2.911000	1802681158	472	19966621	303633460	1092923835	770285914	6235992
1496402096173932439	parsec.freqmine	1800	42	1.200000	2.390000	2.879000	1802680425	452	19526360	307088481	1123686810	782442702	5157283
1496402096683003908	parsec.freqmine	1800	43	1.200000	2.422000	2.918000	1802649512	454	19658130	304807303	1118815361	780695123	6465009
1496402097192175460	parsec.freqmine	1800	43	1.200000	2.427000	2.924000	1802706721	458	20067363	304615698	1105104287	780237687	6060500
1496402097701257887	parsec.freqmine	1800	43	1.200000	2.410000	2.904000	1802691144	458	20312148	303319906	1097091449	779896431	6921155
1496402098210339480	parsec.freqmine	1800	44	1.200000	2.424000	2.920000	1802685195	460	19853304	303398587	1116449662	780603511	6993728
1496402098719419074	parsec.freqmine	1800	44	1.200000	2.436000	2.935000	1802765720	456	21138452	300856695	1091678361	785089948	6289084
1496402099228492959	parsec.freqmine	1800	44	1.200000	2.421000	2.917000	1802414995	458	19973712	300775113	1102826742	773832459	6860463
1496402099737680594	parsec.freqmine	1800	44	1.200000	2.415000	2.910000	1802451256	458	20257227	299429278	1106000181	778029990	7352105
1496402100246800438	parsec.freqmine	1800	44	1.200000	2.440000	2.940000	1802470374	454	20760992	298292269	1099153232	780229046	6525984
1496402100756002448	parsec.freqmine	1800	45	1.200000	2.422000	2.918000	1802428775	460	19043732	293584000	1019037052	706963548	9611026
1496402101265237083	parsec.freqmine	1800	44	1.200000	2.212000	2.661000	1798875855	684	13678225	265152297	713576779	485903838	17375560
1496402101774346676	parsec.freqmine	1800	44	1.200000	2.156000	2.593000	1784412711	3841	21411072	233732560	551201146	573465048	23078854
1496402102283688020	parsec.freqmine	1800	44	1.200000	2.175000	2.614000	1441032103	5173	18312883	188820023	447286589	499691118	18961464
1496402102793698570	parsec.streamcluster	1800	43	1.100000	0.814000	0.973000	850021409	73249	4955160	72878724	181626615	214114521	14281195
1496402103303926912	parsec.streamcluster	1800	42	1.100000	1.228000	1.471000	993422437	87471	5811254	84328305	210063678	250468395	16781806
1496402103814169588	parsec.streamcluster	1800	42	1.100000	1.230000	1.473000	997975661	85425	5738714	88882868	216267166	252817745	16557695
1496402104323649389	parsec.streamcluster	1800	42	1.100000	1.264000	1.514000	1625246656	14509	2335152	73103235	486826034	322729682	46645712
1496402104833198315	parsec.streamcluster	1800	43	1.200000	2.186000	2.629000	1802513130	950	2200226	60472903	516802887	341914890	57095963
1496402105342538450	parsec.streamcluster	1800	44	1.200000	2.192000	2.636000	1802499825	971	2225360	60464382	516966830	342701201	57093855
1496402105851936085	parsec.streamcluster	1800	44	1.200000	2.194000	2.639000	1802474255	919	2210791	60510543	516901229	342215138	57101070
1496402106361594678	parsec.streamcluster	1800	45	1.200000	2.197000	2.642000	1802507585	912	2202618	60568646	516958846	341951480	57072529
1496402106871146437	parsec.streamcluster	1800	45	1.200000	2.196000	2.641000	1802780060	1000	2165124	60200557	515979348	340669724	57607019
1496402107380480739	parsec.streamcluster	1800	45	1.200000	2.196000	2.641000	1802725429	997	2014663	59771035	513741350	335702305	59868753
1496402107889832374	parsec.streamcluster	1800	45	1.200000	2.200000	2.646000	1802747606	958	1955752	59380309	513084622	334235756	59728015
1496402108399273675	parsec.streamcluster	1800	45	1.200000	2.199000	2.645000	1802764299	1136	1890082	59322576	513104661	332483998	58942027
1496402108908594352	parsec.streamcluster	1800	45	1.200000	2.198000	2.644000	1802695233	1138	1863113	59282540	512482543	331390436	58726421
1496402109418000903	parsec.streamcluster	1800	46	1.200000	2.197000	2.642000	1802459812	1035	1832467	59104909	512411645	330786372	58670515
1496402109927369205	parsec.streamcluster	1800	46	1.200000	2.194000	2.639000	1802434047	1089	1814927	59052353	511815689	330044640	57416653
1496402110436775715	parsec.streamcluster	1800	46	1.200000	2.193000	2.638000	1802446595	1127	1797202	59096430	511860094	329385339	57377261
1496402110946357141	parsec.streamcluster	1800	46	1.200000	2.192000	2.636000	1802486885	1121	1795830	59091660	511918892	329258439	57369517
1496402111455916567	parsec.streamcluster	1800	46	1.200000	2.191000	2.635000	1802479740	1079	1792883	59274517	511632327	329134663	57605313
1496402111965396910	parsec.streamcluster	1800	46	1.200000	2.193000	2.638000	1802768761	1128	1777654	58993141	511178377	328454389	57786817
1496402112474798670	parsec.streamcluster	1800	46	1.200000	2.192000	2.636000	1803310323	1130	1776307	59056730	511641016	328690308	57818621
1496402112985134137	parsec.streamcluster	1800	46	1.200000	2.192000	2.636000	687898842	58560	3963745	59244923	147319617	172959212	11482575
1496402113495336062	splash2x.barnes	1800	45	1.100000	0.806000	0.963000	994228826	87666	5796665	83598305	209422399	250517091	16751629
1496402114005401446	splash2x.barnes	1800	44	1.100000	1.234000	1.478000	992361725	86388	5737314	88250945	215196944	252664547	16599382
1496402114515238247	splash2x.barnes	1800	43	1.100000	1.238000	1.483000	1144656556	43791	4212203	85022233	223793698	235908917	18512324
1496402115024669715	splash2x.barnes	1800	43	1.100000	1.318000	1.578000	1802845809	3062	4593618	100860644	505055068	374272926	28373426
1496402115533781392	splash2x.barnes	1800	44	1.200000	2.324000	2.795000	1802692590	458	3919107	107603242	628974191	438855603	29102691
1496402116042947527	splash2x.barnes	1800	44	1.200000	2.351000	2.828000	1802718540	452	3891110	107691561	629825346	439084991	28971123
1496402116552212704	splash2x.barnes	1800	45	1.200000	2.353000	2.835000	1802786685	456	3851887	107658047	629489958	438248559	29532517
1496402117061497005	splash2x.barnes	1800	45	1.200000	2.354000	2.831000	1802928035	454	3820055	107608277	629127042	437745548	29588138
1496402117570614682	splash2x.barnes	1800	45	1.200000	2.355000	2.833000	1802409455	458	3894783	107482691	627852426	437279786	28779347
1496402118080061859	splash2x.barnes	1800	45	1.200000	2.355000	2.833000	1802859449	464	4127681	107355560	626862378	439573858	26711963
1496402118589327660	splash2x.barnes	1800	45	1.200000	2.346000	2.826000	1724068301	442	3913665	100200462	582398699	409981325	25112500
1496402119098594962	splash2x.barnes	1800	45	1.200000	2.343000	2.823000	1697976813	3609	3584793	109876582	465484174	337942694	23090997
1496402119607807930	splash2x.barnes	1800	45	1.200000	1.681000	2.018000	1802423420	456	3934773	107416218	628252371	438945319	28987444
1496402120116985024	splash2x.barnes	1800	45	1.200000	2.349000	2.830000	1802435130	452	3882233	107391003	628168967	438584529	30182981
1496402120626254659	splash2x.barnes	1800	46	1.200000	2.360000	2.843000	1802417990	456	3836522	107399916	628208018	437872470	29536093
1496402121135381877	splash2x.barnes	1800	46	1.200000	2.359000	2.842000	1802400370	452	3793019	107382312	628118664	437023459	30493958
1496402121644598429	splash2x.barnes	1800	46	1.200000	2.360000	2.843000	1802465640	454	3839374	107518181	628539482	437309207	29120077
1496402122153733231	splash2x.barnes	1800	46	1.200000	2.358000	2.841000	1802872360	462	4121715	107555747	628259380	440810927	25933611
1496402122662940783	splash2x.barnes	1800	46	1.200000	2.343000	2.823000	1797984079	458	4049848	104945926	610826303	429507417	25496753
1496402123172281543	splash2x.barnes	1800	45	1.200000	2.316000	2.790000	1502854366	2865	3160024	97811239	397696729	290556692	19715697
1496402123681560469	splash2x.barnes	1800	45	1.200000	2.175000	2.616000	1802443875	458	3967990	107554180	628755284	439243907	27682144
1496402124190653688	splash2x.barnes	1800	46	1.200000	2.355000	2.837000	1802437755	454	3892957	107454565	628811400	438565489	29017430
1496402124699930740	splash2x.barnes	1800	46	1.200000	2.359000	2.842000	1802435454	458	3826428	107459357	628666152	437573815	29685662
1496402125209208125	splash2x.barnes	1800	46	1.200000	2.358000	2.841000	1802445051	452	3827439	107524176	628746238	437647854	29176945
1496402125718318301	splash2x.barnes	1800	46	1.200000	2.358000	2.841000	1802954620	456	3809547	107599285	629029849	436934686	29244337
1496402126227475895	splash2x.barnes	1800	46	1.200000	2.359000	2.837000	1802456520	448	4106522	107743877	629115578	440740011	25112856
1496402126736735113	splash2x.barnes	1800	46	1.200000	2.346000	2.822000	1802722910	454	4154825	107575028	628734099	441209479	24678995
1496402127246068206	splash2x.barnes	1800	45	1.200000	2.345000	2.825000	1525714611	2833	3166075	97069460	390654014	286583627	19368068
1496402127755265508	splash2x.barnes	1800	46	1.200000	1.672000	2.008000	1802501745	458	4019493	107566779	628701424	439556008	27326721
1496402128264427768	splash2x.barnes	1800	46	1.200000	2.348000	2.829000	1802525995	454	3892302	107510138	629037598	438632210	28864670
1496402128773620695	splash2x.barnes	1800	46	1.200000	2.358000	2.841000	1802496905	458	3850759	107482128	628885778	437990253	29847255
1496402129282842122	splash2x.barnes	1800	46	1.200000	2.360000	2.843000	1802711695	458	3853801	107472699	628710258	437788058	29588672
1496402129792094007	splash2x.barnes	1800	46	1.200000	2.361000	2.845000	1802492365	458	3797437	107502450	628802219	436793856	29861893
1496402130301367100	splash2x.barnes	1800	46	1.200000	2.361000	2.845000	1802504525	458	4047900	107683114	628906628	439925139	25905080
1496402130810593944	splash2x.barnes	1800	46	1.200000	2.342000	2.822000	1802491985	458	4180382	107554193	628329431	441035044	24462179
1496402131319820079	splash2x.barnes	1800	46	1.200000	2.340000	2.815000	1052101310	3258	2245457	59216005	320420965	231895497	14426986
1496402131830011296	splash2x.fmm	1800	44	1.100000	0.794000	0.949000	927355394	79683	5373069	79186357	197792999	233740710	15459439
1496402132340225054	splash2x.fmm	1800	44	1.100000	1.233000	1.477000	993625705	86927	5766095	84399879	210287662	250557444	16668327
1496402132850266938	splash2x.fmm	1800	43	1.100000	1.235000	1.479000	1011028299	86467	5724621	88814508	217057223	254162568	16690400
1496402133359811990	splash2x.fmm	1800	43	1.100000	1.258000	1.507000	918786350	12727	1057121	49812543	123315697	110506338	5216208
1496402133869681415	splash2x.fmm	1800	43	1.100000	1.135000	1.359000	1371736391	133603	3091015	82345207	265019948	263702601	20178683
1496402134379031009	splash2x.fmm	1800	42	1.100000	1.201000	1.438000	1141168604	7080	5199509	60873041	172165031	229771546	18460255
1496402134888206394	splash2x.fmm	1800	43	1.200000	1.959000	2.354000	1802431645	460	948624	62631677	327304526	380270807	16773325
1496402135397448321	splash2x.fmm	1800	44	1.200000	2.148000	2.584000	1802436175	454	905331	66538397	343725919	399414390	17675866
1496402135906749247	splash2x.fmm	1800	44	1.200000	2.141000	2.575000	1802525240	460	916959	67467527	348056357	405411230	17940961
1496402136416589840	splash2x.fmm	1800	44	1.200000	2.396000	2.887000	1781231603	751	3476319	104241041	340986488	422341253	23621151
1496402136926022016	splash2x.fmm	1800	44	1.200000	1.770000	2.125000	1802419040	515	1167717	62162225	328982423	361676956	16592030
1496402137435154818	splash2x.fmm	1800	45	1.200000	2.093000	2.515000	1802438765	452	904735	65914136	341216568	396382202	17512335
1496402137944277162	splash2x.fmm	1800	45	1.200000	2.176000	2.617000	1802420475	454	921474	65871783	341001738	396414048	17483040
1496402138453420338	splash2x.fmm	1800	45	1.200000	2.170000	2.610000	1800377449	471	766412	93552517	394508212	459380928	21289501
1496402138962580515	splash2x.fmm	1800	45	1.200000	1.803000	2.165000	1800513997	593	3809928	76050604	296094200	351141034	20047358
1496402139471720984	splash2x.fmm	1800	45	1.200000	2.107000	2.532000	1802387230	454	917738	63808021	332335574	386094207	17035475
1496402139981051660	splash2x.fmm	1800	45	1.200000	2.131000	2.561000	1802882235	462	916211	65127624	337948532	392472100	17200427
1496402140490159087	splash2x.fmm	1800	45	1.200000	2.112000	2.538000	1799074171	467	838852	85170552	420521544	492331026	21595540
1496402140999368972	splash2x.fmm	1800	45	1.200000	2.272000	2.733000	1800092039	596	3724173	84650858	270339724	318525812	19761468
1496402141508497607	splash2x.fmm	1800	45	1.200000	2.086000	2.509000	1802423765	452	931209	63452881	330923510	384243125	16831696
1496402142017665243	splash2x.fmm	1800	45	1.200000	2.149000	2.585000	1802377630	460	930069	65919451	341144882	396661324	17495544
1496402142526795836	splash2x.fmm	1800	45	1.200000	2.140000	2.574000	1789133369	577	3671590	95170340	309193107	363175011	21843086
1496402143036083388	splash2x.fmm	1800	45	1.200000	2.139000	2.573000	1802759415	458	942956	62759237	327913871	380907689	16649082
1496402143545187815	splash2x.fmm	1800	45	1.200000	2.096000	2.521000	1802833410	458	910716	65493512	339515144	394133653	17307135
1496402144054300825	splash2x.fmm	1800	45	1.200000	2.139000	2.573000	1802412270	454	918272	66473944	343853822	400313119	17651789
1496402144563375835	splash2x.fmm	1800	46	1.200000	2.135000	2.568000	1617473664	516	876649	90892492	338917294	388439071	19041554
1496402145073296136	splash2x.fmm	1800	45	1.200000	2.014000	2.420000	686842133	55532	3799084	58563183	145811960	170138550	11016655
1496402145583418895	splash2x.radiosity	1800	44	1.100000	1.195000	1.431000	994191141	87798	5800042	83296607	208734137	249934662	16729103
1496402146093630237	splash2x.radiosity	1800	43	1.100000	1.234000	1.478000	992401124	86459	5745257	87787349	214578633	252387096	16515799
1496402146604041995	splash2x.radiosity	1800	43	1.200000	1.236000	1.483000	973645455	84699	3215295	71833900	203934702	208026327	15918909
1496402147114073171	splash2x.radiosity	1800	42	1.100000	1.256000	1.504000	920336141	97908	2192546	66307513	213100362	192157714	12837571
1496402147623841972	splash2x.radiosity	1800	41	1.100000	1.190000	1.425000	912556803	119814	2177735	71445129	231951560	195209870	13612225
1496402148134200772	splash2x.radiosity	1800	41	1.100000	1.175000	1.407000	906010441	37345	629131	24491391	92489063	60108842	24133358
1496402148643382532	splash2x.radiosity	1800	41	1.100000	1.124000	1.346000	1726668879	12061	12901164	284235423	609187671	739688417	7666293
1496402149152370834	splash2x.radiosity	1800	43	1.200000	1.790000	2.151000	1802512217	560	17541716	345613460	662594947	892733611	7517523
1496402149661405594	splash2x.radiosity	1800	44	1.200000	2.513000	3.028000	1802842036	701	14249349	330892301	681455296	846040396	5287132
1496402150170301272	splash2x.radiosity	1800	45	1.200000	2.498000	3.010000	1802512683	800	14783016	319858520	680209858	831470358	4967435
1496402150679334574	splash2x.radiosity	1800	45	1.200000	2.467000	2.972000	1802482451	870	15579052	317216723	677984043	827625402	5506254
1496402151188168376	splash2x.radiosity	1800	45	1.200000	2.459000	2.963000	1802526484	900	13766708	317747940	692860954	813309785	5109818
1496402151697345511	splash2x.radiosity	1800	46	1.200000	2.479000	2.987000	1802839600	727	14229984	325730783	675818929	827716851	6047736
1496402152206586354	splash2x.radiosity	1800	46	1.200000	2.472000	2.978000	1802772079	921	13512541	314071953	678734803	801129312	5524501
1496402152715588906	splash2x.radiosity	1800	46	1.200000	2.448000	2.949000	1802777166	1124	12646863	299183852	678659729	771449303	5695317
1496402153224581292	splash2x.radiosity	1800	46	1.200000	2.421000	2.917000	1803228496	1050	14860513	305248024	674100151	800404903	6511755
1496402153733672010	splash2x.radiosity	1800	46	1.200000	2.466000	2.971000	1802754959	1240	14075948	296534941	682134645	776654080	5900662
1496402154242775312	splash2x.radiosity	1800	46	1.200000	2.463000	2.967000	1802784053	1271	13970299	298745938	685230637	778432553	6037912
1496402154751847531	splash2x.radiosity	1800	46	1.200000	2.440000	2.940000	1802762029	969	13679269	318032833	691042234	807043963	6396023
1496402155260819666	splash2x.radiosity	1800	47	1.200000	2.463000	2.967000	1802613009	1209	13476433	302650823	679633428	781273744	5734466
1496402155769961051	splash2x.radiosity	1800	47	1.200000	2.435000	2.934000	1802260994	1226	13227300	300877354	672330162	769306089	4459981
1496402156278898353	splash2x.radiosity	1800	47	1.200000	2.410000	2.904000	1802092048	1232	12149672	302022309	691405206	768197334	4637438
1496402156787929114	splash2x.radiosity	1800	47	1.200000	2.448000	2.949000	1802482226	1242	13045459	271454384	708456083	751560018	4576336
1496402157296987707	splash2x.radiosity	1800	47	1.200000	2.425000	2.922000	1802297761	1214	12700424	293154105	709255999	769983684	4297657
1496402157806093384	splash2x.radiosity	1800	47	1.200000	2.433000	2.931000	1802262654	1386	12715072	287185805	704297392	759596530	4683904
1496402158315028311	splash2x.radiosity	1800	47	1.200000	2.434000	2.932000	1802326187	1560	12792268	288697011	692295211	760683155	4723021
1496402158824073155	splash2x.radiosity	1800	47	1.200000	2.416000	2.911000	1802258548	1330	13814253	296652488	689400729	776868380	5501824
1496402159333014957	splash2x.radiosity	1800	47	1.200000	2.429000	2.926000	1802266650	1290	14428966	301835677	687158045	789464155	6414377
1496402159842049217	splash2x.radiosity	1800	47	1.200000	2.459000	2.963000	1802299865	1304	13769228	311837867	670906627	786212856	4980016
1496402160351026020	splash2x.radiosity	1800	47	1.200000	2.421000	2.917000	1802386505	2196	11270587	292160166	676676225	735285512	4743600
1496402160860029113	splash2x.radiosity	1800	47	1.200000	2.409000	2.902000	1802115747	1927	13323413	279120446	676567566	744865249	5749813
1496402161369073457	splash2x.radiosity	1800	47	1.200000	2.400000	2.892000	1802289780	1899	12810269	274349652	655036732	724856166	7856535
1496402161878431592	splash2x.radiosity	1800	47	1.200000	2.375000	2.861000	1802110655	2276	12063267	271365861	658663511	715135129	7990223
1496402162387473060	splash2x.radiosity	1800	47	1.200000	2.399000	2.890000	1802145694	1788	11289928	238477278	586489879	631794675	13227952
1496402162896690737	splash2x.radiosity	1800	46	1.200000	2.248000	2.708000	1801203094	1279	4964288	124195256	357310650	310553215	28392443
1496402163405655873	splash2x.radiosity	1800	45	1.200000	1.784000	2.144000	1030156990	830	2288664	212073033	231510736	81455108	25315381
1496402163914722299	splash2x.radiosity	1800	44	1.100000	1.103000	1.321000	902906861	254	1979932	224776629	223990784	58280511	29664897
1496402164424213601	splash2x.raytrace	1800	43	1.100000	1.116000	1.336000	631679569	7071	1335751	77298073	153512562	133357963	5048573
1496402164934293860	splash2x.raytrace	1800	43	1.100000	1.028000	1.230000	995503465	88167	5822584	80709777	205451106	248607204	16917582
1496402165444505702	splash2x.raytrace	1800	43	1.100000	1.232000	1.475000	993716528	86961	5797555	85485891	212025143	252161651	16668710
1496402165954105461	splash2x.raytrace	1800	42	1.100000	1.236000	1.480000	1012285002	78151	5781189	99073260	227892701	266111235	16201977
1496402166463359346	splash2x.raytrace	1800	43	1.200000	1.299000	1.558000	1654209040	2413	1631642	173049705	470870344	374793043	139016913
1496402166972579773	splash2x.raytrace	1800	44	1.200000	2.575000	3.105000	1802299532	664	931046	174236087	510132059	391742298	165854159
1496402167481755408	splash2x.raytrace	1800	45	1.200000	2.579000	3.110000	1802256084	620	781849	173262687	513387787	392754012	164821664
1496402167990968543	splash2x.raytrace	1800	45	1.200000	2.591000	3.124000	1802283898	808	984641	168252417	512211847	394781234	167638439
1496402168500086220	splash2x.raytrace	1800	46	1.200000	2.596000	3.130000	1802254185	654	787187	170866920	512251522	393919448	168629260
1496402169009327313	splash2x.raytrace	1800	46	1.200000	2.597000	3.129000	1802252618	787	759027	171056784	514138924	394507755	166553089
1496402169518439365	splash2x.raytrace	1800	46	1.200000	2.597000	3.131000	1802240863	688	811653	173607366	514129213	394770314	167658659
1496402170027615709	splash2x.raytrace	1800	46	1.200000	2.598000	3.133000	1802257679	771	911944	169391287	511159611	393893873	168712271
1496402170536783719	splash2x.raytrace	1800	46	1.200000	2.599000	3.134000	1802276141	682	839874	172878589	511075751	393648536	169197127
1496402171046039021	splash2x.raytrace	1800	47	1.200000	2.605000	3.141000	1802243529	705	843951	172391100	514940370	395866311	170253274
1496402171555145989	splash2x.raytrace	1800	47	1.200000	2.599000	3.134000	1802248926	787	837681	169326940	511779379	393044294	168740184
1496402172064358916	splash2x.raytrace	1800	47	1.200000	2.594000	3.128000	1802233835	580	723489	169857739	512369867	391743423	170612031
1496402172573380260	splash2x.raytrace	1800	47	1.200000	2.605000	3.141000	1802311131	566	727835	168882315	515098416	393530659	172084721
1496402173082630520	splash2x.raytrace	1800	47	1.200000	2.608000	3.145000	1802639254	683	862207	169954999	518253161	397272613	172272961
1496402173591809363	splash2x.raytrace	1800	47	1.200000	2.616000	3.154000	1802536751	661	1007664	168847021	517035860	397240227	172289226
1496402174101117290	splash2x.raytrace	1800	47	1.200000	2.613000	3.151000	1802446204	700	879367	166717650	512281857	393086132	169403522
1496402174610182383	splash2x.raytrace	1800	47	1.200000	2.596000	3.130000	1802430061	688	804413	167163379	506756252	390075247	167296647
1496402175119333268	splash2x.raytrace	1800	47	1.200000	2.579000	3.110000	1802462132	601	661347	170168015	513326708	393712598	170350063
1496402175628417154	splash2x.raytrace	1800	47	1.200000	2.607000	3.144000	1802869555	596	771167	169291157	516164459	396221935	171706485
1496402176137660372	splash2x.raytrace	1800	47	1.200000	2.611000	3.148000	1802460017	642	947204	168510030	518921289	397699415	172732579
1496402176646827466	splash2x.raytrace	1800	48	1.200000	2.611000	3.148000	1802435373	633	1030542	166905506	517676639	397452790	172249582
1496402177156160934	splash2x.raytrace	1800	48	1.200000	2.624000	3.164000	1802426740	622	912956	165100247	512175554	393513047	169679863
1496402177665475569	splash2x.raytrace	1800	48	1.200000	2.589000	3.122000	1802488840	623	719275	168134807	507251593	389981551	167379766
1496402178174677204	splash2x.raytrace	1800	48	1.200000	2.606000	3.142000	1802445518	676	694040	167892963	507519302	389559856	167765967
1496402178683876756	splash2x.raytrace	1800	48	1.200000	2.566000	3.094000	1802442325	630	820336	170046490	517526058	396492243	171990923
1496402179193040807	splash2x.raytrace	1800	48	1.200000	2.615000	3.153000	1802711512	577	953161	169080454	519510219	398627340	173256979
1496402179702261817	splash2x.raytrace	1800	48	1.200000	2.622000	3.162000	1802442329	592	915985	167923678	517394815	396287768	172267398
1496402180211542411	splash2x.raytrace	1800	48	1.200000	2.616000	3.154000	1802441982	662	904976	166157637	513426303	394591844	169630574
1496402180720697796	splash2x.raytrace	1800	48	1.200000	2.601000	3.136000	1802408806	780	798969	170319722	517596481	398181953	166482695
1496402181229952723	splash2x.raytrace	1800	48	1.200000	2.607000	3.144000	1802464897	636	812867	169096769	517081098	396339710	170996871
1496402181739303066	splash2x.raytrace	1800	48	1.200000	2.611000	3.148000	1802488685	721	850217	167730111	515299470	395830070	170527934
1496402182248483284	splash2x.raytrace	1800	48	1.200000	2.606000	3.142000	1802456812	596	981472	167704969	517567332	398752362	170600091
1496402182757733378	splash2x.raytrace	1800	48	1.200000	2.612000	3.150000	1802637455	735	759712	170081348	518022102	397626862	166014245
1496402183266937263	splash2x.raytrace	1800	48	1.200000	2.596000	3.130000	1802734441	963	851390	169942330	518125936	397825451	166752366
1496402183776265231	splash2x.raytrace	1800	48	1.200000	2.598000	3.133000	1713856915	3989	1114305	161180086	490006327	380415728	151398104
1496402184286594364	splash2x.water_nsquared	1800	47	1.200000	2.594000	3.128000	711213938	60516	4126077	61329455	152708887	179556478	11847904
1496402184796960248	splash2x.water_nsquared	1800	46	1.100000	1.244000	1.490000	994595757	87410	5816785	83804931	209824677	251001866	16810960
1496402185307041007	splash2x.water_nsquared	1800	45	1.100000	1.241000	1.486000	990993082	86048	5763101	88501302	215475990	252748395	16539640
1496402185816581558	splash2x.water_nsquared	1800	45	1.100000	1.241000	1.486000	1337779266	27463	4031018	232583415	638455247	586022809	19982227
1496402186325655318	splash2x.water_nsquared	1800	46	1.200000	1.306000	1.567000	1802657705	462	3114596	381256234	1197611643	1017863875	29924097
1496402186835023912	splash2x.water_nsquared	1800	47	1.200000	3.020000	3.645000	1802738981	462	3129352	382998644	1192664247	1012016898	29546960
1496402187344113797	splash2x.water_nsquared	1800	48	1.200000	3.026000	3.652000	1802688661	454	2907297	387805310	1186169141	1006012753	29279421
1496402187853132640	splash2x.water_nsquared	1800	48	1.200000	3.021000	3.646000	1802660625	458	3144286	391746746	1174977013	1001400986	28806594
1496402188362299359	splash2x.water_nsquared	1800	49	1.200000	3.023000	3.651000	1802692647	454	2931597	395551707	1169405524	994824136	28571252
1496402188871435077	splash2x.water_nsquared	1800	49	1.200000	3.024000	3.652000	1232725351	370	2627067	263445408	742385375	639393392	18676415
1496402189380560713	splash2x.water_nsquared	1800	49	1.200000	1.968000	2.365000	1802675839	460	4734791	364968622	1180069810	1021557449	29836755
1496402189889920556	splash2x.water_nsquared	1800	49	1.200000	3.060000	3.696000	1802921551	458	4697607	372587030	1167983766	1012773030	29164740
1496402190399013983	splash2x.water_nsquared	1800	50	1.200000	3.061000	3.697000	1802702329	458	4813125	372178253	1159760308	1004963919	28880616
1496402190908185410	splash2x.water_nsquared	1800	50	1.200000	3.052000	3.683000	1802669580	458	4635546	377745995	1153436918	1000824497	28566637
1496402191417228878	splash2x.water_nsquared	1800	50	1.200000	3.052000	3.683000	1802670520	454	4888138	379455326	1143624489	995704698	28132855
1496402191926424305	splash2x.water_nsquared	1800	50	1.200000	3.049000	3.680000	1646530945	424	4123151	352489846	1032771696	896596010	25282187
1496402192435476274	splash2x.water_nsquared	1800	50	1.200000	2.640000	3.181000	1443324698	413	4111933	287662711	890409145	776349599	23274671
1496402192944633992	splash2x.water_nsquared	1800	50	1.200000	3.062000	3.695000	1802944388	458	4681440	369124378	1173274897	1017239189	29559453
1496402193453735919	splash2x.water_nsquared	1800	50	1.200000	3.067000	3.704000	1802424731	456	4763770	373724793	1162708404	1008575611	28984387
1496402193963000012	splash2x.water_nsquared	1800	50	1.200000	3.060000	3.696000	1802435827	456	4709942	373730909	1156853823	1002073960	28740943
1496402194472092189	splash2x.water_nsquared	1800	51	1.200000	3.060000	3.696000	1802437938	458	4777591	379634148	1147025887	998271363	28331904
1496402194981366241	splash2x.water_nsquared	1800	51	1.200000	3.047000	3.677000	1802409467	456	4642396	382104789	1141486744	991714348	28098858
1496402195490481001	splash2x.water_nsquared	1800	50	1.200000	2.631000	3.170000	1292259643	385	3690064	267149169	763780471	670211168	19630922
1496402195999645511	splash2x.water_nsquared	1800	50	1.200000	3.071000	3.706000	1802409017	448	4730587	363950381	1179286152	1019767815	29860405
1496402196508806646	splash2x.water_nsquared	1800	51	1.200000	3.067000	3.704000	1802444824	452	4683874	372500810	1168078165	1012983645	29216261
1496402197018061115	splash2x.water_nsquared	1800	51	1.200000	3.066000	3.700000	1802463514	448	4831563	372653223	1158279579	1004297458	28860053
1496402197527196167	splash2x.water_nsquared	1800	51	1.200000	3.058000	3.691000	1802415340	454	4598835	377409597	1153601596	1000064872	28618490
1496402198036375468	splash2x.water_nsquared	1800	51	1.200000	3.049000	3.683000	1802417550	456	4920492	379288893	1141689014	994942170	28120559
1496402198545442729	splash2x.water_nsquared	1800	51	1.200000	3.051000	3.685000	1625058176	418	4039255	348211569	1019206023	884419931	24968537
1496402199054646864	splash2x.water_nsquared	1800	50	1.200000	2.580000	3.111000	1471415867	411	4645355	302890500	891371080	811989297	23437754
1496402199563694166	splash2x.water_nsquared	1800	51	1.200000	3.046000	3.676000	1802435801	454	5474043	371771978	1109312612	1017458969	29419130
1496402200072892676	splash2x.water_nsquared	1800	51	1.200000	3.047000	3.680000	1802409804	454	5515187	378474973	1099125913	1009501116	28834713
1496402200582055769	splash2x.water_nsquared	1800	51	1.200000	3.043000	3.675000	1802660342	460	5385906	380150854	1098213423	1004296363	28683456
1496402201091267321	splash2x.water_nsquared	1800	51	1.200000	3.037000	3.668000	1802389718	458	5250799	385543760	1092233845	999488699	28392247
1496402201600332748	splash2x.water_nsquared	1800	51	1.200000	3.034000	3.662000	1802396072	456	5332300	387432164	1086055933	995122814	28089416
