#Timestamp	CPU(0) Frequency(MHz)	CPU(0) Temperature(C)	A7 Voltage(V)	A7 Current(A)	A7 Power(W)	CPU(4) Frequency(MHz)	CPU(4) Temperature(C)	A15 Voltage(V)	A15 Current(A)	A15 Power(W)	GPU Frequency(MHz)	GPU Temperature(C)	GPU Voltage(V)	GPU Current(A)	GPU Power(W)	RAM Voltage(V)	RAM Current(A)	RAM Power(W)
1496402052365188221	1400 41 1.200000 0.226000 0.283000 1800 35 1.200000 0.512000 0.637000 600 39 0.900000 0.068000 0.067000 1.200000 0.052000 0.063000
1496402052875496812	1400 42 1.200000 0.102000 0.129000 1800 36 1.100000 1.209000 1.448000 600 39 0.900000 0.069000 0.068000 1.200000 0.020000 0.024000
1496402053385771571	1400 42 1.200000 0.106000 0.134000 1800 36 1.100000 1.218000 1.459000 600 40 0.900000 0.069000 0.068000 1.200000 0.021000 0.025000
1496402053896000330	1400 39 1.200000 0.106000 0.134000 1800 36 1.100000 1.246000 1.492000 600 40 0.900000 0.069000 0.068000 1.200000 0.047000 0.057000
1496402054406100922	1400 44 1.200000 0.103000 0.131000 1800 36 1.100000 1.162000 1.392000 600 41 0.900000 0.069000 0.068000 1.200000 0.067000 0.081000
1496402054915917806	1400 47 1.200000 0.102000 0.129000 1800 37 1.200000 1.334000 1.600000 600 41 0.900000 0.069000 0.068000 1.200000 0.074000 0.090000
1496402055425362233	1400 50 1.200000 0.104000 0.132000 1800 39 1.200000 2.143000 2.578000 600 43 0.900000 0.069000 0.068000 1.200000 0.062000 0.075000
1496402055934682826	1400 51 1.200000 0.099000 0.126000 1800 39 1.200000 2.215000 2.664000 600 43 0.900000 0.070000 0.069000 1.200000 0.047000 0.057000
1496402056443796794	1400 51 1.200000 0.100000 0.127000 1800 40 1.200000 2.264000 2.723000 600 44 0.900000 0.071000 0.070000 1.200000 0.051000 0.062000
1496402056953098763	1400 51 1.200000 0.101000 0.128000 1800 40 1.200000 2.173000 2.614000 600 45 0.900000 0.072000 0.071000 1.200000 0.045000 0.054000
1496402057462646981	1400 51 1.200000 0.101000 0.128000 1800 41 1.200000 2.221000 2.671000 600 45 0.900000 0.072000 0.071000 1.200000 0.046000 0.055000
1496402057972286448	1400 52 1.200000 0.101000 0.128000 1800 41 1.200000 2.148000 2.584000 600 45 0.900000 0.072000 0.071000 1.200000 0.030000 0.036000
1496402058481776458	1400 52 1.200000 0.101000 0.128000 1800 41 1.200000 2.137000 2.570000 600 45 0.900000 0.072000 0.071000 1.200000 0.029000 0.035000
1496402058991168968	1400 52 1.200000 0.107000 0.136000 1800 41 1.200000 2.110000 2.538000 600 46 0.900000 0.073000 0.072000 1.200000 0.031000 0.037000
1496402059500048645	1400 52 1.200000 0.109000 0.138000 1800 42 1.200000 2.231000 2.683000 600 46 0.900000 0.073000 0.072000 1.200000 0.044000 0.053000
1496402060008968906	1400 54 1.200000 0.107000 0.136000 1800 42 1.200000 2.288000 2.752000 600 46 0.900000 0.073000 0.072000 1.200000 0.043000 0.052000
1496402060517920708	1400 54 1.200000 0.104000 0.132000 1800 42 1.200000 2.287000 2.751000 600 47 0.900000 0.074000 0.073000 1.200000 0.030000 0.036000
1496402061027479842	1400 54 1.200000 0.104000 0.132000 1800 42 1.200000 2.259000 2.717000 600 47 0.900000 0.074000 0.073000 1.200000 0.024000 0.029000
1496402061536945644	1400 55 1.200000 0.167000 0.210000 1800 43 1.200000 2.267000 2.727000 600 47 0.900000 0.074000 0.073000 1.200000 0.040000 0.048000
1496402062046290237	1400 55 1.200000 0.121000 0.153000 1800 43 1.200000 2.274000 2.735000 600 47 0.900000 0.074000 0.073000 1.200000 0.032000 0.038000
1496402062555203706	1400 54 1.200000 0.114000 0.145000 1800 43 1.200000 2.262000 2.721000 600 47 0.900000 0.074000 0.073000 1.200000 0.025000 0.030000
1496402063064205174	1400 55 1.200000 0.109000 0.138000 1800 43 1.200000 2.263000 2.722000 600 47 0.900000 0.074000 0.073000 1.200000 0.024000 0.029000
1496402063573097060	1400 55 1.200000 0.108000 0.137000 1800 43 1.200000 2.270000 2.730000 600 47 0.900000 0.075000 0.074000 1.200000 0.022000 0.026000
1496402064082154695	1400 55 1.200000 0.105000 0.133000 1800 43 1.200000 2.297000 2.763000 600 48 0.900000 0.075000 0.074000 1.200000 0.026000 0.031000
1496402064591389289	1400 55 1.200000 0.106000 0.134000 1800 43 1.200000 2.261000 2.719000 600 48 0.900000 0.074000 0.073000 1.200000 0.028000 0.034000
1496402065100513840	1400 55 1.200000 0.104000 0.132000 1800 43 1.200000 2.153000 2.590000 600 48 0.900000 0.075000 0.074000 1.200000 0.023000 0.027000
1496402065609876517	1400 55 1.200000 0.103000 0.131000 1800 43 1.200000 2.224000 2.675000 600 48 0.900000 0.075000 0.074000 1.200000 0.023000 0.027000
1496402066119303777	1400 54 1.200000 0.106000 0.134000 1800 43 1.200000 2.196000 2.641000 600 48 0.900000 0.075000 0.074000 1.200000 0.041000 0.049000
1496402066628921661	1400 46 1.200000 0.146000 0.184000 1800 42 1.200000 1.590000 1.908000 600 46 0.900000 0.075000 0.074000 1.200000 0.041000 0.049000
1496402067138385921	1400 44 1.200000 0.105000 0.133000 1800 41 1.100000 1.143000 1.369000 600 45 0.900000 0.074000 0.073000 1.200000 0.022000 0.026000
1496402067647805514	1400 48 1.200000 0.102000 0.129000 1800 40 1.100000 1.139000 1.364000 600 45 0.900000 0.073000 0.072000 1.200000 0.022000 0.026000
1496402068157920606	1400 46 1.200000 0.170000 0.214000 1800 40 1.100000 1.125000 1.347000 600 44 0.900000 0.073000 0.072000 1.200000 0.049000 0.059000
1496402068668070865	1400 46 1.200000 0.110000 0.140000 1800 40 1.100000 1.221000 1.462000 600 43 0.900000 0.072000 0.071000 1.200000 0.020000 0.024000
1496402069178296624	1400 45 1.200000 0.104000 0.132000 1800 40 1.100000 1.225000 1.467000 600 43 0.900000 0.072000 0.071000 1.200000 0.020000 0.024000
1496402069687792383	1400 50 1.200000 0.104000 0.132000 1800 40 1.100000 1.239000 1.484000 600 43 0.900000 0.072000 0.071000 1.200000 0.024000 0.029000
1496402070197714393	1400 48 1.200000 0.101000 0.128000 1800 40 1.100000 1.360000 1.629000 600 43 0.900000 0.072000 0.071000 1.200000 0.038000 0.046000
1496402070707330194	1400 47 1.200000 0.099000 0.126000 1800 40 1.100000 1.210000 1.449000 600 42 0.900000 0.072000 0.071000 1.200000 0.062000 0.075000
1496402071216714704	1400 48 1.200000 0.098000 0.124000 1800 40 1.100000 1.091000 1.305000 600 42 0.900000 0.072000 0.071000 1.200000 0.055000 0.066000
1496402071726011172	1400 48 1.200000 0.106000 0.134000 1800 40 1.100000 1.134000 1.358000 600 42 0.900000 0.072000 0.071000 1.200000 0.046000 0.055000
1496402072235119390	1400 48 1.200000 0.104000 0.132000 1800 40 1.100000 1.121000 1.342000 600 42 0.900000 0.072000 0.071000 1.200000 0.052000 0.063000
1496402072744565650	1400 46 1.200000 0.100000 0.127000 1800 39 1.100000 1.105000 1.323000 600 42 0.900000 0.072000 0.071000 1.200000 0.041000 0.049000
1496402073253709702	1400 46 1.200000 0.100000 0.127000 1800 39 1.100000 1.097000 1.314000 600 42 0.900000 0.072000 0.071000 1.200000 0.040000 0.048000
1496402073763073587	1400 46 1.200000 0.101000 0.128000 1800 39 1.100000 1.093000 1.309000 600 42 0.900000 0.072000 0.071000 1.200000 0.040000 0.048000
1496402074272199889	1400 48 1.200000 0.102000 0.129000 1800 39 1.100000 1.108000 1.327000 600 41 0.900000 0.071000 0.070000 1.200000 0.043000 0.052000
1496402074781512315	1400 51 1.200000 0.105000 0.133000 1800 40 1.100000 1.230000 1.473000 600 42 0.900000 0.072000 0.071000 1.200000 0.041000 0.049000
1496402075290607159	1400 49 1.200000 0.104000 0.132000 1800 40 1.200000 1.747000 2.098000 600 42 0.900000 0.072000 0.071000 1.200000 0.013000 0.015000
1496402075799790669	1400 49 1.200000 0.102000 0.129000 1800 40 1.100000 1.197000 1.434000 600 42 0.900000 0.072000 0.071000 1.200000 0.047000 0.057000
1496402076308914054	1400 52 1.200000 0.102000 0.129000 1800 41 1.200000 2.287000 2.751000 600 44 0.900000 0.072000 0.071000 1.200000 0.059000 0.071000
1496402076818164648	1400 52 1.200000 0.102000 0.129000 1800 41 1.200000 2.307000 2.775000 600 45 0.900000 0.072000 0.071000 1.200000 0.054000 0.065000
1496402077327489241	1400 53 1.200000 0.108000 0.137000 1800 42 1.200000 2.148000 2.584000 600 46 0.900000 0.073000 0.072000 1.200000 0.056000 0.068000
1496402077836725334	1400 52 1.200000 0.110000 0.140000 1800 42 1.200000 2.274000 2.735000 600 46 0.900000 0.074000 0.073000 1.200000 0.057000 0.069000
1496402078346453760	1400 51 1.200000 0.109000 0.138000 1800 42 1.200000 1.938000 2.329000 600 46 0.900000 0.074000 0.073000 1.200000 0.124000 0.151000
1496402078855813687	1400 51 1.200000 0.111000 0.141000 1800 42 1.200000 1.931000 2.321000 600 47 0.900000 0.074000 0.073000 1.200000 0.172000 0.210000
1496402079365348280	1400 52 1.200000 0.111000 0.141000 1800 43 1.200000 1.950000 2.343000 600 47 0.900000 0.074000 0.073000 1.200000 0.176000 0.215000
1496402079874709165	1400 52 1.200000 0.111000 0.141000 1800 43 1.200000 1.912000 2.298000 600 47 0.900000 0.074000 0.073000 1.200000 0.171000 0.209000
1496402080384172508	1400 52 1.200000 0.110000 0.140000 1800 43 1.200000 1.961000 2.357000 600 47 0.900000 0.074000 0.073000 1.200000 0.173000 0.211000
1496402080893657517	1400 52 1.200000 0.111000 0.141000 1800 43 1.200000 1.949000 2.342000 600 47 0.900000 0.075000 0.074000 1.200000 0.171000 0.209000
1496402081402995069	1400 52 1.200000 0.118000 0.150000 1800 43 1.200000 1.901000 2.285000 600 47 0.900000 0.075000 0.074000 1.200000 0.177000 0.216000
1496402081912486662	1400 52 1.200000 0.115000 0.146000 1800 43 1.200000 1.904000 2.288000 600 48 0.900000 0.075000 0.074000 1.200000 0.174000 0.212000
1496402082421834755	1400 52 1.200000 0.113000 0.143000 1800 43 1.200000 1.917000 2.304000 600 48 0.900000 0.076000 0.075000 1.200000 0.177000 0.216000
1496402082931255973	1400 55 1.200000 0.109000 0.138000 1800 44 1.200000 1.935000 2.325000 600 48 0.900000 0.075000 0.074000 1.200000 0.173000 0.211000
1496402083440447317	1400 55 1.200000 0.111000 0.141000 1800 44 1.200000 2.274000 2.735000 600 48 0.900000 0.076000 0.075000 1.200000 0.057000 0.069000
1496402083949795535	1400 55 1.200000 0.113000 0.143000 1800 44 1.200000 1.950000 2.343000 600 47 0.900000 0.076000 0.075000 1.200000 0.053000 0.064000
1496402084459443128	1400 46 1.200000 0.120000 0.152000 1800 42 1.200000 1.292000 1.550000 600 46 0.900000 0.076000 0.075000 1.200000 0.049000 0.059000
1496402084969774345	1400 48 1.200000 0.157000 0.198000 1800 42 1.100000 0.776000 0.928000 600 45 0.900000 0.075000 0.074000 1.200000 0.045000 0.054000
1496402085479761145	1400 47 1.200000 0.109000 0.138000 1800 41 1.100000 1.228000 1.471000 600 45 0.900000 0.074000 0.073000 1.200000 0.021000 0.025000
1496402085989862738	1400 47 1.200000 0.107000 0.136000 1800 41 1.100000 1.230000 1.473000 600 45 0.900000 0.074000 0.073000 1.200000 0.020000 0.024000
1496402086499200289	1400 43 1.200000 0.111000 0.141000 1800 40 1.100000 1.033000 1.236000 600 44 0.900000 0.073000 0.072000 1.200000 0.018000 0.021000
1496402087008367549	1400 43 1.200000 0.099000 0.126000 1800 40 1.100000 0.984000 1.177000 600 44 0.900000 0.073000 0.072000 1.200000 0.014000 0.016000
1496402087517521851	1400 42 1.200000 0.097000 0.123000 1800 39 1.100000 0.984000 1.177000 600 43 0.900000 0.072000 0.071000 1.200000 0.013000 0.015000
1496402088026674361	1400 42 1.200000 0.096000 0.122000 1800 39 1.100000 0.982000 1.175000 600 43 0.900000 0.072000 0.071000 1.200000 0.014000 0.016000
1496402088536469995	1400 42 1.200000 0.098000 0.124000 1800 39 1.100000 0.982000 1.175000 600 43 0.900000 0.072000 0.071000 1.200000 0.014000 0.016000
1496402089045565922	1400 42 1.200000 0.099000 0.126000 1800 38 1.100000 0.981000 1.174000 600 42 0.900000 0.072000 0.071000 1.200000 0.015000 0.018000
1496402089554695433	1400 41 1.200000 0.102000 0.129000 1800 38 1.100000 0.982000 1.175000 600 42 0.900000 0.071000 0.070000 1.200000 0.014000 0.016000
1496402090063767151	1400 41 1.200000 0.104000 0.132000 1800 38 1.100000 0.980000 1.173000 600 42 0.900000 0.071000 0.070000 1.200000 0.014000 0.016000
1496402090572869370	1400 41 1.200000 0.102000 0.129000 1800 38 1.100000 0.980000 1.173000 600 42 0.900000 0.071000 0.070000 1.200000 0.015000 0.018000
1496402091081942338	1400 41 1.200000 0.099000 0.126000 1800 38 1.100000 0.978000 1.170000 600 42 0.900000 0.071000 0.070000 1.200000 0.015000 0.018000
1496402091591228140	1400 41 1.200000 0.097000 0.123000 1800 38 1.100000 0.980000 1.173000 600 42 0.900000 0.071000 0.070000 1.200000 0.017000 0.020000
1496402092100318692	1400 41 1.200000 0.096000 0.122000 1800 37 1.100000 0.979000 1.171000 600 42 0.900000 0.071000 0.070000 1.200000 0.016000 0.019000
1496402092609453077	1400 41 1.200000 0.096000 0.122000 1800 37 1.100000 0.979000 1.171000 600 42 0.900000 0.070000 0.069000 1.200000 0.015000 0.018000
1496402093118595546	1400 41 1.200000 0.095000 0.120000 1800 37 1.100000 0.977000 1.169000 600 42 0.900000 0.071000 0.070000 1.200000 0.015000 0.018000
1496402093627676056	1400 40 1.200000 0.096000 0.122000 1800 37 1.100000 0.978000 1.170000 600 41 0.900000 0.070000 0.069000 1.200000 0.014000 0.016000
1496402094137186649	1400 50 1.200000 0.102000 0.129000 1800 40 1.200000 2.302000 2.769000 600 43 0.900000 0.070000 0.069000 1.200000 0.048000 0.058000
1496402094646604909	1400 47 1.200000 0.103000 0.131000 1800 40 1.200000 1.754000 2.106000 600 44 0.900000 0.072000 0.071000 1.200000 0.069000 0.084000
1496402095155672377	1400 53 1.200000 0.101000 0.128000 1800 41 1.200000 2.398000 2.889000 600 45 0.900000 0.072000 0.071000 1.200000 0.014000 0.016000
1496402095664855346	1400 54 1.200000 0.104000 0.132000 1800 42 1.200000 2.416000 2.911000 600 46 0.900000 0.072000 0.071000 1.200000 0.003000 0.003000
1496402096173932439	1400 55 1.200000 0.106000 0.134000 1800 42 1.200000 2.390000 2.879000 600 46 0.900000 0.073000 0.072000 1.200000 0.009000 0.010000
1496402096683003908	1400 55 1.200000 0.109000 0.138000 1800 43 1.200000 2.422000 2.918000 600 47 0.900000 0.074000 0.073000 1.200000 0.005000 0.006000
1496402097192175460	1400 56 1.200000 0.110000 0.140000 1800 43 1.200000 2.427000 2.924000 600 47 0.900000 0.074000 0.073000 1.200000 0.004000 0.004000
1496402097701257887	1400 56 1.200000 0.108000 0.137000 1800 43 1.200000 2.410000 2.904000 600 48 0.900000 0.075000 0.074000 1.200000 0.003000 0.003000
1496402098210339480	1400 56 1.200000 0.106000 0.134000 1800 44 1.200000 2.424000 2.920000 600 48 0.900000 0.075000 0.074000 1.200000 0.006000 0.007000
1496402098719419074	1400 57 1.200000 0.104000 0.132000 1800 44 1.200000 2.436000 2.935000 600 48 0.900000 0.075000 0.074000 1.200000 0.003000 0.003000
1496402099228492959	1400 57 1.200000 0.109000 0.138000 1800 44 1.200000 2.421000 2.917000 600 49 0.900000 0.075000 0.074000 1.200000 0.005000 0.006000
1496402099737680594	1400 57 1.200000 0.112000 0.142000 1800 44 1.200000 2.415000 2.910000 600 49 0.900000 0.076000 0.075000 1.200000 0.006000 0.007000
1496402100246800438	1400 57 1.200000 0.106000 0.134000 1800 44 1.200000 2.440000 2.940000 600 49 0.900000 0.076000 0.075000 1.200000 0.005000 0.006000
1496402100756002448	1400 57 1.200000 0.106000 0.134000 1800 45 1.200000 2.422000 2.918000 600 49 0.900000 0.076000 0.075000 1.200000 0.009000 0.010000
1496402101265237083	1400 55 1.200000 0.107000 0.136000 1800 44 1.200000 2.212000 2.661000 600 49 0.900000 0.076000 0.075000 1.200000 0.027000 0.032000
1496402101774346676	1400 55 1.200000 0.107000 0.136000 1800 44 1.200000 2.156000 2.593000 600 49 0.900000 0.076000 0.075000 1.200000 0.046000 0.055000
1496402102283688020	1400 55 1.200000 0.106000 0.134000 1800 44 1.200000 2.175000 2.614000 600 49 0.900000 0.076000 0.075000 1.200000 0.060000 0.073000
1496402102793698570	1400 49 1.200000 0.159000 0.201000 1800 43 1.100000 0.814000 0.973000 600 47 0.900000 0.076000 0.075000 1.200000 0.047000 0.057000
1496402103303926912	1400 48 1.200000 0.116000 0.147000 1800 42 1.100000 1.228000 1.471000 600 46 0.900000 0.075000 0.074000 1.200000 0.023000 0.027000
1496402103814169588	1400 48 1.200000 0.112000 0.142000 1800 42 1.100000 1.230000 1.473000 600 45 0.900000 0.075000 0.074000 1.200000 0.020000 0.024000
1496402104323649389	1400 52 1.200000 0.108000 0.137000 1800 42 1.100000 1.264000 1.514000 600 46 0.900000 0.074000 0.073000 1.200000 0.022000 0.026000
1496402104833198315	1400 53 1.200000 0.114000 0.145000 1800 43 1.200000 2.186000 2.629000 600 48 0.900000 0.074000 0.073000 1.200000 0.211000 0.257000
1496402105342538450	1400 54 1.200000 0.116000 0.147000 1800 44 1.200000 2.192000 2.636000 600 48 0.900000 0.075000 0.074000 1.200000 0.211000 0.257000
1496402105851936085	1400 55 1.200000 0.122000 0.155000 1800 44 1.200000 2.194000 2.639000 600 49 0.900000 0.076000 0.075000 1.200000 0.212000 0.259000
1496402106361594678	1400 55 1.200000 0.123000 0.156000 1800 45 1.200000 2.197000 2.642000 600 49 0.900000 0.076000 0.075000 1.200000 0.212000 0.259000
1496402106871146437	1400 55 1.200000 0.124000 0.157000 1800 45 1.200000 2.196000 2.641000 600 49 0.900000 0.076000 0.075000 1.200000 0.211000 0.257000
1496402107380480739	1400 55 1.200000 0.120000 0.152000 1800 45 1.200000 2.196000 2.641000 600 50 0.900000 0.077000 0.076000 1.200000 0.211000 0.257000
1496402107889832374	1400 56 1.200000 0.120000 0.152000 1800 45 1.200000 2.200000 2.646000 600 50 0.900000 0.077000 0.076000 1.200000 0.210000 0.256000
1496402108399273675	1400 56 1.200000 0.122000 0.155000 1800 45 1.200000 2.199000 2.645000 600 50 0.900000 0.077000 0.076000 1.200000 0.210000 0.256000
1496402108908594352	1400 56 1.200000 0.125000 0.159000 1800 45 1.200000 2.198000 2.644000 600 50 0.900000 0.077000 0.076000 1.200000 0.211000 0.257000
1496402109418000903	1400 56 1.200000 0.120000 0.152000 1800 46 1.200000 2.197000 2.642000 600 50 0.900000 0.077000 0.076000 1.200000 0.211000 0.257000
1496402109927369205	1400 56 1.200000 0.119000 0.151000 1800 46 1.200000 2.194000 2.639000 600 50 0.900000 0.077000 0.076000 1.200000 0.211000 0.257000
1496402110436775715	1400 56 1.200000 0.122000 0.155000 1800 46 1.200000 2.193000 2.638000 600 50 0.900000 0.078000 0.077000 1.200000 0.211000 0.257000
1496402110946357141	1400 57 1.200000 0.122000 0.155000 1800 46 1.200000 2.192000 2.636000 600 50 0.900000 0.078000 0.077000 1.200000 0.212000 0.259000
1496402111455916567	1400 57 1.200000 0.122000 0.155000 1800 46 1.200000 2.191000 2.635000 600 51 0.900000 0.078000 0.077000 1.200000 0.212000 0.259000
1496402111965396910	1400 57 1.200000 0.127000 0.161000 1800 46 1.200000 2.193000 2.638000 600 51 0.900000 0.079000 0.078000 1.200000 0.211000 0.257000
1496402112474798670	1400 57 1.200000 0.128000 0.162000 1800 46 1.200000 2.192000 2.636000 600 51 0.900000 0.078000 0.077000 1.200000 0.211000 0.257000
1496402112985134137	1400 58 1.200000 0.125000 0.159000 1800 46 1.200000 2.192000 2.636000 600 51 0.900000 0.078000 0.077000 1.200000 0.212000 0.259000
1496402113495336062	1400 51 1.200000 0.185000 0.233000 1800 45 1.100000 0.806000 0.963000 600 48 0.900000 0.077000 0.076000 1.200000 0.107000 0.130000
1496402114005401446	1400 50 1.200000 0.109000 0.138000 1800 44 1.100000 1.234000 1.478000 600 47 0.900000 0.077000 0.076000 1.200000 0.021000 0.025000
1496402114515238247	1400 49 1.200000 0.108000 0.137000 1800 43 1.100000 1.238000 1.483000 600 47 0.900000 0.076000 0.075000 1.200000 0.020000 0.024000
1496402115024669715	1400 51 1.200000 0.105000 0.133000 1800 43 1.100000 1.318000 1.578000 600 47 0.900000 0.076000 0.075000 1.200000 0.036000 0.043000
1496402115533781392	1400 55 1.200000 0.103000 0.131000 1800 44 1.200000 2.324000 2.795000 600 48 0.900000 0.075000 0.074000 1.200000 0.072000 0.087000
1496402116042947527	1400 56 1.200000 0.104000 0.132000 1800 44 1.200000 2.351000 2.828000 600 49 0.900000 0.076000 0.075000 1.200000 0.027000 0.032000
1496402116552212704	1400 56 1.200000 0.107000 0.136000 1800 45 1.200000 2.353000 2.835000 600 49 0.900000 0.076000 0.075000 1.200000 0.028000 0.033000
1496402117061497005	1400 56 1.200000 0.111000 0.141000 1800 45 1.200000 2.354000 2.831000 600 49 0.900000 0.076000 0.075000 1.200000 0.027000 0.032000
1496402117570614682	1400 57 1.200000 0.111000 0.141000 1800 45 1.200000 2.355000 2.833000 600 50 0.900000 0.077000 0.076000 1.200000 0.027000 0.032000
1496402118080061859	1400 57 1.200000 0.114000 0.145000 1800 45 1.200000 2.355000 2.833000 600 50 0.900000 0.077000 0.076000 1.200000 0.027000 0.032000
1496402118589327660	1400 57 1.200000 0.113000 0.143000 1800 45 1.200000 2.346000 2.826000 600 50 0.900000 0.077000 0.076000 1.200000 0.031000 0.037000
1496402119098594962	1400 54 1.200000 0.109000 0.138000 1800 45 1.200000 2.343000 2.823000 600 50 0.900000 0.077000 0.076000 1.200000 0.031000 0.037000
1496402119607807930	1400 57 1.200000 0.111000 0.141000 1800 45 1.200000 1.681000 2.018000 600 50 0.900000 0.077000 0.076000 1.200000 0.077000 0.093000
1496402120116985024	1400 57 1.200000 0.110000 0.139000 1800 45 1.200000 2.349000 2.830000 600 50 0.900000 0.077000 0.076000 1.200000 0.027000 0.032000
1496402120626254659	1400 57 1.200000 0.112000 0.142000 1800 46 1.200000 2.360000 2.843000 600 50 0.900000 0.077000 0.076000 1.200000 0.027000 0.032000
1496402121135381877	1400 57 1.200000 0.114000 0.145000 1800 46 1.200000 2.359000 2.842000 600 50 0.900000 0.078000 0.077000 1.200000 0.028000 0.033000
1496402121644598429	1400 58 1.200000 0.114000 0.145000 1800 46 1.200000 2.360000 2.843000 600 50 0.900000 0.078000 0.077000 1.200000 0.027000 0.032000
1496402122153733231	1400 58 1.200000 0.114000 0.145000 1800 46 1.200000 2.358000 2.841000 600 50 0.900000 0.078000 0.077000 1.200000 0.027000 0.032000
1496402122662940783	1400 58 1.200000 0.108000 0.137000 1800 46 1.200000 2.343000 2.823000 600 50 0.900000 0.078000 0.077000 1.200000 0.030000 0.036000
1496402123172281543	1400 50 1.200000 0.108000 0.137000 1800 45 1.200000 2.316000 2.790000 600 50 0.900000 0.078000 0.077000 1.200000 0.031000 0.037000
1496402123681560469	1400 57 1.200000 0.109000 0.138000 1800 45 1.200000 2.175000 2.616000 600 50 0.900000 0.078000 0.077000 1.200000 0.087000 0.105000
1496402124190653688	1400 58 1.200000 0.108000 0.137000 1800 46 1.200000 2.355000 2.837000 600 50 0.900000 0.077000 0.076000 1.200000 0.027000 0.032000
1496402124699930740	1400 58 1.200000 0.108000 0.137000 1800 46 1.200000 2.359000 2.842000 600 50 0.900000 0.077000 0.076000 1.200000 0.027000 0.032000
1496402125209208125	1400 58 1.200000 0.114000 0.145000 1800 46 1.200000 2.358000 2.841000 600 50 0.900000 0.077000 0.076000 1.200000 0.028000 0.033000
1496402125718318301	1400 58 1.200000 0.112000 0.142000 1800 46 1.200000 2.358000 2.841000 600 50 0.900000 0.078000 0.077000 1.200000 0.027000 0.032000
1496402126227475895	1400 58 1.200000 0.110000 0.139000 1800 46 1.200000 2.359000 2.837000 600 51 0.900000 0.078000 0.077000 1.200000 0.027000 0.032000
1496402126736735113	1400 58 1.200000 0.109000 0.138000 1800 46 1.200000 2.346000 2.822000 600 51 0.900000 0.078000 0.077000 1.200000 0.030000 0.036000
1496402127246068206	1400 51 1.200000 0.109000 0.138000 1800 45 1.200000 2.345000 2.825000 600 50 0.900000 0.078000 0.077000 1.200000 0.031000 0.037000
1496402127755265508	1400 57 1.200000 0.110000 0.140000 1800 46 1.200000 1.672000 2.008000 600 50 0.900000 0.077000 0.076000 1.200000 0.086000 0.104000
1496402128264427768	1400 58 1.200000 0.114000 0.145000 1800 46 1.200000 2.348000 2.829000 600 50 0.900000 0.077000 0.076000 1.200000 0.030000 0.036000
1496402128773620695	1400 58 1.200000 0.113000 0.143000 1800 46 1.200000 2.358000 2.841000 600 51 0.900000 0.078000 0.077000 1.200000 0.027000 0.032000
1496402129282842122	1400 58 1.200000 0.110000 0.139000 1800 46 1.200000 2.360000 2.843000 600 51 0.900000 0.078000 0.077000 1.200000 0.026000 0.031000
1496402129792094007	1400 58 1.200000 0.111000 0.141000 1800 46 1.200000 2.361000 2.845000 600 51 0.900000 0.078000 0.077000 1.200000 0.027000 0.032000
1496402130301367100	1400 58 1.200000 0.111000 0.141000 1800 46 1.200000 2.361000 2.845000 600 51 0.900000 0.078000 0.077000 1.200000 0.027000 0.032000
1496402130810593944	1400 58 1.200000 0.114000 0.145000 1800 46 1.200000 2.342000 2.822000 600 51 0.900000 0.078000 0.077000 1.200000 0.031000 0.037000
1496402131319820079	1400 51 1.200000 0.109000 0.138000 1800 46 1.200000 2.340000 2.815000 600 51 0.900000 0.078000 0.077000 1.200000 0.042000 0.051000
1496402131830011296	1400 50 1.200000 0.184000 0.232000 1800 44 1.100000 0.794000 0.949000 600 48 0.900000 0.078000 0.077000 1.200000 0.055000 0.066000
1496402132340225054	1400 50 1.200000 0.112000 0.142000 1800 44 1.100000 1.233000 1.477000 600 48 0.900000 0.077000 0.076000 1.200000 0.023000 0.027000
1496402132850266938	1400 49 1.200000 0.111000 0.141000 1800 43 1.100000 1.235000 1.479000 600 47 0.900000 0.076000 0.075000 1.200000 0.021000 0.025000
1496402133359811990	1400 51 1.200000 0.112000 0.142000 1800 43 1.100000 1.258000 1.507000 600 46 0.900000 0.076000 0.075000 1.200000 0.021000 0.025000
1496402133869681415	1400 51 1.200000 0.109000 0.138000 1800 43 1.100000 1.135000 1.359000 600 47 0.900000 0.076000 0.075000 1.200000 0.027000 0.032000
1496402134379031009	1400 46 1.200000 0.111000 0.141000 1800 42 1.100000 1.201000 1.438000 600 46 0.900000 0.075000 0.074000 1.200000 0.066000 0.080000
1496402134888206394	1400 54 1.200000 0.108000 0.137000 1800 43 1.200000 1.959000 2.354000 600 47 0.900000 0.075000 0.074000 1.200000 0.075000 0.091000
1496402135397448321	1400 55 1.200000 0.107000 0.136000 1800 44 1.200000 2.148000 2.584000 600 48 0.900000 0.075000 0.074000 1.200000 0.034000 0.041000
1496402135906749247	1400 55 1.200000 0.105000 0.133000 1800 44 1.200000 2.141000 2.575000 600 48 0.900000 0.076000 0.075000 1.200000 0.035000 0.042000
1496402136416589840	1400 53 1.200000 0.106000 0.134000 1800 44 1.200000 2.396000 2.887000 600 48 0.900000 0.076000 0.075000 1.200000 0.029000 0.035000
1496402136926022016	1400 55 1.200000 0.107000 0.136000 1800 44 1.200000 1.770000 2.125000 600 48 0.900000 0.076000 0.075000 1.200000 0.113000 0.137000
1496402137435154818	1400 56 1.200000 0.107000 0.136000 1800 45 1.200000 2.093000 2.515000 600 48 0.900000 0.076000 0.075000 1.200000 0.034000 0.041000
1496402137944277162	1400 56 1.200000 0.105000 0.133000 1800 45 1.200000 2.176000 2.617000 600 49 0.900000 0.077000 0.076000 1.200000 0.033000 0.040000
1496402138453420338	1400 56 1.200000 0.106000 0.134000 1800 45 1.200000 2.170000 2.610000 600 49 0.900000 0.077000 0.076000 1.200000 0.028000 0.034000
1496402138962580515	1400 56 1.200000 0.112000 0.142000 1800 45 1.200000 1.803000 2.165000 600 49 0.900000 0.077000 0.076000 1.200000 0.097000 0.118000
1496402139471720984	1400 56 1.200000 0.110000 0.140000 1800 45 1.200000 2.107000 2.532000 600 49 0.900000 0.077000 0.076000 1.200000 0.033000 0.040000
1496402139981051660	1400 56 1.200000 0.106000 0.134000 1800 45 1.200000 2.131000 2.561000 600 49 0.900000 0.077000 0.076000 1.200000 0.035000 0.042000
1496402140490159087	1400 58 1.200000 0.115000 0.146000 1800 45 1.200000 2.112000 2.538000 600 49 0.900000 0.077000 0.076000 1.200000 0.034000 0.041000
1496402140999368972	1400 56 1.200000 0.114000 0.145000 1800 45 1.200000 2.272000 2.733000 600 49 0.900000 0.077000 0.076000 1.200000 0.104000 0.126000
1496402141508497607	1400 57 1.200000 0.111000 0.141000 1800 45 1.200000 2.086000 2.509000 600 49 0.900000 0.077000 0.076000 1.200000 0.034000 0.041000
1496402142017665243	1400 56 1.200000 0.108000 0.137000 1800 45 1.200000 2.149000 2.585000 600 49 0.900000 0.077000 0.076000 1.200000 0.034000 0.041000
1496402142526795836	1400 58 1.200000 0.110000 0.139000 1800 45 1.200000 2.140000 2.574000 600 49 0.900000 0.077000 0.076000 1.200000 0.033000 0.040000
1496402143036083388	1400 55 1.200000 0.112000 0.142000 1800 45 1.200000 2.139000 2.573000 600 49 0.900000 0.077000 0.076000 1.200000 0.027000 0.032000
1496402143545187815	1400 56 1.200000 0.112000 0.142000 1800 45 1.200000 2.096000 2.521000 600 49 0.900000 0.077000 0.076000 1.200000 0.070000 0.085000
1496402144054300825	1400 57 1.200000 0.115000 0.146000 1800 45 1.200000 2.139000 2.573000 600 49 0.900000 0.077000 0.076000 1.200000 0.034000 0.041000
1496402144563375835	1400 58 1.200000 0.107000 0.136000 1800 46 1.200000 2.135000 2.568000 600 49 0.900000 0.077000 0.076000 1.200000 0.033000 0.040000
1496402145073296136	1400 54 1.200000 0.110000 0.140000 1800 45 1.200000 2.014000 2.420000 600 49 0.900000 0.078000 0.077000 1.200000 0.023000 0.027000
1496402145583418895	1400 50 1.200000 0.156000 0.197000 1800 44 1.100000 1.195000 1.431000 600 47 0.900000 0.077000 0.076000 1.200000 0.044000 0.053000
1496402146093630237	1400 49 1.200000 0.107000 0.136000 1800 43 1.100000 1.234000 1.478000 600 47 0.900000 0.076000 0.075000 1.200000 0.019000 0.023000
1496402146604041995	1400 49 1.200000 0.108000 0.137000 1800 43 1.200000 1.236000 1.483000 600 46 0.900000 0.076000 0.075000 1.200000 0.020000 0.024000
1496402147114073171	1400 46 1.200000 0.106000 0.134000 1800 42 1.100000 1.256000 1.504000 600 46 0.900000 0.075000 0.074000 1.200000 0.053000 0.064000
1496402147623841972	1400 45 1.200000 0.109000 0.138000 1800 41 1.100000 1.190000 1.425000 600 46 0.900000 0.075000 0.074000 1.200000 0.076000 0.092000
1496402148134200772	1400 45 1.200000 0.107000 0.136000 1800 41 1.100000 1.175000 1.407000 600 46 0.900000 0.074000 0.073000 1.200000 0.054000 0.065000
1496402148643382532	1400 49 1.200000 0.111000 0.141000 1800 41 1.100000 1.124000 1.346000 600 46 0.900000 0.074000 0.073000 1.200000 0.122000 0.149000
1496402149152370834	1400 56 1.200000 0.102000 0.129000 1800 43 1.200000 1.790000 2.151000 600 47 0.900000 0.074000 0.073000 1.200000 0.024000 0.029000
1496402149661405594	1400 57 1.200000 0.104000 0.132000 1800 44 1.200000 2.513000 3.028000 600 48 0.900000 0.076000 0.075000 1.200000 0.008000 0.009000
1496402150170301272	1400 57 1.200000 0.111000 0.141000 1800 45 1.200000 2.498000 3.010000 600 49 0.900000 0.076000 0.075000 1.200000 0.009000 0.010000
1496402150679334574	1400 58 1.200000 0.109000 0.138000 1800 45 1.200000 2.467000 2.972000 600 49 0.900000 0.077000 0.076000 1.200000 0.008000 0.009000
1496402151188168376	1400 58 1.200000 0.107000 0.136000 1800 45 1.200000 2.459000 2.963000 600 50 0.900000 0.077000 0.076000 1.200000 0.008000 0.009000
1496402151697345511	1400 59 1.200000 0.109000 0.138000 1800 46 1.200000 2.479000 2.987000 600 50 0.900000 0.077000 0.076000 1.200000 0.009000 0.010000
1496402152206586354	1400 59 1.200000 0.112000 0.142000 1800 46 1.200000 2.472000 2.978000 600 50 0.900000 0.078000 0.077000 1.200000 0.008000 0.009000
1496402152715588906	1400 59 1.200000 0.114000 0.145000 1800 46 1.200000 2.448000 2.949000 600 50 0.900000 0.078000 0.077000 1.200000 0.010000 0.012000
1496402153224581292	1400 59 1.200000 0.115000 0.146000 1800 46 1.200000 2.421000 2.917000 600 50 0.900000 0.077000 0.076000 1.200000 0.012000 0.014000
1496402153733672010	1400 59 1.200000 0.108000 0.137000 1800 46 1.200000 2.466000 2.971000 600 50 0.900000 0.077000 0.076000 1.200000 0.012000 0.014000
1496402154242775312	1400 59 1.200000 0.108000 0.137000 1800 46 1.200000 2.463000 2.967000 600 51 0.900000 0.078000 0.077000 1.200000 0.012000 0.014000
1496402154751847531	1400 59 1.200000 0.109000 0.138000 1800 46 1.200000 2.440000 2.940000 600 51 0.900000 0.078000 0.077000 1.200000 0.011000 0.013000
1496402155260819666	1400 59 1.200000 0.111000 0.141000 1800 47 1.200000 2.463000 2.967000 600 51 0.900000 0.079000 0.078000 1.200000 0.010000 0.012000
1496402155769961051	1400 59 1.200000 0.114000 0.145000 1800 47 1.200000 2.435000 2.934000 600 51 0.900000 0.079000 0.078000 1.200000 0.010000 0.012000
1496402156278898353	1400 59 1.200000 0.115000 0.146000 1800 47 1.200000 2.410000 2.904000 600 51 0.900000 0.079000 0.078000 1.200000 0.012000 0.014000
1496402156787929114	1400 59 1.200000 0.116000 0.147000 1800 47 1.200000 2.448000 2.949000 600 51 0.900000 0.079000 0.078000 1.200000 0.013000 0.015000
1496402157296987707	1400 60 1.200000 0.114000 0.145000 1800 47 1.200000 2.425000 2.922000 600 51 0.900000 0.079000 0.078000 1.200000 0.014000 0.016000
1496402157806093384	1400 59 1.200000 0.111000 0.141000 1800 47 1.200000 2.433000 2.931000 600 51 0.900000 0.079000 0.078000 1.200000 0.014000 0.017000
1496402158315028311	1400 60 1.200000 0.110000 0.140000 1800 47 1.200000 2.434000 2.932000 600 51 0.900000 0.079000 0.078000 1.200000 0.015000 0.018000
1496402158824073155	1400 59 1.200000 0.109000 0.138000 1800 47 1.200000 2.416000 2.911000 600 51 0.900000 0.079000 0.078000 1.200000 0.016000 0.019000
1496402159333014957	1400 60 1.200000 0.109000 0.138000 1800 47 1.200000 2.429000 2.926000 600 51 0.900000 0.079000 0.078000 1.200000 0.012000 0.014000
1496402159842049217	1400 60 1.200000 0.111000 0.141000 1800 47 1.200000 2.459000 2.963000 600 51 0.900000 0.079000 0.078000 1.200000 0.014000 0.016000
1496402160351026020	1400 59 1.200000 0.110000 0.140000 1800 47 1.200000 2.421000 2.917000 600 51 0.900000 0.079000 0.078000 1.200000 0.017000 0.020000
1496402160860029113	1400 60 1.200000 0.109000 0.138000 1800 47 1.200000 2.409000 2.902000 600 51 0.900000 0.079000 0.078000 1.200000 0.017000 0.020000
1496402161369073457	1400 59 1.200000 0.115000 0.146000 1800 47 1.200000 2.400000 2.892000 600 51 0.900000 0.079000 0.078000 1.200000 0.023000 0.027000
1496402161878431592	1400 59 1.200000 0.109000 0.138000 1800 47 1.200000 2.375000 2.861000 600 51 0.900000 0.079000 0.078000 1.200000 0.029000 0.035000
1496402162387473060	1400 59 1.200000 0.109000 0.138000 1800 47 1.200000 2.399000 2.890000 600 51 0.900000 0.079000 0.078000 1.200000 0.028000 0.034000
1496402162896690737	1400 56 1.200000 0.114000 0.145000 1800 46 1.200000 2.248000 2.708000 600 51 0.900000 0.079000 0.078000 1.200000 0.051000 0.062000
1496402163405655873	1400 49 1.200000 0.118000 0.150000 1800 45 1.200000 1.784000 2.144000 600 50 0.900000 0.079000 0.078000 1.200000 0.084000 0.102000
1496402163914722299	1400 47 1.200000 0.114000 0.145000 1800 44 1.100000 1.103000 1.321000 600 48 0.900000 0.078000 0.077000 1.200000 0.012000 0.014000
1496402164424213601	1400 47 1.200000 0.110000 0.140000 1800 43 1.100000 1.116000 1.336000 600 47 0.900000 0.077000 0.076000 1.200000 0.012000 0.014000
1496402164934293860	1400 49 1.200000 0.186000 0.234000 1800 43 1.100000 1.028000 1.230000 600 47 0.900000 0.076000 0.075000 1.200000 0.045000 0.054000
1496402165444505702	1400 48 1.200000 0.111000 0.141000 1800 43 1.100000 1.232000 1.475000 600 46 0.900000 0.076000 0.075000 1.200000 0.020000 0.024000
1496402165954105461	1400 49 1.200000 0.110000 0.140000 1800 42 1.100000 1.236000 1.480000 600 46 0.900000 0.075000 0.074000 1.200000 0.021000 0.025000
1496402166463359346	1400 54 1.200000 0.109000 0.138000 1800 43 1.200000 1.299000 1.558000 600 48 0.900000 0.075000 0.074000 1.200000 0.029000 0.035000
1496402166972579773	1400 56 1.200000 0.104000 0.132000 1800 44 1.200000 2.575000 3.105000 600 49 0.900000 0.076000 0.075000 1.200000 0.009000 0.010000
1496402167481755408	1400 57 1.200000 0.106000 0.134000 1800 45 1.200000 2.579000 3.110000 600 50 0.900000 0.076000 0.075000 1.200000 0.004000 0.004000
1496402167990968543	1400 57 1.200000 0.107000 0.136000 1800 45 1.200000 2.591000 3.124000 600 51 0.900000 0.077000 0.076000 1.200000 0.008000 0.009000
1496402168500086220	1400 58 1.200000 0.106000 0.134000 1800 46 1.200000 2.596000 3.130000 600 51 0.900000 0.077000 0.076000 1.200000 0.009000 0.010000
1496402169009327313	1400 58 1.200000 0.107000 0.136000 1800 46 1.200000 2.597000 3.129000 600 51 0.900000 0.077000 0.076000 1.200000 0.009000 0.010000
1496402169518439365	1400 58 1.200000 0.112000 0.142000 1800 46 1.200000 2.597000 3.131000 600 52 0.900000 0.078000 0.077000 1.200000 0.011000 0.013000
1496402170027615709	1400 58 1.200000 0.114000 0.145000 1800 46 1.200000 2.598000 3.133000 600 52 0.900000 0.078000 0.077000 1.200000 0.022000 0.026000
1496402170536783719	1400 59 1.200000 0.116000 0.147000 1800 46 1.200000 2.599000 3.134000 600 52 0.900000 0.078000 0.077000 1.200000 0.018000 0.021000
1496402171046039021	1400 59 1.200000 0.111000 0.141000 1800 47 1.200000 2.605000 3.141000 600 52 0.900000 0.079000 0.078000 1.200000 0.012000 0.014000
1496402171555145989	1400 59 1.200000 0.109000 0.138000 1800 47 1.200000 2.599000 3.134000 600 53 0.900000 0.079000 0.078000 1.200000 0.013000 0.015000
1496402172064358916	1400 59 1.200000 0.108000 0.137000 1800 47 1.200000 2.594000 3.128000 600 53 0.900000 0.079000 0.078000 1.200000 0.019000 0.023000
1496402172573380260	1400 59 1.200000 0.113000 0.143000 1800 47 1.200000 2.605000 3.141000 600 53 0.900000 0.079000 0.078000 1.200000 0.017000 0.020000
1496402173082630520	1400 59 1.200000 0.116000 0.147000 1800 47 1.200000 2.608000 3.145000 600 53 0.900000 0.079000 0.078000 1.200000 0.022000 0.026000
1496402173591809363	1400 59 1.200000 0.117000 0.148000 1800 47 1.200000 2.616000 3.154000 600 53 0.900000 0.079000 0.078000 1.200000 0.014000 0.016000
1496402174101117290	1400 59 1.200000 0.116000 0.147000 1800 47 1.200000 2.613000 3.151000 600 53 0.900000 0.079000 0.078000 1.200000 0.011000 0.013000
1496402174610182383	1400 59 1.200000 0.114000 0.145000 1800 47 1.200000 2.596000 3.130000 600 53 0.900000 0.079000 0.078000 1.200000 0.021000 0.025000
1496402175119333268	1400 59 1.200000 0.113000 0.143000 1800 47 1.200000 2.579000 3.110000 600 53 0.900000 0.079000 0.078000 1.200000 0.025000 0.030000
1496402175628417154	1400 60 1.200000 0.111000 0.141000 1800 47 1.200000 2.607000 3.144000 600 53 0.900000 0.079000 0.078000 1.200000 0.014000 0.017000
1496402176137660372	1400 60 1.200000 0.109000 0.138000 1800 47 1.200000 2.611000 3.148000 600 53 0.900000 0.080000 0.079000 1.200000 0.018000 0.021000
1496402176646827466	1400 60 1.200000 0.117000 0.148000 1800 48 1.200000 2.611000 3.148000 600 53 0.900000 0.080000 0.079000 1.200000 0.018000 0.021000
1496402177156160934	1400 59 1.200000 0.118000 0.150000 1800 48 1.200000 2.624000 3.164000 600 53 0.900000 0.080000 0.079000 1.200000 0.010000 0.012000
1496402177665475569	1400 60 1.200000 0.116000 0.147000 1800 48 1.200000 2.589000 3.122000 600 53 0.900000 0.080000 0.079000 1.200000 0.027000 0.032000
1496402178174677204	1400 60 1.200000 0.115000 0.146000 1800 48 1.200000 2.606000 3.142000 600 53 0.900000 0.080000 0.079000 1.200000 0.023000 0.027000
1496402178683876756	1400 60 1.200000 0.112000 0.142000 1800 48 1.200000 2.566000 3.094000 600 53 0.900000 0.080000 0.079000 1.200000 0.027000 0.032000
1496402179193040807	1400 60 1.200000 0.114000 0.145000 1800 48 1.200000 2.615000 3.153000 600 54 0.900000 0.080000 0.079000 1.200000 0.019000 0.023000
1496402179702261817	1400 60 1.200000 0.114000 0.145000 1800 48 1.200000 2.622000 3.162000 600 54 0.900000 0.080000 0.079000 1.200000 0.013000 0.015000
1496402180211542411	1400 60 1.200000 0.111000 0.141000 1800 48 1.200000 2.616000 3.154000 600 54 0.900000 0.080000 0.079000 1.200000 0.017000 0.020000
1496402180720697796	1400 60 1.200000 0.112000 0.142000 1800 48 1.200000 2.601000 3.136000 600 54 0.900000 0.080000 0.079000 1.200000 0.024000 0.029000
1496402181229952723	1400 60 1.200000 0.110000 0.140000 1800 48 1.200000 2.607000 3.144000 600 54 0.900000 0.080000 0.079000 1.200000 0.009000 0.010000
1496402181739303066	1400 60 1.200000 0.114000 0.145000 1800 48 1.200000 2.611000 3.148000 600 54 0.900000 0.080000 0.079000 1.200000 0.013000 0.015000
1496402182248483284	1400 60 1.200000 0.111000 0.141000 1800 48 1.200000 2.606000 3.142000 600 54 0.900000 0.080000 0.079000 1.200000 0.020000 0.024000
1496402182757733378	1400 60 1.200000 0.112000 0.142000 1800 48 1.200000 2.612000 3.150000 600 54 0.900000 0.080000 0.079000 1.200000 0.016000 0.019000
1496402183266937263	1400 60 1.200000 0.111000 0.141000 1800 48 1.200000 2.596000 3.130000 600 54 0.900000 0.081000 0.080000 1.200000 0.007000 0.008000
1496402183776265231	1400 60 1.200000 0.111000 0.141000 1800 48 1.200000 2.598000 3.133000 600 54 0.900000 0.080000 0.079000 1.200000 0.009000 0.010000
1496402184286594364	1400 55 1.200000 0.117000 0.148000 1800 47 1.200000 2.594000 3.128000 600 52 0.900000 0.080000 0.079000 1.200000 0.011000 0.013000
1496402184796960248	1400 52 1.200000 0.190000 0.239000 1800 46 1.100000 1.244000 1.490000 600 50 0.900000 0.080000 0.079000 1.200000 0.023000 0.027000
1496402185307041007	1400 51 1.200000 0.113000 0.143000 1800 45 1.100000 1.241000 1.486000 600 49 0.900000 0.079000 0.078000 1.200000 0.018000 0.021000
1496402185816581558	1400 54 1.200000 0.116000 0.147000 1800 45 1.100000 1.241000 1.486000 600 48 0.900000 0.078000 0.077000 1.200000 0.018000 0.021000
1496402186325655318	1400 61 1.200000 0.114000 0.145000 1800 46 1.200000 1.306000 1.567000 600 50 0.900000 0.078000 0.077000 1.200000 0.033000 0.040000
1496402186835023912	1400 62 1.200000 0.115000 0.146000 1800 47 1.200000 3.020000 3.645000 600 52 0.900000 0.078000 0.077000 1.200000 0.031000 0.037000
1496402187344113797	1400 63 1.200000 0.114000 0.145000 1800 48 1.200000 3.026000 3.652000 600 53 0.900000 0.079000 0.078000 1.200000 0.030000 0.036000
1496402187853132640	1400 64 1.200000 0.115000 0.146000 1800 48 1.200000 3.021000 3.646000 600 53 0.900000 0.080000 0.079000 1.200000 0.030000 0.036000
1496402188362299359	1400 64 1.200000 0.115000 0.146000 1800 49 1.200000 3.023000 3.651000 600 54 0.900000 0.081000 0.080000 1.200000 0.029000 0.035000
1496402188871435077	1400 64 1.200000 0.114000 0.145000 1800 49 1.200000 3.024000 3.652000 600 53 0.900000 0.081000 0.080000 1.200000 0.027000 0.032000
1496402189380560713	1400 64 1.200000 0.113000 0.143000 1800 49 1.200000 1.968000 2.365000 600 53 0.900000 0.081000 0.080000 1.200000 0.023000 0.027000
1496402189889920556	1400 65 1.200000 0.113000 0.143000 1800 49 1.200000 3.060000 3.696000 600 54 0.900000 0.081000 0.080000 1.200000 0.032000 0.038000
1496402190399013983	1400 65 1.200000 0.116000 0.147000 1800 50 1.200000 3.061000 3.697000 600 54 0.900000 0.081000 0.080000 1.200000 0.029000 0.035000
1496402190908185410	1400 65 1.200000 0.115000 0.146000 1800 50 1.200000 3.052000 3.683000 600 55 0.900000 0.082000 0.081000 1.200000 0.030000 0.036000
1496402191417228878	1400 66 1.200000 0.117000 0.148000 1800 50 1.200000 3.052000 3.683000 600 55 0.900000 0.082000 0.081000 1.200000 0.029000 0.035000
1496402191926424305	1400 66 1.200000 0.118000 0.150000 1800 50 1.200000 3.049000 3.680000 600 55 0.900000 0.082000 0.081000 1.200000 0.029000 0.035000
1496402192435476274	1400 64 1.200000 0.118000 0.150000 1800 50 1.200000 2.640000 3.181000 600 54 0.900000 0.082000 0.081000 1.200000 0.022000 0.026000
1496402192944633992	1400 65 1.200000 0.119000 0.151000 1800 50 1.200000 3.062000 3.695000 600 55 0.900000 0.082000 0.081000 1.200000 0.033000 0.040000
1496402193453735919	1400 66 1.200000 0.116000 0.147000 1800 50 1.200000 3.067000 3.704000 600 55 0.900000 0.082000 0.081000 1.200000 0.032000 0.038000
1496402193963000012	1400 66 1.200000 0.116000 0.147000 1800 50 1.200000 3.060000 3.696000 600 55 0.900000 0.082000 0.081000 1.200000 0.030000 0.036000
1496402194472092189	1400 66 1.200000 0.116000 0.147000 1800 51 1.200000 3.060000 3.696000 600 55 0.900000 0.083000 0.082000 1.200000 0.028000 0.033000
1496402194981366241	1400 66 1.200000 0.119000 0.151000 1800 51 1.200000 3.047000 3.677000 600 56 0.900000 0.083000 0.082000 1.200000 0.029000 0.035000
1496402195490481001	1400 65 1.200000 0.119000 0.151000 1800 50 1.200000 2.631000 3.170000 600 54 0.900000 0.083000 0.082000 1.200000 0.023000 0.027000
1496402195999645511	1400 66 1.200000 0.121000 0.153000 1800 50 1.200000 3.071000 3.706000 600 55 0.900000 0.083000 0.082000 1.200000 0.032000 0.038000
1496402196508806646	1400 66 1.200000 0.122000 0.155000 1800 51 1.200000 3.067000 3.704000 600 55 0.900000 0.082000 0.081000 1.200000 0.030000 0.036000
1496402197018061115	1400 66 1.200000 0.125000 0.159000 1800 51 1.200000 3.066000 3.700000 600 56 0.900000 0.083000 0.082000 1.200000 0.032000 0.038000
1496402197527196167	1400 67 1.200000 0.117000 0.148000 1800 51 1.200000 3.058000 3.691000 600 56 0.900000 0.083000 0.082000 1.200000 0.030000 0.036000
1496402198036375468	1400 67 1.200000 0.119000 0.151000 1800 51 1.200000 3.049000 3.683000 600 56 0.900000 0.083000 0.082000 1.200000 0.030000 0.036000
1496402198545442729	1400 66 1.200000 0.119000 0.151000 1800 51 1.200000 3.051000 3.685000 600 56 0.900000 0.084000 0.083000 1.200000 0.029000 0.035000
1496402199054646864	1400 65 1.200000 0.119000 0.151000 1800 50 1.200000 2.580000 3.111000 600 55 0.900000 0.083000 0.082000 1.200000 0.024000 0.029000
1496402199563694166	1400 66 1.200000 0.121000 0.153000 1800 51 1.200000 3.046000 3.676000 600 55 0.900000 0.083000 0.082000 1.200000 0.028000 0.033000
1496402200072892676	1400 66 1.200000 0.122000 0.155000 1800 51 1.200000 3.047000 3.680000 600 56 0.900000 0.083000 0.082000 1.200000 0.028000 0.034000
1496402200582055769	1400 67 1.200000 0.124000 0.157000 1800 51 1.200000 3.043000 3.675000 600 56 0.900000 0.083000 0.082000 1.200000 0.028000 0.033000
1496402201091267321	1400 67 1.200000 0.123000 0.156000 1800 51 1.200000 3.037000 3.668000 600 56 0.900000 0.083000 0.082000 1.200000 0.027000 0.032000
1496402201600332748	1400 67 1.200000 0.121000 0.153000 1800 51 1.200000 3.034000 3.662000 600 56 0.900000 0.084000 0.083000 1.200000 0.026000 0.031000
1496402202109211925	1400 55 1.200000 0.119000 0.151000 1800 50 1.200000 2.390000 2.875000 600 54 0.900000 0.084000 0.083000 1.200000 0.016000 0.019000
1496402202617926978	1400 49 1.200000 0.108000 0.137000 1800 47 1.100000 0.469000 0.560000 600 50 0.900000 0.081000 0.080000 1.200000 0.003000 0.003000
