#Timestamp	Benchmark	CPU(4) Frequency(MHz)	CPU(4) Temperature(C)	A15 Voltage(V)	A15 Current(A)	A15 Power(W)	CPU_CYCLES	L1I_CACHE_REFILL	L1I_TLB_REFILL	L1D_CACHE_ACCESS	L1D_TLB_REFILL	INST_RETIRED	EXCEPTION_TAKEN
1496374351125385275	parsec.dedup	1400	41	1.000000	0.322000	0.346000	497127234	5308740	1561064	113331511	1804927	225348306	25257
1496374351635502575	parsec.dedup	1400	41	1.000000	0.822000	0.871000	773192472	8523786	2521175	170290038	2865658	332457205	40915
1496374352145520001	parsec.dedup	1400	41	1.000000	0.818000	0.867000	771840557	8387762	2493804	173515285	2838725	344325126	40351
1496374352655364510	parsec.dedup	1400	41	1.000000	0.830000	0.879000	719301269	3448285	2641976	188291406	3342611	271306620	29156
1496374353165238103	parsec.dedup	1400	41	1.000000	0.821000	0.870000	933963112	4066967	2736748	218893999	3895243	340996600	31585
1496374353675343695	parsec.dedup	1400	41	1.000000	0.803000	0.851000	998385069	3692877	1997494	352050273	2846292	797732042	30378
1496374354185227079	parsec.dedup	1400	41	1.000000	0.897000	0.950000	1333548384	3914304	1851056	575280739	2470444	1469092929	23099
1496374354694530797	parsec.dedup	1400	42	1.000000	1.443000	1.532000	1334878997	3161119	1207379	677062851	1786414	1869323958	15487
1496374355203788891	parsec.dedup	1400	42	1.000000	1.523000	1.618000	1290361776	4310636	1603012	617297571	2428249	1694744310	17436
1496374355713414942	parsec.dedup	1400	43	1.000000	1.526000	1.620000	1313260155	3701630	1367667	653730865	2236353	1855217991	15186
1496374356223008868	parsec.dedup	1400	43	1.000000	1.510000	1.603000	1341144113	4884671	1843234	624476520	3304790	1653129766	21699
1496374356732375628	parsec.dedup	1400	43	1.000000	1.504000	1.597000	1331097214	5444569	2071869	603085196	3998602	1500851674	25146
1496374357241925179	parsec.dedup	1400	43	1.000000	1.501000	1.594000	1394208424	6543243	2735125	560101125	6056916	1076789259	40077
1496374357751443939	parsec.dedup	1400	43	1.000000	1.463000	1.553000	1394726905	6492076	2716240	563235417	6018138	1082616704	39845
1496374358261047323	parsec.dedup	1400	43	1.000000	1.448000	1.537000	1394220254	6532771	2627590	550454047	3809224	1159274058	25553
1496374358770518083	parsec.dedup	1400	43	1.000000	1.470000	1.561000	1402174699	6611433	2530936	578522420	2592970	1259656608	14725
1496374359279604927	parsec.dedup	1400	43	1.000000	1.502000	1.595000	1402108120	2316556	809846	658645802	1412159	1493411183	4673
1496374359788603104	parsec.dedup	1400	43	1.000000	1.573000	1.670000	1401960134	2291787	789956	651846657	1221227	1500389126	4528
1496374360297658114	parsec.dedup	1400	43	1.000000	1.581000	1.679000	1401788790	2259724	780705	652182605	1163599	1508273369	4491
1496374360806766416	parsec.dedup	1400	43	1.000000	1.581000	1.679000	1401751928	2096479	725122	643385960	1009315	1521508130	4400
1496374361315708385	parsec.dedup	1400	43	1.000000	1.557000	1.653000	1401788354	1989422	752278	576563824	938322	1494003451	6310
1496374361824816603	parsec.dedup	1400	43	1.000000	1.517000	1.611000	1402200656	2779485	1162788	558349402	1318597	1432797919	10726
1496374362333911863	parsec.dedup	1400	43	1.000000	1.494000	1.586000	1401793902	2414493	959090	564439557	1095171	1481463751	8557
1496374362843250165	parsec.dedup	1400	43	1.000000	1.525000	1.619000	1401854312	2646141	1070080	558715186	1203697	1456100663	9646
1496374363352337009	parsec.dedup	1400	43	1.000000	1.514000	1.607000	1401788209	2077648	801205	565931957	927489	1482151649	6892
1496374363861389144	parsec.dedup	1400	43	1.000000	1.521000	1.615000	1401773003	2164049	844659	569299832	969377	1487532151	7247
1496374364370442863	parsec.dedup	1400	43	1.000000	1.517000	1.611000	1401758204	2399277	951774	556985544	1062577	1470102457	8154
1496374364879431956	parsec.dedup	1400	43	1.000000	1.514000	1.607000	1401777548	2307221	918099	559573411	1197855	1462490321	8077
1496374365388622591	parsec.dedup	1400	43	1.000000	1.526000	1.620000	1401823396	3378166	1524257	540809784	1701284	1401765572	11306
1496374365897949018	parsec.dedup	1400	43	1.000000	1.483000	1.574000	1402076220	3526492	1581510	542923665	1743485	1399301919	11677
1496374366408197193	parsec.dedup	1400	43	1.000000	1.500000	1.593000	1401798613	4522792	2156976	516603620	2309277	1284702014	16261
1496374366917906369	parsec.dedup	1400	43	1.000000	1.465000	1.555000	1402171388	4253843	1987659	529598954	2153051	1348444019	14967
1496374367427198421	parsec.dedup	1400	43	1.000000	1.473000	1.564000	1402066811	4204911	1948067	526300431	2084515	1339302372	14620
1496374367936429848	parsec.dedup	1400	43	1.000000	1.470000	1.561000	1307788165	4723334	2350888	455379981	2662625	1120111024	17178
1496374368445923441	parsec.dedup	1400	42	1.000000	0.902000	0.956000	712976194	8774646	4438877	139902577	4346116	254454514	34065
1496374368955244701	parsec.dedup	1400	42	1.000000	0.772000	0.818000	713175660	8815844	4404856	140039946	4336290	255573359	33410
1496374369464925502	parsec.dedup	1400	41	1.000000	0.915000	0.969000	876305360	8609685	4565368	172577554	4731777	299171733	32585
1496374369974791053	parsec.facesim	1400	41	1.000000	0.736000	0.780000	502951246	2655120	948323	102096015	1729293	220314668	11149
1496374370485390852	parsec.facesim	1400	41	1.000000	0.736000	0.780000	774199145	8592317	2535911	167403806	2874301	323144118	41100
1496374370995785694	parsec.facesim	1400	41	1.000000	0.826000	0.875000	773048477	8455087	2501633	171879984	2857635	338084422	40530
1496374371505996745	parsec.facesim	1400	41	1.000000	0.832000	0.881000	771400612	8325215	2472744	175768294	2834364	352381361	40025
1496374372015618421	parsec.facesim	1400	41	1.000000	0.830000	0.879000	763257117	4222021	1420512	254361899	1691480	577425825	21059
1496374372525035722	parsec.facesim	1400	40	1.000000	0.945000	1.001000	706470582	1112371	749186	281135196	1105681	722903251	10289
1496374373034420982	parsec.facesim	1400	40	1.000000	0.919000	0.974000	707761113	1471780	879651	155141850	1526534	389833608	14603
1496374373543758117	parsec.facesim	1400	40	1.000000	0.819000	0.866000	704413036	672858	316013	121444729	1170315	362764512	4243
1496374374052944919	parsec.facesim	1400	40	1.000000	0.743000	0.787000	702500051	91224	60106	161486686	758515	442443724	279
1496374374562392178	parsec.facesim	1400	40	1.000000	0.771000	0.815000	703395981	565043	213900	124978880	988389	395041401	2083
1496374375071769563	parsec.facesim	1400	40	1.000000	0.784000	0.829000	704196919	486121	255493	124037236	1379370	316227234	2798
1496374375581128990	parsec.facesim	1400	40	1.000000	0.793000	0.838000	704622574	757997	463312	156611995	1379899	366751131	6415
1496374376090351792	parsec.facesim	1400	40	1.000000	0.765000	0.809000	704505915	594378	368275	136194329	1125494	328548437	5216
1496374376599524093	parsec.facesim	1400	40	1.000000	0.759000	0.803000	704428433	569420	347795	135989463	1109374	329268668	5015
1496374377108895853	parsec.facesim	1400	40	1.000000	0.766000	0.810000	704115261	506434	307665	133378622	1086045	321767677	4300
1496374377618254155	parsec.facesim	1400	39	1.000000	0.758000	0.801000	704059971	466268	274045	149193234	848328	473511644	4318
1496374378127595998	parsec.facesim	1400	40	1.000000	0.831000	0.880000	702887008	103801	42061	430825106	578979	819794746	324
1496374378636731300	parsec.facesim	1400	40	1.000000	1.270000	1.347000	702723835	121276	57514	906011796	1222805	1182478130	611
1496374379146035351	parsec.facesim	1400	40	1.000000	0.833000	0.882000	702876167	156684	76455	171269385	384759	624036060	725
1496374379655346361	parsec.facesim	1400	40	1.000000	0.791000	0.836000	945526554	4786784	1505291	374961715	5624284	663163817	25762
1496374380164596871	parsec.facesim	1400	41	1.000000	1.542000	1.636000	1401982373	7681476	50374	706890283	11239193	1356488504	223
1496374380673710673	parsec.facesim	1400	41	1.000000	1.553000	1.649000	1186952609	6008755	78617	598005261	8734796	1163487374	737
1496374381183025683	parsec.facesim	1400	41	1.000000	1.158000	1.228000	1377598349	11560868	54241	625297844	9999588	1260273240	278
1496374381692262110	parsec.facesim	1400	42	1.000000	1.512000	1.605000	1401976228	12203048	49225	645297615	10437750	1297470150	225
1496374382201703286	parsec.facesim	1400	42	1.000000	1.514000	1.607000	1371335423	263504	101509	355536260	408242	730086302	747
1496374382711264004	parsec.facesim	1400	42	1.000000	1.315000	1.395000	1359671320	249583	97468	350311290	399967	720294469	713
1496374383220825014	parsec.facesim	1400	42	1.000000	1.328000	1.409000	1366800922	260790	99604	356510287	409603	733516271	738
1496374383730483815	parsec.facesim	1400	42	1.000000	1.329000	1.410000	1374682634	246754	95457	352131322	400440	724225474	697
1496374384240069366	parsec.facesim	1400	42	1.000000	1.313000	1.393000	1365549734	262444	102337	351859673	403453	723547887	730
1496374384749565543	parsec.facesim	1400	43	1.000000	1.327000	1.407000	1376826469	254324	99125	358124159	409351	736506515	722
1496374385258847678	parsec.facesim	1400	43	1.000000	1.315000	1.395000	1370209626	262510	101674	353255596	405235	725547291	727
1496374385768290687	parsec.facesim	1400	43	1.000000	1.332000	1.413000	1384840079	243610	95581	360906860	407241	742837930	677
1496374386277762280	parsec.facesim	1400	43	1.000000	1.350000	1.432000	1364797522	262260	102540	354159872	405839	728420066	738
1496374386787403457	parsec.facesim	1400	43	1.000000	1.334000	1.415000	1386879674	266209	103835	357315365	410841	733735150	760
1496374387297016383	parsec.facesim	1400	43	1.000000	1.340000	1.421000	1374641376	942181	101569	370193183	1012971	755752876	726
1496374387806308684	parsec.facesim	1400	43	1.000000	1.326000	1.406000	1401980708	11786665	49157	633701142	10580399	1291490013	231
1496374388315453986	parsec.facesim	1400	43	1.000000	1.516000	1.609000	1402163624	12063473	49502	646138448	10557698	1310150391	229
1496374388824700621	parsec.facesim	1400	43	1.000000	1.527000	1.621000	1189858812	5255815	74143	487508671	7910908	1058949593	326
1496374389334141881	parsec.facesim	1400	42	1.000000	1.184000	1.256000	707649525	2444120	944336	290814019	1223510	630226772	1856
1496374389843619516	parsec.facesim	1400	42	1.000000	0.827000	0.874000	498032033	942804	285900	93235782	1106747	236788718	3885
1496374390353624900	parsec.freqmine	1400	41	1.000000	0.757000	0.800000	775012804	8619651	2529423	167405571	2865543	322237762	41147
1496374390863577492	parsec.freqmine	1400	41	1.000000	0.825000	0.872000	772886736	8476670	2504237	171546263	2848072	336544272	40648
1496374391373606043	parsec.freqmine	1400	41	1.000000	0.823000	0.870000	771707517	8335487	2494148	175355457	2834383	351604293	40206
1496374391884065009	parsec.freqmine	1400	41	1.000000	0.831000	0.879000	767786893	4725098	1424101	128656514	1671200	269628655	22560
1496374392393404603	parsec.freqmine	1400	40	1.000000	0.825000	0.872000	703107554	194613	101092	68414805	177005	164546454	1108
1496374392902606321	parsec.freqmine	1400	40	1.000000	0.662000	0.699000	702539567	197266	102048	68487964	181698	164573617	1154
1496374393411764873	parsec.freqmine	1400	40	1.000000	0.662000	0.699000	702661299	192286	100244	68355594	175532	164529290	1101
1496374393921022675	parsec.freqmine	1400	39	1.000000	0.661000	0.699000	702796551	192803	98386	68318431	173525	164389798	1096
1496374394430101310	parsec.freqmine	1400	39	1.000000	0.661000	0.699000	702425130	188715	97603	68300604	173980	164374729	1097
1496374394939240695	parsec.freqmine	1400	39	1.000000	0.661000	0.699000	702801422	186802	96382	68324839	176629	164469648	1102
1496374395448272830	parsec.freqmine	1400	39	1.000000	0.659000	0.697000	703018366	192214	98970	68343277	177806	164506677	1101
1496374395957385882	parsec.freqmine	1400	39	1.000000	0.660000	0.697000	702735020	187041	96786	68353694	175983	164482622	1103
1496374396466650850	parsec.freqmine	1400	39	1.000000	0.660000	0.698000	702774806	189133	97041	68349924	174804	164457055	1105
1496374396975720569	parsec.freqmine	1400	39	1.000000	0.659000	0.697000	703084116	191038	98238	68409638	176442	164538293	1109
1496374397484959079	parsec.freqmine	1400	39	1.000000	0.660000	0.698000	702800592	189969	97986	68309603	176963	164459149	1103
1496374397994193714	parsec.freqmine	1400	38	1.000000	0.660000	0.698000	702849964	186860	96306	68355455	177310	164534297	1107
1496374398503228974	parsec.freqmine	1400	38	1.000000	0.659000	0.697000	702998985	192289	97662	68339901	175525	164484462	1103
1496374399012401110	parsec.freqmine	1400	38	1.000000	0.660000	0.698000	702816916	188495	97123	68357717	175076	164542079	1107
1496374399521645661	parsec.freqmine	1400	38	1.000000	0.658000	0.696000	702857828	190966	99087	68330925	176333	164498651	1108
1496374400030810171	parsec.freqmine	1400	38	1.000000	0.660000	0.698000	703093169	189113	97239	68355040	175405	164507705	1108
1496374400540045807	parsec.freqmine	1400	38	1.000000	0.660000	0.698000	892135557	368161	206317	146418734	495840	671432689	2298
1496374401049264400	parsec.freqmine	1400	40	1.000000	0.659000	0.697000	1363376261	803236	480892	324736221	2707106	1794748833	5072
1496374401558925409	parsec.freqmine	1400	40	1.000000	1.544000	1.639000	1375816407	2442680	1550392	279790242	12837841	637335630	20521
1496374402068068170	parsec.freqmine	1400	40	1.000000	1.200000	1.273000	1401915224	219028	57245	731008621	1367114	1475333773	278
1496374402577298471	parsec.freqmine	1400	41	1.000000	1.577000	1.674000	1401898470	215391	51489	831679616	1270975	1568726995	236
1496374403086507523	parsec.freqmine	1400	41	1.000000	1.592000	1.690000	1402056566	212875	50579	845720697	1278484	1582116630	233
1496374403595623367	parsec.freqmine	1400	41	1.000000	1.599000	1.698000	1401910536	212029	49974	861787528	1156043	1614022887	230
1496374404104796127	parsec.freqmine	1400	42	1.000000	1.611000	1.712000	1401902292	203581	47008	872132531	1128103	1621993319	226
1496374404614042762	parsec.freqmine	1400	42	1.000000	1.610000	1.711000	1401895704	206698	49075	868521148	1211301	1613292847	227
1496374405123128730	parsec.freqmine	1400	42	1.000000	1.603000	1.702000	1401913945	210275	49860	857542092	1221776	1599757969	230
1496374405632246740	parsec.freqmine	1400	42	1.000000	1.605000	1.704000	1401872365	209798	49406	863203424	1209984	1608241721	227
1496374406141376459	parsec.freqmine	1400	42	1.000000	1.596000	1.694000	1401901218	207047	48495	857946061	1283271	1600072392	229
1496374406650534594	parsec.freqmine	1400	42	1.000000	1.608000	1.707000	1402133590	209858	49466	869746914	1273632	1611518615	228
1496374407159670896	parsec.freqmine	1400	42	1.000000	1.608000	1.707000	1401898912	209157	48243	849485677	1397499	1577769253	223
1496374407669067614	parsec.freqmine	1400	42	1.000000	1.597000	1.696000	1402117892	208864	48982	853251549	1366472	1588847597	227
1496374408178233749	parsec.freqmine	1400	42	1.000000	1.596000	1.694000	1401903806	208048	48447	850287990	1337541	1588028207	230
1496374408687389259	parsec.freqmine	1400	43	1.000000	1.606000	1.705000	1401903062	207983	48587	867775057	1393675	1602227516	226
1496374409196620686	parsec.freqmine	1400	43	1.000000	1.610000	1.709000	1401914018	205064	47285	850747663	1490534	1579692810	226
1496374409706144487	parsec.freqmine	1400	42	1.000000	1.607000	1.706000	1401880064	188075	49900	823658807	1523314	1554894693	231
1496374410215390664	parsec.freqmine	1400	42	1.000000	1.571000	1.668000	1399538935	191950	56996	583669221	1818884	1352887803	281
1496374410724672799	parsec.freqmine	1400	42	1.000000	1.385000	1.469000	1385391049	287622	105700	561926217	2154573	1228080476	1092
1496374411233791059	parsec.freqmine	1400	42	1.000000	1.377000	1.462000	1402101712	281001	123032	458868155	4201255	1122995351	1319
1496374411743326527	parsec.streamcluster	1400	42	1.000000	1.433000	1.521000	652292297	7060534	2074444	147348495	2369855	291579855	33492
1496374412253564286	parsec.streamcluster	1400	41	1.000000	0.554000	0.590000	773199136	8524618	2512285	170575060	2840964	333811187	40747
1496374412763745503	parsec.streamcluster	1400	41	1.000000	0.824000	0.871000	772284992	8392350	2492234	174273302	2817184	347178770	40185
1496374413274005262	parsec.streamcluster	1400	41	1.000000	0.826000	0.875000	829645525	6827126	2099127	239883276	2547388	495121006	33523
1496374413783656729	parsec.streamcluster	1400	41	1.000000	0.839000	0.889000	1395905322	159809	67016	455599976	1751230	1048516863	831
1496374414293085323	parsec.streamcluster	1400	42	1.000000	1.257000	1.333000	1402205989	136944	58391	461644393	1752211	1058569906	886
1496374414802665790	parsec.streamcluster	1400	42	1.000000	1.554000	1.650000	1402244823	132337	57327	461845854	1751968	1058807376	877
1496374415312057759	parsec.streamcluster	1400	43	1.000000	1.556000	1.652000	1402192114	133750	58933	461530147	1752834	1058512733	852
1496374415821597935	parsec.streamcluster	1400	43	1.000000	1.557000	1.653000	1402511654	132860	57516	461815916	1753122	1058928582	832
1496374416331082236	parsec.streamcluster	1400	43	1.000000	1.557000	1.653000	1402172260	133568	58551	461696538	1753087	1058891510	870
1496374416840452746	parsec.streamcluster	1400	43	1.000000	1.557000	1.653000	1402191445	132831	56922	459178224	1755175	1056925487	824
1496374417349924006	parsec.streamcluster	1400	43	1.000000	1.561000	1.657000	1402211631	132801	58863	458398623	1758047	1056657848	858
1496374417859374932	parsec.streamcluster	1400	44	1.000000	1.561000	1.657000	1401972101	129105	57277	458275768	1757132	1057400859	827
1496374418368744359	parsec.streamcluster	1400	44	1.000000	1.559000	1.655000	1402008657	133499	59393	458034379	1760800	1057776591	852
1496374418878126285	parsec.streamcluster	1400	44	1.000000	1.559000	1.655000	1402154568	130893	57716	457615367	1790360	1057843448	822
1496374419387629837	parsec.streamcluster	1400	44	1.000000	1.557000	1.653000	1402180582	135247	59184	457372902	1794255	1057414110	865
1496374419897301554	parsec.streamcluster	1400	44	1.000000	1.556000	1.652000	1402244060	130757	58181	456978308	1957608	1057431793	828
1496374420406830481	parsec.streamcluster	1400	44	1.000000	1.553000	1.649000	1402218549	132663	57897	456882476	1967435	1057382408	843
1496374420916306282	parsec.streamcluster	1400	44	1.000000	1.553000	1.649000	1402192840	129955	58337	456829561	1966673	1057407375	823
1496374421425717542	parsec.streamcluster	1400	44	1.000000	1.553000	1.649000	1402182871	132336	58616	456875489	1961003	1057491993	860
1496374421935215677	parsec.streamcluster	1400	44	1.000000	1.552000	1.648000	1402162864	131121	59135	455762452	1988767	1055198217	862
1496374422444708853	parsec.streamcluster	1400	44	1.000000	1.552000	1.648000	1402537296	133919	59590	455809554	2004733	1055359924	847
1496374422954162904	parsec.streamcluster	1400	44	1.000000	1.552000	1.648000	1402201678	128544	57631	455815948	1996171	1055401609	836
1496374423463500581	parsec.streamcluster	1400	44	1.000000	1.552000	1.648000	1103928914	523466	177985	355496785	1663558	818713779	2335
1496374423973518298	splash2x.barnes	1400	43	1.000000	1.552000	1.648000	667446671	7199356	2112360	151128197	2429908	298656086	34210
1496374424483852098	splash2x.barnes	1400	43	1.000000	0.823000	0.870000	773396378	8507000	2507151	170564551	2853661	333333942	40759
1496374424993842649	splash2x.barnes	1400	42	1.000000	0.814000	0.862000	772592202	8364367	2481410	174738829	2822314	347952480	40171
1496374425504101824	splash2x.barnes	1400	42	1.000000	0.830000	0.878000	789762790	6948755	2097228	182528531	2603868	401269382	33562
1496374426013538043	splash2x.barnes	1400	41	1.000000	0.881000	0.933000	1113947661	1310708	674521	195168926	3209311	465703876	9293
1496374426522826053	splash2x.barnes	1400	42	1.000000	1.321000	1.401000	1402148792	105791	51312	490581858	7221182	1024342875	231
1496374427032071646	splash2x.barnes	1400	42	1.000000	1.557000	1.653000	1402258268	100730	61271	491902562	6329108	1026729131	228
1496374427541319281	splash2x.barnes	1400	42	1.000000	1.563000	1.659000	1401917560	102470	62088	492214914	6070227	1026185406	229
1496374428050468874	splash2x.barnes	1400	43	1.000000	1.564000	1.660000	1401912090	100222	56151	492407162	6033279	1027344212	225
1496374428559811718	splash2x.barnes	1400	43	1.000000	1.563000	1.659000	1401936550	101797	55807	492025787	6196330	1027386202	228
1496374429069127686	splash2x.barnes	1400	43	1.000000	1.565000	1.662000	1401941448	101292	54489	491396276	6421798	1026539721	227
1496374429578358863	splash2x.barnes	1400	43	1.000000	1.565000	1.662000	1401952784	102778	58500	491314245	6534398	1028837132	229
1496374430087735289	splash2x.barnes	1400	43	1.000000	1.565000	1.662000	1402274132	102516	69934	490013136	7421541	1023815920	227
1496374430596937049	splash2x.barnes	1400	43	1.000000	1.556000	1.652000	1402122992	105601	70364	490125310	7518701	1023277714	232
1496374431106169268	splash2x.barnes	1400	43	1.000000	1.559000	1.655000	1232173027	165992	83162	393146941	6031876	832046653	771
1496374431615269194	splash2x.barnes	1400	43	1.000000	1.366000	1.449000	1378535627	272504	116897	407442606	4148841	890549811	1162
1496374432124403371	splash2x.barnes	1400	43	1.000000	1.554000	1.650000	1402338632	100863	50867	491535368	4757128	1024870234	230
1496374432633621131	splash2x.barnes	1400	43	1.000000	1.563000	1.659000	1402127264	101265	49729	490870249	5053073	1022828660	227
1496374433142950100	splash2x.barnes	1400	43	1.000000	1.562000	1.658000	1402130208	97215	45628	491177185	5082541	1023510924	225
1496374433652168610	splash2x.barnes	1400	43	1.000000	1.563000	1.659000	1402129804	101681	50705	490919917	4956352	1023850769	228
1496374434161451120	splash2x.barnes	1400	43	1.000000	1.564000	1.660000	1402119464	99620	54257	491185954	5004154	1024903551	227
1496374434670665005	splash2x.barnes	1400	43	1.000000	1.564000	1.660000	1402120630	104443	53790	490899974	4887850	1026156026	231
1496374435180057973	splash2x.barnes	1400	43	1.000000	1.561000	1.657000	1402101276	101144	62711	490902362	4536005	1025285937	230
1496374435689328983	splash2x.barnes	1400	43	1.000000	1.554000	1.650000	1402315576	103494	59589	491259048	4654003	1024614971	229
1496374436198486660	splash2x.barnes	1400	43	1.000000	1.551000	1.647000	1394657640	100137	54352	476331412	4742416	993797862	227
1496374436707727045	splash2x.barnes	1400	43	1.000000	1.372000	1.455000	1099971704	302052	132746	285736561	3065981	648947327	1420
1496374437216964721	splash2x.barnes	1400	43	1.000000	1.457000	1.547000	1401981704	102070	48279	492676300	4770656	1027823722	227
1496374437726212606	splash2x.barnes	1400	43	1.000000	1.560000	1.656000	1401974066	103568	44948	491867391	5034966	1026465238	229
1496374438235393992	splash2x.barnes	1400	43	1.000000	1.562000	1.658000	1401967418	98948	42878	491881225	5279023	1024949321	226
1496374438744699418	splash2x.barnes	1400	43	1.000000	1.564000	1.660000	1402192319	103820	50154	492106195	5189005	1026800542	231
1496374439253804512	splash2x.barnes	1400	43	1.000000	1.564000	1.660000	1401999817	100038	47550	491938032	5119060	1026548158	224
1496374439763005855	splash2x.barnes	1400	43	1.000000	1.564000	1.660000	1401956480	101952	47916	492085650	4927201	1028372970	225
1496374440272328073	splash2x.barnes	1400	43	1.000000	1.563000	1.659000	1401969012	100740	52368	491747237	4832949	1028792547	223
1496374440781559709	splash2x.barnes	1400	43	1.000000	1.557000	1.653000	1402198524	104289	52952	492450491	4633811	1028835750	226
1496374441290666510	splash2x.barnes	1400	43	1.000000	1.555000	1.651000	1143888334	258478	104312	335734688	3361052	735328733	1039
1496374441800211437	splash2x.barnes	1400	42	1.000000	1.541000	1.636000	1376059518	178680	79853	434891016	4591939	925332771	679
1496374442309478280	splash2x.barnes	1400	43	1.000000	1.405000	1.492000	1402469960	101297	50458	492601919	4857898	1028093128	232
1496374442818640165	splash2x.barnes	1400	43	1.000000	1.560000	1.656000	1402136912	99950	48829	492245856	5208575	1025566034	227
1496374443327848884	splash2x.barnes	1400	43	1.000000	1.563000	1.659000	1402232072	103348	51315	492320627	5242175	1026611014	227
1496374443837371393	splash2x.barnes	1400	43	1.000000	1.563000	1.659000	1402173172	99122	50809	492529128	5090718	1027473547	226
1496374444346727986	splash2x.barnes	1400	43	1.000000	1.565000	1.662000	1402219536	103531	48444	492349671	5056258	1028158773	229
1496374444856079538	splash2x.barnes	1400	43	1.000000	1.565000	1.662000	1402625552	101141	53926	492315067	4922934	1029987997	229
1496374445365214465	splash2x.barnes	1400	43	1.000000	1.563000	1.659000	1402215236	101764	61300	492516248	4610949	1028903643	229
1496374445874447017	splash2x.barnes	1400	43	1.000000	1.555000	1.651000	1402372792	100179	58280	492732220	4782972	1028795569	227
1496374446383795568	splash2x.barnes	1400	43	1.000000	1.553000	1.649000	1300608514	99670	54426	443293859	4443197	925570374	218
1496374446893072578	splash2x.barnes	1400	42	1.000000	1.554000	1.650000	516797489	3392435	1009557	124069391	1754894	256657519	15953
1496374447403326795	splash2x.fmm	1400	42	1.000000	0.530000	0.564000	773325265	8555105	2532858	169014358	2884945	328425054	41153
1496374447913251804	splash2x.fmm	1400	41	1.000000	0.823000	0.872000	772536989	8423419	2503240	172512150	2858909	340926515	40594
1496374448423293896	splash2x.fmm	1400	41	1.000000	0.814000	0.862000	771953102	8260185	2465004	176330301	2829910	356168175	39707
1496374448933883030	splash2x.fmm	1400	41	1.000000	0.828000	0.877000	753004162	2853064	890211	121635339	1343245	294596475	13856
1496374449443445331	splash2x.fmm	1400	41	1.000000	0.757000	0.800000	1037742484	3749780	3181404	195034206	3974093	356231081	40411
1496374449953345007	splash2x.fmm	1400	41	1.000000	0.858000	0.907000	797336693	2915825	2093782	156195339	4637884	275335260	31428
1496374450462617100	splash2x.fmm	1400	40	1.000000	0.792000	0.837000	1115875751	103537	46290	196928759	6126864	739741057	229
1496374450971781860	splash2x.fmm	1400	41	1.000000	1.171000	1.242000	1402133748	125609	44047	259484590	8422858	1143408765	230
1496374451481096412	splash2x.fmm	1400	41	1.000000	1.383000	1.467000	1402284024	127900	45647	271979723	7331666	1201254764	228
1496374451990170880	splash2x.fmm	1400	42	1.000000	1.410000	1.497000	1402105952	125033	44344	265984757	8021064	1174452414	227
1496374452499316890	splash2x.fmm	1400	42	1.000000	1.417000	1.504000	1402133580	118692	42870	342330922	3233267	1531033432	224
1496374453008603317	splash2x.fmm	1400	42	1.000000	1.485000	1.577000	1389329786	134292	60077	235150880	4776677	858523669	445
1496374453517787036	splash2x.fmm	1400	42	1.000000	1.223000	1.297000	1402149558	128612	45482	255307361	9042383	1125664703	225
1496374454026922212	splash2x.fmm	1400	42	1.000000	1.374000	1.457000	1402105626	124971	43658	268904835	7610450	1187863670	223
1496374454536046223	splash2x.fmm	1400	42	1.000000	1.421000	1.509000	1402324148	130880	46218	273201315	7167699	1206499605	230
1496374455045297691	splash2x.fmm	1400	42	1.000000	1.421000	1.507000	1402109928	121528	43455	302734495	5700225	1345858542	223
1496374455554630659	splash2x.fmm	1400	42	1.000000	1.511000	1.604000	1374488877	131039	51186	270572358	3470878	1116020659	258
1496374456063868794	splash2x.fmm	1400	42	1.000000	1.213000	1.286000	1401928869	132329	48362	260412617	7383986	1061104115	311
1496374456572997388	splash2x.fmm	1400	42	1.000000	1.383000	1.467000	1401938380	128357	46567	264691558	8126440	1168843751	228
1496374457082191940	splash2x.fmm	1400	42	1.000000	1.413000	1.500000	1401933048	126629	45694	267892543	7666085	1181179811	226
1496374457591336325	splash2x.fmm	1400	42	1.000000	1.406000	1.491000	1401903544	124486	45189	263261211	8243728	1162280033	228
1496374458100561210	splash2x.fmm	1400	42	1.000000	1.554000	1.650000	1379341031	119039	43076	335747242	819237	1494339205	237
1496374458610095469	splash2x.fmm	1400	42	1.000000	1.457000	1.545000	1399891676	142953	54825	234191671	7812349	864394673	315
1496374459119500979	splash2x.fmm	1400	42	1.000000	1.379000	1.464000	1401936694	126156	45953	261109934	8270754	1150877642	227
1496374459628669531	splash2x.fmm	1400	42	1.000000	1.422000	1.508000	1401936908	125879	44565	270102331	7416214	1191815400	228
1496374460137853958	splash2x.fmm	1400	42	1.000000	1.413000	1.499000	1401909380	124535	44745	266785438	7884596	1178014461	227
1496374460647055260	splash2x.fmm	1400	43	1.000000	1.422000	1.508000	1401915388	122916	43887	349755736	2891345	1565754482	229
1496374461156450019	splash2x.fmm	1400	42	1.000000	1.594000	1.692000	1369309823	138183	51423	222963013	5267265	805842567	316
1496374461665599488	splash2x.fmm	1400	42	1.000000	1.280000	1.358000	1402318176	129871	46159	257066933	8787875	1133181274	231
1496374462174751040	splash2x.fmm	1400	42	1.000000	1.387000	1.471000	1401912284	122719	44584	267107266	7901869	1179420691	227
1496374462683891092	splash2x.fmm	1400	43	1.000000	1.423000	1.509000	1401921872	130558	45634	268294668	7701687	1183576512	231
1496374463193018893	splash2x.fmm	1400	42	1.000000	1.405000	1.492000	1401921408	123451	44426	308982243	5439309	1375254686	226
1496374463702460945	splash2x.fmm	1400	43	1.000000	1.613000	1.714000	1183330162	327253	104966	242789648	1550267	969235055	834
1496374464212660579	splash2x.radiosity	1400	42	1.000000	0.534000	0.568000	532215908	5658130	1675183	120278009	1926140	238755102	26746
1496374464722633296	splash2x.radiosity	1400	41	1.000000	0.824000	0.871000	773272284	8521451	2514625	169997922	2853917	331461686	40761
1496374465232672138	splash2x.radiosity	1400	41	1.000000	0.839000	0.887000	772552812	8382121	2472620	173689517	2826678	344746046	40210
1496374465742991522	splash2x.radiosity	1400	41	1.000000	0.828000	0.876000	797452516	8393898	2509827	179627715	2917633	356111351	40841
1496374466252872281	splash2x.radiosity	1400	40	1.000000	0.843000	0.891000	715833128	3346771	2080754	171592416	2952752	327504619	36858
1496374466762810373	splash2x.radiosity	1400	40	1.000000	0.808000	0.854000	716098057	3752451	2222922	180749093	3269539	306904862	41297
1496374467272643174	splash2x.radiosity	1400	40	1.000000	0.793000	0.838000	710060871	3675078	1630327	196676681	2346675	334586596	50990
1496374467782910016	splash2x.radiosity	1400	40	1.000000	0.784000	0.829000	704996275	1354111	554277	90946490	820043	164981652	18722
1496374468292102860	splash2x.radiosity	1400	41	1.000000	1.028000	1.089000	1231405667	1044664	408505	415120285	1348298	1189457090	13852
1496374468801130078	splash2x.radiosity	1400	41	1.000000	1.676000	1.779000	1401872783	201615	117308	508309452	1550422	1583789250	310
1496374469310057589	splash2x.radiosity	1400	42	1.000000	1.671000	1.776000	1401912963	198056	115899	508963410	1533132	1583495067	297
1496374469819053974	splash2x.radiosity	1400	42	1.000000	1.672000	1.775000	1401902740	214298	87209	531926800	1401358	1597214757	436
1496374470327973235	splash2x.radiosity	1400	42	1.000000	1.644000	1.745000	1401877420	219572	95088	530443839	1275352	1559180789	430
1496374470836949620	splash2x.radiosity	1400	42	1.000000	1.656000	1.758000	1401912481	228877	97859	532955359	1395524	1551367139	572
1496374471346081630	splash2x.radiosity	1400	42	1.000000	1.643000	1.744000	1401960528	201962	82842	538080370	1284682	1577384837	507
1496374471855151849	splash2x.radiosity	1400	42	1.000000	1.639000	1.740000	1402229817	214673	76825	526970340	1413522	1603790317	426
1496374472364142942	splash2x.radiosity	1400	43	1.000000	1.638000	1.741000	1401880060	221014	76670	535039022	1316938	1589131379	474
1496374472873056495	splash2x.radiosity	1400	43	1.000000	1.628000	1.728000	1401922523	231542	88786	528108016	1160313	1549094904	652
1496374473382082172	splash2x.radiosity	1400	43	1.000000	1.615000	1.715000	1401890735	243961	84063	531771441	1213919	1512658818	764
1496374473891168265	splash2x.radiosity	1400	43	1.000000	1.612000	1.711000	1401933092	231482	81551	526577846	1339951	1532371524	588
1496374474400154901	splash2x.radiosity	1400	43	1.000000	1.604000	1.703000	1401938267	251035	91760	528877935	1196220	1501250278	855
1496374474909400077	splash2x.radiosity	1400	43	1.000000	1.619000	1.719000	1402014586	239405	85895	534764616	1230903	1516627450	717
1496374475418552796	splash2x.radiosity	1400	43	1.000000	1.629000	1.729000	1401966910	238884	90096	537507593	1233162	1537048795	646
1496374475927542723	splash2x.radiosity	1400	43	1.000000	1.629000	1.729000	1401796117	223340	87312	537684803	1219206	1595660661	544
1496374476436616483	splash2x.radiosity	1400	43	1.000000	1.638000	1.739000	1401780268	236088	86622	531300746	1068178	1545709519	620
1496374476945654493	splash2x.radiosity	1400	43	1.000000	1.610000	1.709000	1401808980	222182	70889	527641429	951926	1552355276	736
1496374477454670754	splash2x.radiosity	1400	43	1.000000	1.612000	1.711000	1401789669	237187	76746	529829979	896132	1544293838	894
1496374477963728014	splash2x.radiosity	1400	43	1.000000	1.606000	1.705000	1401644350	235440	78614	551291350	1228317	1513022566	670
1496374478472734399	splash2x.radiosity	1400	43	1.000000	1.603000	1.702000	1401785731	233329	81358	553839025	1357298	1428810900	687
1496374478981775868	splash2x.radiosity	1400	43	1.000000	1.602000	1.701000	1401795216	223646	84677	550385872	1307318	1502189206	696
1496374479490753003	splash2x.radiosity	1400	43	1.000000	1.618000	1.718000	1401950596	227603	85424	554836982	1302596	1515425005	772
1496374480000072347	splash2x.radiosity	1400	43	1.000000	1.615000	1.715000	1401803261	230421	89678	544956368	1414029	1514815324	791
1496374480509187982	splash2x.radiosity	1400	43	1.000000	1.601000	1.700000	1401747252	254896	93904	542549644	1394709	1512255517	964
1496374481018176326	splash2x.radiosity	1400	43	1.000000	1.599000	1.698000	1401826489	248447	98269	539368826	1368171	1513458304	869
1496374481527167461	splash2x.radiosity	1400	43	1.000000	1.621000	1.721000	1401832478	243647	93604	537914440	1506916	1518268437	708
1496374482036229555	splash2x.radiosity	1400	43	1.000000	1.618000	1.718000	1401800560	247758	94159	533754425	1370083	1548195177	837
1496374482545211690	splash2x.radiosity	1400	43	1.000000	1.616000	1.716000	1401786012	254019	92357	518598180	1204349	1555332541	860
1496374483054193659	splash2x.radiosity	1400	43	1.000000	1.606000	1.705000	1402050372	275685	89546	535448197	846288	1540323977	1308
1496374483563155336	splash2x.radiosity	1400	43	1.000000	1.594000	1.692000	1401632460	272526	95241	529261394	1328410	1457276072	1218
1496374484072167596	splash2x.radiosity	1400	43	1.000000	1.608000	1.707000	1401802388	281561	103433	523198410	1634462	1430641501	1084
1496374484581262481	splash2x.radiosity	1400	43	1.000000	1.593000	1.691000	1402016364	330999	110535	520358386	1493508	1448010103	1693
1496374485090318617	splash2x.radiosity	1400	43	1.000000	1.574000	1.671000	1401680158	311571	108343	510725326	1821767	1396901838	1261
1496374485599347210	splash2x.radiosity	1400	43	1.000000	1.563000	1.659000	1401855029	339347	111279	468534486	2235243	1281080144	1256
1496374486108558554	splash2x.radiosity	1400	43	1.000000	1.485000	1.577000	1401230275	307415	98935	322660417	4044507	822842130	927
1496374486617616814	splash2x.radiosity	1400	42	1.000000	1.225000	1.299000	909831991	140171	58304	198979485	1997481	557860549	835
1496374487126891741	splash2x.radiosity	1400	41	1.000000	0.729000	0.771000	702453049	61636	27118	180721197	1290681	546380109	129
1496374487636158584	splash2x.radiosity	1400	41	1.000000	0.727000	0.769000	703654618	126440	41588	176655941	1143918	506514226	150
1496374488145806343	splash2x.raytrace	1400	41	1.000000	0.751000	0.794000	512519146	2960116	872647	125415308	1343358	267623699	13535
1496374488656413685	splash2x.raytrace	1400	41	1.000000	0.646000	0.685000	773804372	8551451	2490512	168928769	2836350	326739882	40893
1496374489166778860	splash2x.raytrace	1400	40	1.000000	0.829000	0.877000	773646512	8411324	2454043	172804593	2813487	340346143	40308
1496374489677192035	splash2x.raytrace	1400	40	1.000000	0.812000	0.859000	771370078	8277546	2427363	176504543	2793306	354441519	39776
1496374490186521753	splash2x.raytrace	1400	41	1.000000	0.826000	0.873000	996563970	4485979	980450	274625518	2046826	722468265	15095
1496374490695655222	splash2x.raytrace	1400	41	1.000000	1.148000	1.216000	1401999284	194339	59386	396385453	2369955	958169439	452
1496374491204886357	splash2x.raytrace	1400	42	1.000000	1.711000	1.817000	1401998623	170158	54344	398010083	2373208	959297622	363
1496374491714047950	splash2x.raytrace	1400	42	1.000000	1.710000	1.816000	1401989588	171521	55023	401079600	2401690	967519987	411
1496374492223198794	splash2x.raytrace	1400	42	1.000000	1.713000	1.819000	1401977515	177339	58498	398917183	2314306	949083433	431
1496374492732409637	splash2x.raytrace	1400	42	1.000000	1.712000	1.818000	1401998931	185820	61542	399677329	2318804	941450528	439
1496374493241678981	splash2x.raytrace	1400	42	1.000000	1.718000	1.824000	1401990096	176619	59060	398365379	2298022	955697896	419
1496374493750956741	splash2x.raytrace	1400	43	1.000000	1.716000	1.824000	1402217035	188975	62903	402200277	2323994	962967319	488
1496374494260080293	splash2x.raytrace	1400	43	1.000000	1.721000	1.829000	1402172421	174981	58215	401410015	2317944	964332515	409
1496374494769314511	splash2x.raytrace	1400	43	1.000000	1.717000	1.823000	1401898735	180316	60938	399067873	2284630	949646342	399
1496374495278546813	splash2x.raytrace	1400	43	1.000000	1.715000	1.823000	1401940236	171455	56251	399394131	2254401	949411515	346
1496374495787749239	splash2x.raytrace	1400	43	1.000000	1.719000	1.825000	1401935032	172031	58288	397828193	2263923	953411350	404
1496374496296946791	splash2x.raytrace	1400	43	1.000000	1.720000	1.826000	1401931812	177391	58842	401675182	2276004	956994100	393
1496374496806314676	splash2x.raytrace	1400	43	1.000000	1.718000	1.826000	1401915777	178069	60144	399487213	2273852	951567422	393
1496374497315552811	splash2x.raytrace	1400	43	1.000000	1.721000	1.829000	1402133364	179985	62797	401916586	2277609	951420466	467
1496374497824713196	splash2x.raytrace	1400	43	1.000000	1.716000	1.824000	1401880655	175457	60645	402055500	2273239	959004549	420
1496374498333821665	splash2x.raytrace	1400	43	1.000000	1.716000	1.822000	1401922720	161969	55348	398282542	2230408	944930888	311
1496374498843025550	splash2x.raytrace	1400	43	1.000000	1.716000	1.822000	1401931007	162338	55201	398972990	2216689	940848063	294
1496374499352191893	splash2x.raytrace	1400	43	1.000000	1.722000	1.828000	1401933162	164256	54056	402133666	2242460	946865313	314
1496374499861383778	splash2x.raytrace	1400	43	1.000000	1.725000	1.833000	1401908349	176307	60255	403561876	2240051	948153862	368
1496374500370615872	splash2x.raytrace	1400	43	1.000000	1.726000	1.833000	1401901802	176472	58115	403565249	2230618	943946290	355
1496374500879955507	splash2x.raytrace	1400	43	1.000000	1.723000	1.829000	1401907532	170620	57583	400178540	2217863	944956712	365
1496374501389166600	splash2x.raytrace	1400	43	1.000000	1.721000	1.827000	1401908949	152731	57251	396830440	2181668	948712141	420
1496374501898323985	splash2x.raytrace	1400	43	1.000000	1.705000	1.810000	1402082355	161877	55002	399142469	2214345	944828477	317
1496374502407885412	splash2x.raytrace	1400	43	1.000000	1.716000	1.822000	1401874553	173022	57621	400588037	2223179	945248744	318
1496374502917221088	splash2x.raytrace	1400	43	1.000000	1.724000	1.832000	1401928688	173544	58506	402310905	2236386	943031544	373
1496374503426504640	splash2x.raytrace	1400	43	1.000000	1.718000	1.826000	1402128528	175893	58865	406243189	2246219	943116570	347
1496374503935673900	splash2x.raytrace	1400	43	1.000000	1.729000	1.837000	1402085343	176956	59226	402881173	2232810	939132690	382
1496374504444966660	splash2x.raytrace	1400	43	1.000000	1.722000	1.828000	1401926064	181441	63006	403512604	2238218	940107136	417
1496374504954118920	splash2x.raytrace	1400	43	1.000000	1.723000	1.831000	1401933232	172985	59231	398319801	2210544	946202283	424
1496374505463248097	splash2x.raytrace	1400	43	1.000000	1.717000	1.823000	1401932192	166884	55198	393977147	2193997	942117951	319
1496374505972478440	splash2x.raytrace	1400	43	1.000000	1.699000	1.804000	1401925761	170215	57778	401802807	2266801	948478853	362
1496374506481713450	splash2x.raytrace	1400	44	1.000000	1.722000	1.828000	1401926799	173994	57803	403805055	2271224	950415052	322
1496374506990951877	splash2x.raytrace	1400	44	1.000000	1.726000	1.833000	1401927116	169395	55817	405048263	2264577	944673203	315
1496374507500154970	splash2x.raytrace	1400	43	1.000000	1.731000	1.840000	1402118804	173827	57547	404406969	2270224	944197439	318
1496374508009386105	splash2x.raytrace	1400	43	1.000000	1.724000	1.830000	1401931688	173906	57005	403884880	2257290	942458105	344
1496374508518552907	splash2x.raytrace	1400	44	1.000000	1.722000	1.830000	1401943692	180337	62067	400468822	2221189	945587824	544
1496374509027844667	splash2x.raytrace	1400	44	1.000000	1.709000	1.814000	1401916065	176311	58828	402613224	2292084	955193560	401
1496374509537208760	splash2x.raytrace	1400	43	1.000000	1.717000	1.823000	1401917524	175153	57219	403502913	2272665	950912934	342
1496374510046617604	splash2x.raytrace	1400	44	1.000000	1.722000	1.830000	1401905963	172158	56296	403471285	2262774	950668089	333
1496374510555803489	splash2x.raytrace	1400	44	1.000000	1.724000	1.832000	1401941261	178530	60437	403785577	2263587	943838215	364
1496374511065068332	splash2x.raytrace	1400	44	1.000000	1.721000	1.829000	1402074139	168146	56015	406929324	2258159	952800276	280
1496374511574244675	splash2x.raytrace	1400	44	1.000000	1.728000	1.836000	1401916176	170843	57444	405211175	2206274	965299041	440
1496374512083388727	splash2x.raytrace	1400	44	1.000000	1.716000	1.824000	1401949971	171262	56210	405631474	2288526	962267031	355
1496374512592597987	splash2x.raytrace	1400	44	1.000000	1.714000	1.821000	1401924397	186697	63392	406601472	2346804	955224290	489
1496374513101872456	splash2x.raytrace	1400	44	1.000000	1.723000	1.831000	793353578	1999349	592438	222752991	1580455	516342782	9026
1496374513612041798	splash2x.water_nsquared	1400	43	1.000000	0.730000	0.778000	773238464	8604449	2537526	167557255	2861083	324245018	41156
1496374514122185932	splash2x.water_nsquared	1400	42	1.000000	0.820000	0.867000	772631630	8470620	2509021	171376541	2824493	337610356	40638
1496374514632489898	splash2x.water_nsquared	1400	42	1.000000	0.819000	0.866000	771916393	8338233	2484080	175749230	2792890	353331359	39958
1496374515142225908	splash2x.water_nsquared	1400	41	1.000000	0.828000	0.876000	889248551	5491739	1282614	314714355	1641801	895330932	20342
1496374515651408626	splash2x.water_nsquared	1400	42	1.000000	1.579000	1.676000	1401934814	143797	40518	939030447	776408	2516452765	230
1496374516160605428	splash2x.water_nsquared	1400	43	1.000000	2.005000	2.135000	1401917730	138776	40124	932984625	764346	2525767882	225
1496374516669804688	splash2x.water_nsquared	1400	43	1.000000	2.001000	2.131000	1401914357	140735	40666	922239203	751898	2525565579	226
1496374517179023615	splash2x.water_nsquared	1400	44	1.000000	1.996000	2.125000	1401925118	141175	40512	921425475	750507	2530769798	227
1496374517688269250	splash2x.water_nsquared	1400	44	1.000000	1.995000	2.124000	1401924378	141123	40448	916657202	743059	2537827801	229
1496374518197462302	splash2x.water_nsquared	1400	44	1.000000	1.997000	2.126000	1402080878	140480	39641	911773832	735289	2540754551	229
1496374518706738062	splash2x.water_nsquared	1400	44	1.000000	1.992000	2.121000	1401943264	144676	42195	908475822	732020	2541753374	233
1496374519215967363	splash2x.water_nsquared	1400	44	1.000000	1.937000	2.062000	852408022	115825	30810	506007650	410706	1480499155	173
1496374519725102124	splash2x.water_nsquared	1400	44	1.000000	1.143000	1.211000	1401913227	154390	43430	915808090	754639	2443211812	229
1496374520234329092	splash2x.water_nsquared	1400	44	1.000000	2.021000	2.152000	1401933739	153264	43335	913040362	750672	2440356512	229
1496374520743481060	splash2x.water_nsquared	1400	45	1.000000	2.019000	2.150000	1402144105	156198	45146	904289538	739729	2443990555	230
1496374521252583196	splash2x.water_nsquared	1400	45	1.000000	2.014000	2.144000	1402122799	154482	44363	898324182	729727	2452600903	226
1496374521761818372	splash2x.water_nsquared	1400	45	1.000000	2.010000	2.140000	1402287804	157862	44532	895835264	726876	2454311626	230
1496374522271075257	splash2x.water_nsquared	1400	45	1.000000	2.009000	2.139000	1402129188	156995	45105	893208347	720749	2463791507	229
1496374522780169226	splash2x.water_nsquared	1400	45	1.000000	2.010000	2.140000	1402115007	158145	45198	887554109	714665	2466541200	230
1496374523289273111	splash2x.water_nsquared	1400	45	1.000000	2.007000	2.137000	1094328550	128444	35796	683064172	546229	1930082072	181
1496374523798537496	splash2x.water_nsquared	1400	44	1.000000	1.269000	1.346000	1203486012	149967	41745	746142344	627689	2016431399	225
1496374524307980423	splash2x.water_nsquared	1400	45	1.000000	2.025000	2.156000	1401917769	154451	42014	911797247	747446	2448492311	223
1496374524817224308	splash2x.water_nsquared	1400	45	1.000000	2.022000	2.153000	1401904874	158350	43590	906488208	742768	2440819107	225
1496374525326608234	splash2x.water_nsquared	1400	45	1.000000	2.018000	2.149000	1402021605	154582	43990	902592621	736613	2446498469	225
1496374525835779369	splash2x.water_nsquared	1400	45	1.000000	2.012000	2.142000	1401915662	156540	43574	895069044	725762	2452628483	225
1496374526344974671	splash2x.water_nsquared	1400	45	1.000000	2.008000	2.138000	1401888107	156154	43893	892636412	721198	2457025071	224
1496374526854113348	splash2x.water_nsquared	1400	45	1.000000	2.007000	2.137000	1401901477	157661	45508	888980944	715439	2462769942	225
1496374527363189191	splash2x.water_nsquared	1400	45	1.000000	2.011000	2.141000	1327898010	152337	42515	834711790	670293	2335161217	214
1496374527872305202	splash2x.water_nsquared	1400	45	1.000000	1.150000	1.219000	971951844	133801	36060	584079902	487187	1630165869	195
1496374528381513295	splash2x.water_nsquared	1400	45	1.000000	2.025000	2.156000	1401871293	152551	41594	917720901	757025	2441059394	223
1496374528890612097	splash2x.water_nsquared	1400	45	1.000000	2.023000	2.154000	1402030567	158722	43934	907334882	742031	2445342912	227
1496374529399810940	splash2x.water_nsquared	1400	45	1.000000	2.019000	2.150000	1401848162	155363	42831	901340074	734470	2446896710	223
1496374529909037450	splash2x.water_nsquared	1400	45	1.000000	2.017000	2.148000	1401868803	155711	44255	899823729	732063	2450276793	225
1496374530418152419	splash2x.water_nsquared	1400	45	1.000000	2.009000	2.139000	1401904365	160172	46624	888494641	716550	2457325057	231
1496374530927519971	splash2x.water_nsquared	1400	45	1.000000	2.008000	2.138000	1401894208	147146	43739	887118217	712353	2462096412	226
1496374531436811355	splash2x.water_nsquared	1400	45	1.000000	2.008000	2.138000	897657077	123189	33221	538220804	437346	1553788439	175
1496374531946027116	splash2x.water_nsquared	1400	45	1.000000	2.006000	2.136000	1401858136	173907	44609	860148414	738085	2372912552	228
1496374532455187834	splash2x.water_nsquared	1400	45	1.000000	1.503000	1.596000	1402144482	174486	43353	863335414	740208	2390730372	228
1496374532964306553	splash2x.water_nsquared	1400	45	1.000000	2.002000	2.132000	1401942841	173819	44244	856294243	726954	2399996997	227
1496374533473407646	splash2x.water_nsquared	1400	45	1.000000	2.002000	2.132000	1401913284	175765	46186	848057661	716606	2396258723	228
1496374533982584031	splash2x.water_nsquared	1400	45	1.000000	1.997000	2.126000	1401934960	174356	45422	849980389	717109	2410970524	228
1496374534491735541	splash2x.water_nsquared	1400	45	1.000000	1.999000	2.128000	1401912962	176334	45374	848118366	710980	2425640620	230
1496374535000934260	splash2x.water_nsquared	1400	45	1.000000	1.991000	2.116000	1401909754	173745	44032	842609707	702973	2423365077	227
1496374535510111812	splash2x.water_nsquared	1400	45	1.000000	1.994000	2.119000	1041627396	141261	35880	623512085	515263	1833731860	180
1496374536019345697	splash2x.water_nsquared	1400	45	1.000000	1.576000	1.673000	150716903	404326	126804	69056621	198958	201805285	1711
