#Timestamp	CPU(0) Frequency(MHz)	CPU(0) Temperature(C)	A7 Voltage(V)	A7 Current(A)	A7 Power(W)	CPU(4) Frequency(MHz)	CPU(4) Temperature(C)	A15 Voltage(V)	A15 Current(A)	A15 Power(W)	GPU Frequency(MHz)	GPU Temperature(C)	GPU Voltage(V)	GPU Current(A)	GPU Power(W)	RAM Voltage(V)	RAM Current(A)	RAM Power(W)
1496374351125385275	1400 45 1.200000 0.173000 0.218000 1400 41 1.000000 0.322000 0.346000 600 44 0.900000 0.075000 0.074000 1.200000 0.037000 0.044000
1496374351635502575	1400 45 1.200000 0.111000 0.141000 1400 41 1.000000 0.822000 0.871000 600 44 0.900000 0.075000 0.074000 1.200000 0.019000 0.023000
1496374352145520001	1400 45 1.200000 0.111000 0.141000 1400 41 1.000000 0.818000 0.867000 600 44 0.900000 0.074000 0.073000 1.200000 0.019000 0.023000
1496374352655364510	1400 46 1.200000 0.109000 0.138000 1400 41 1.000000 0.830000 0.879000 600 44 0.900000 0.074000 0.073000 1.200000 0.019000 0.023000
1496374353165238103	1400 43 1.200000 0.106000 0.134000 1400 41 1.000000 0.821000 0.870000 600 44 0.900000 0.074000 0.073000 1.200000 0.066000 0.080000
1496374353675343695	1400 44 1.200000 0.107000 0.136000 1400 41 1.000000 0.803000 0.851000 600 44 0.900000 0.074000 0.073000 1.200000 0.062000 0.075000
1496374354185227079	1400 47 1.200000 0.103000 0.131000 1400 41 1.000000 0.897000 0.950000 600 45 0.900000 0.074000 0.073000 1.200000 0.066000 0.080000
1496374354694530797	1400 50 1.200000 0.103000 0.131000 1400 42 1.000000 1.443000 1.532000 600 45 0.900000 0.074000 0.073000 1.200000 0.059000 0.071000
1496374355203788891	1400 50 1.200000 0.104000 0.132000 1400 42 1.000000 1.523000 1.618000 600 46 0.900000 0.074000 0.073000 1.200000 0.045000 0.054000
1496374355713414942	1400 50 1.200000 0.106000 0.134000 1400 43 1.000000 1.526000 1.620000 600 46 0.900000 0.075000 0.074000 1.200000 0.046000 0.055000
1496374356223008868	1400 49 1.200000 0.106000 0.134000 1400 43 1.000000 1.510000 1.603000 600 46 0.900000 0.075000 0.074000 1.200000 0.047000 0.057000
1496374356732375628	1400 50 1.200000 0.108000 0.137000 1400 43 1.000000 1.504000 1.597000 600 46 0.900000 0.075000 0.074000 1.200000 0.042000 0.051000
1496374357241925179	1400 50 1.200000 0.109000 0.138000 1400 43 1.000000 1.501000 1.594000 600 46 0.900000 0.076000 0.075000 1.200000 0.040000 0.048000
1496374357751443939	1400 50 1.200000 0.111000 0.141000 1400 43 1.000000 1.463000 1.553000 600 46 0.900000 0.076000 0.075000 1.200000 0.027000 0.032000
1496374358261047323	1400 49 1.200000 0.109000 0.138000 1400 43 1.000000 1.448000 1.537000 600 46 0.900000 0.076000 0.075000 1.200000 0.028000 0.034000
1496374358770518083	1400 50 1.200000 0.104000 0.132000 1400 43 1.000000 1.470000 1.561000 600 46 0.900000 0.076000 0.075000 1.200000 0.036000 0.043000
1496374359279604927	1400 51 1.200000 0.102000 0.129000 1400 43 1.000000 1.502000 1.595000 600 46 0.900000 0.076000 0.075000 1.200000 0.036000 0.043000
1496374359788603104	1400 51 1.200000 0.102000 0.130000 1400 43 1.000000 1.573000 1.670000 600 46 0.900000 0.076000 0.075000 1.200000 0.028000 0.034000
1496374360297658114	1400 51 1.200000 0.104000 0.132000 1400 43 1.000000 1.581000 1.679000 600 46 0.900000 0.076000 0.075000 1.200000 0.029000 0.035000
1496374360806766416	1400 51 1.200000 0.104000 0.132000 1400 43 1.000000 1.581000 1.679000 600 46 0.900000 0.076000 0.075000 1.200000 0.027000 0.032000
1496374361315708385	1400 51 1.200000 0.103000 0.131000 1400 43 1.000000 1.557000 1.653000 600 46 0.900000 0.076000 0.075000 1.200000 0.023000 0.027000
1496374361824816603	1400 51 1.200000 0.107000 0.136000 1400 43 1.000000 1.517000 1.611000 600 46 0.900000 0.076000 0.075000 1.200000 0.024000 0.029000
1496374362333911863	1400 50 1.200000 0.104000 0.132000 1400 43 1.000000 1.494000 1.586000 600 46 0.900000 0.076000 0.075000 1.200000 0.021000 0.025000
1496374362843250165	1400 51 1.200000 0.103000 0.131000 1400 43 1.000000 1.525000 1.619000 600 46 0.900000 0.076000 0.075000 1.200000 0.025000 0.030000
1496374363352337009	1400 50 1.200000 0.104000 0.132000 1400 43 1.000000 1.514000 1.607000 600 46 0.900000 0.076000 0.075000 1.200000 0.025000 0.030000
1496374363861389144	1400 50 1.200000 0.109000 0.138000 1400 43 1.000000 1.521000 1.615000 600 46 0.900000 0.076000 0.075000 1.200000 0.026000 0.031000
1496374364370442863	1400 50 1.200000 0.112000 0.142000 1400 43 1.000000 1.517000 1.611000 600 46 0.900000 0.076000 0.075000 1.200000 0.024000 0.029000
1496374364879431956	1400 51 1.200000 0.108000 0.137000 1400 43 1.000000 1.514000 1.607000 600 46 0.900000 0.076000 0.075000 1.200000 0.022000 0.026000
1496374365388622591	1400 51 1.200000 0.107000 0.136000 1400 43 1.000000 1.526000 1.620000 600 46 0.900000 0.076000 0.075000 1.200000 0.024000 0.029000
1496374365897949018	1400 50 1.200000 0.105000 0.133000 1400 43 1.000000 1.483000 1.574000 600 46 0.900000 0.076000 0.075000 1.200000 0.021000 0.025000
1496374366408197193	1400 51 1.200000 0.106000 0.134000 1400 43 1.000000 1.500000 1.593000 600 46 0.900000 0.076000 0.075000 1.200000 0.020000 0.024000
1496374366917906369	1400 51 1.200000 0.141000 0.178000 1400 43 1.000000 1.465000 1.555000 600 46 0.900000 0.076000 0.075000 1.200000 0.036000 0.043000
1496374367427198421	1400 50 1.200000 0.102000 0.129000 1400 43 1.000000 1.473000 1.564000 600 46 0.900000 0.076000 0.075000 1.200000 0.022000 0.026000
1496374367936429848	1400 50 1.200000 0.105000 0.133000 1400 43 1.000000 1.470000 1.561000 600 46 0.900000 0.076000 0.075000 1.200000 0.020000 0.024000
1496374368445923441	1400 45 1.200000 0.104000 0.132000 1400 42 1.000000 0.902000 0.956000 600 46 0.900000 0.076000 0.075000 1.200000 0.023000 0.027000
1496374368955244701	1400 44 1.200000 0.101000 0.128000 1400 42 1.000000 0.772000 0.818000 600 45 0.900000 0.075000 0.074000 1.200000 0.019000 0.023000
1496374369464925502	1400 46 1.200000 0.120000 0.152000 1400 41 1.000000 0.915000 0.969000 600 45 0.900000 0.074000 0.073000 1.200000 0.054000 0.065000
1496374369974791053	1400 44 1.200000 0.111000 0.141000 1400 41 1.000000 0.736000 0.780000 600 44 0.900000 0.074000 0.073000 1.200000 0.049000 0.059000
1496374370485390852	1400 45 1.200000 0.199000 0.251000 1400 41 1.000000 0.736000 0.780000 600 44 0.900000 0.074000 0.073000 1.200000 0.047000 0.057000
1496374370995785694	1400 45 1.200000 0.121000 0.153000 1400 41 1.000000 0.826000 0.875000 600 44 0.900000 0.074000 0.073000 1.200000 0.029000 0.035000
1496374371505996745	1400 44 1.200000 0.107000 0.136000 1400 41 1.000000 0.832000 0.881000 600 43 0.900000 0.074000 0.073000 1.200000 0.019000 0.023000
1496374372015618421	1400 43 1.200000 0.105000 0.133000 1400 41 1.000000 0.830000 0.879000 600 43 0.900000 0.074000 0.073000 1.200000 0.017000 0.020000
1496374372525035722	1400 43 1.200000 0.100000 0.127000 1400 40 1.000000 0.945000 1.001000 600 44 0.900000 0.074000 0.073000 1.200000 0.039000 0.047000
1496374373034420982	1400 43 1.200000 0.106000 0.135000 1400 40 1.000000 0.919000 0.974000 600 44 0.900000 0.073000 0.072000 1.200000 0.037000 0.044000
1496374373543758117	1400 42 1.200000 0.107000 0.136000 1400 40 1.000000 0.819000 0.866000 600 43 0.900000 0.074000 0.073000 1.200000 0.058000 0.070000
1496374374052944919	1400 42 1.200000 0.105000 0.133000 1400 40 1.000000 0.743000 0.787000 600 43 0.900000 0.073000 0.072000 1.200000 0.055000 0.066000
1496374374562392178	1400 42 1.200000 0.102000 0.129000 1400 40 1.000000 0.771000 0.815000 600 43 0.900000 0.073000 0.072000 1.200000 0.049000 0.059000
1496374375071769563	1400 42 1.200000 0.099000 0.126000 1400 40 1.000000 0.784000 0.829000 600 43 0.900000 0.073000 0.072000 1.200000 0.045000 0.054000
1496374375581128990	1400 42 1.200000 0.103000 0.131000 1400 40 1.000000 0.793000 0.838000 600 43 0.900000 0.073000 0.072000 1.200000 0.053000 0.064000
1496374376090351792	1400 42 1.200000 0.105000 0.133000 1400 40 1.000000 0.765000 0.809000 600 43 0.900000 0.073000 0.072000 1.200000 0.036000 0.043000
1496374376599524093	1400 42 1.200000 0.100000 0.127000 1400 40 1.000000 0.759000 0.803000 600 43 0.900000 0.073000 0.072000 1.200000 0.036000 0.043000
1496374377108895853	1400 42 1.200000 0.097000 0.123000 1400 40 1.000000 0.766000 0.810000 600 43 0.900000 0.073000 0.072000 1.200000 0.040000 0.048000
1496374377618254155	1400 42 1.200000 0.101000 0.128000 1400 39 1.000000 0.758000 0.801000 600 43 0.900000 0.073000 0.072000 1.200000 0.035000 0.042000
1496374378127595998	1400 42 1.200000 0.101000 0.128000 1400 40 1.000000 0.831000 0.880000 600 43 0.900000 0.072000 0.071000 1.200000 0.038000 0.046000
1496374378636731300	1400 43 1.200000 0.099000 0.125000 1400 40 1.000000 1.270000 1.347000 600 44 0.900000 0.073000 0.072000 1.200000 0.008000 0.009000
1496374379146035351	1400 42 1.200000 0.103000 0.131000 1400 40 1.000000 0.833000 0.882000 600 43 0.900000 0.073000 0.072000 1.200000 0.040000 0.048000
1496374379655346361	1400 46 1.200000 0.108000 0.137000 1400 40 1.000000 0.791000 0.836000 600 43 0.900000 0.072000 0.071000 1.200000 0.047000 0.057000
1496374380164596871	1400 48 1.200000 0.107000 0.136000 1400 41 1.000000 1.542000 1.636000 600 44 0.900000 0.073000 0.072000 1.200000 0.054000 0.065000
1496374380673710673	1400 44 1.200000 0.101000 0.128000 1400 41 1.000000 1.553000 1.649000 600 44 0.900000 0.074000 0.073000 1.200000 0.054000 0.065000
1496374381183025683	1400 48 1.200000 0.102000 0.130000 1400 41 1.000000 1.158000 1.228000 600 45 0.900000 0.074000 0.073000 1.200000 0.052000 0.063000
1496374381692262110	1400 49 1.200000 0.102000 0.129000 1400 42 1.000000 1.512000 1.605000 600 45 0.900000 0.074000 0.073000 1.200000 0.053000 0.064000
1496374382201703286	1400 47 1.200000 0.102000 0.129000 1400 42 1.000000 1.514000 1.607000 600 45 0.900000 0.074000 0.073000 1.200000 0.053000 0.064000
1496374382711264004	1400 48 1.200000 0.107000 0.136000 1400 42 1.000000 1.315000 1.395000 600 45 0.900000 0.074000 0.073000 1.200000 0.137000 0.167000
1496374383220825014	1400 48 1.200000 0.108000 0.137000 1400 42 1.000000 1.328000 1.409000 600 45 0.900000 0.075000 0.074000 1.200000 0.161000 0.196000
1496374383730483815	1400 48 1.200000 0.114000 0.145000 1400 42 1.000000 1.329000 1.410000 600 45 0.900000 0.075000 0.074000 1.200000 0.161000 0.196000
1496374384240069366	1400 48 1.200000 0.114000 0.145000 1400 42 1.000000 1.313000 1.393000 600 45 0.900000 0.075000 0.074000 1.200000 0.158000 0.193000
1496374384749565543	1400 48 1.200000 0.110000 0.139000 1400 43 1.000000 1.327000 1.407000 600 46 0.900000 0.075000 0.074000 1.200000 0.162000 0.198000
1496374385258847678	1400 48 1.200000 0.112000 0.142000 1400 43 1.000000 1.315000 1.395000 600 46 0.900000 0.076000 0.075000 1.200000 0.163000 0.199000
1496374385768290687	1400 49 1.200000 0.114000 0.145000 1400 43 1.000000 1.332000 1.413000 600 46 0.900000 0.075000 0.074000 1.200000 0.163000 0.199000
1496374386277762280	1400 49 1.200000 0.116000 0.147000 1400 43 1.000000 1.350000 1.432000 600 46 0.900000 0.075000 0.074000 1.200000 0.161000 0.196000
1496374386787403457	1400 49 1.200000 0.116000 0.147000 1400 43 1.000000 1.334000 1.415000 600 46 0.900000 0.075000 0.074000 1.200000 0.159000 0.194000
1496374387297016383	1400 49 1.200000 0.114000 0.145000 1400 43 1.000000 1.340000 1.421000 600 46 0.900000 0.075000 0.074000 1.200000 0.163000 0.199000
1496374387806308684	1400 50 1.200000 0.110000 0.139000 1400 43 1.000000 1.326000 1.406000 600 46 0.900000 0.076000 0.075000 1.200000 0.161000 0.196000
1496374388315453986	1400 50 1.200000 0.107000 0.136000 1400 43 1.000000 1.516000 1.609000 600 46 0.900000 0.076000 0.075000 1.200000 0.053000 0.064000
1496374388824700621	1400 50 1.200000 0.108000 0.137000 1400 43 1.000000 1.527000 1.621000 600 46 0.900000 0.076000 0.075000 1.200000 0.052000 0.063000
1496374389334141881	1400 46 1.200000 0.111000 0.141000 1400 42 1.000000 1.184000 1.256000 600 46 0.900000 0.076000 0.075000 1.200000 0.053000 0.064000
1496374389843619516	1400 44 1.200000 0.110000 0.140000 1400 42 1.000000 0.827000 0.874000 600 45 0.900000 0.075000 0.074000 1.200000 0.045000 0.054000
1496374390353624900	1400 45 1.200000 0.165000 0.208000 1400 41 1.000000 0.757000 0.800000 600 44 0.900000 0.075000 0.074000 1.200000 0.051000 0.062000
1496374390863577492	1400 45 1.200000 0.105000 0.133000 1400 41 1.000000 0.825000 0.872000 600 44 0.900000 0.074000 0.073000 1.200000 0.018000 0.021000
1496374391373606043	1400 45 1.200000 0.105000 0.133000 1400 41 1.000000 0.823000 0.870000 600 44 0.900000 0.074000 0.073000 1.200000 0.016000 0.019000
1496374391884065009	1400 44 1.200000 0.105000 0.133000 1400 41 1.000000 0.831000 0.879000 600 43 0.900000 0.074000 0.073000 1.200000 0.017000 0.020000
1496374392393404603	1400 42 1.200000 0.111000 0.141000 1400 40 1.000000 0.825000 0.872000 600 43 0.900000 0.074000 0.073000 1.200000 0.017000 0.020000
1496374392902606321	1400 42 1.200000 0.103000 0.131000 1400 40 1.000000 0.662000 0.699000 600 43 0.900000 0.073000 0.072000 1.200000 0.014000 0.017000
1496374393411764873	1400 42 1.200000 0.100000 0.127000 1400 40 1.000000 0.662000 0.699000 600 43 0.900000 0.073000 0.072000 1.200000 0.014000 0.016000
1496374393921022675	1400 41 1.200000 0.098000 0.124000 1400 39 1.000000 0.661000 0.699000 600 42 0.900000 0.073000 0.072000 1.200000 0.013000 0.015000
1496374394430101310	1400 41 1.200000 0.098000 0.124000 1400 39 1.000000 0.661000 0.699000 600 42 0.900000 0.072000 0.071000 1.200000 0.014000 0.017000
1496374394939240695	1400 41 1.200000 0.098000 0.124000 1400 39 1.000000 0.661000 0.699000 600 42 0.900000 0.072000 0.071000 1.200000 0.014000 0.017000
1496374395448272830	1400 41 1.200000 0.104000 0.132000 1400 39 1.000000 0.659000 0.697000 600 42 0.900000 0.072000 0.071000 1.200000 0.015000 0.018000
1496374395957385882	1400 41 1.200000 0.102000 0.129000 1400 39 1.000000 0.660000 0.697000 600 42 0.900000 0.072000 0.071000 1.200000 0.015000 0.018000
1496374396466650850	1400 41 1.200000 0.101000 0.128000 1400 39 1.000000 0.660000 0.698000 600 42 0.900000 0.072000 0.071000 1.200000 0.015000 0.018000
1496374396975720569	1400 41 1.200000 0.099000 0.126000 1400 39 1.000000 0.659000 0.697000 600 42 0.900000 0.072000 0.071000 1.200000 0.015000 0.018000
1496374397484959079	1400 41 1.200000 0.097000 0.123000 1400 39 1.000000 0.660000 0.698000 600 42 0.900000 0.072000 0.071000 1.200000 0.013000 0.015000
1496374397994193714	1400 41 1.200000 0.099000 0.126000 1400 38 1.000000 0.660000 0.698000 600 42 0.900000 0.072000 0.071000 1.200000 0.013000 0.015000
1496374398503228974	1400 41 1.200000 0.097000 0.123000 1400 38 1.000000 0.659000 0.697000 600 41 0.900000 0.072000 0.071000 1.200000 0.013000 0.015000
1496374399012401110	1400 41 1.200000 0.097000 0.123000 1400 38 1.000000 0.660000 0.698000 600 41 0.900000 0.072000 0.071000 1.200000 0.013000 0.015000
1496374399521645661	1400 41 1.200000 0.097000 0.123000 1400 38 1.000000 0.658000 0.696000 600 41 0.900000 0.072000 0.071000 1.200000 0.013000 0.015000
1496374400030810171	1400 40 1.200000 0.100000 0.127000 1400 38 1.000000 0.660000 0.698000 600 41 0.900000 0.072000 0.071000 1.200000 0.015000 0.018000
1496374400540045807	1400 41 1.200000 0.098000 0.124000 1400 38 1.000000 0.660000 0.698000 600 41 0.900000 0.072000 0.071000 1.200000 0.015000 0.018000
1496374401049264400	1400 47 1.200000 0.098000 0.124000 1400 40 1.000000 0.659000 0.697000 600 42 0.900000 0.072000 0.071000 1.200000 0.035000 0.042000
1496374401558925409	1400 45 1.200000 0.102000 0.129000 1400 40 1.000000 1.544000 1.639000 600 43 0.900000 0.072000 0.071000 1.200000 0.057000 0.069000
1496374402068068170	1400 48 1.200000 0.110000 0.140000 1400 40 1.000000 1.200000 1.273000 600 43 0.900000 0.072000 0.071000 1.200000 0.088000 0.107000
1496374402577298471	1400 49 1.200000 0.106000 0.134000 1400 41 1.000000 1.577000 1.674000 600 44 0.900000 0.073000 0.072000 1.200000 0.003000 0.003000
1496374403086507523	1400 49 1.200000 0.100000 0.127000 1400 41 1.000000 1.592000 1.690000 600 44 0.900000 0.073000 0.072000 1.200000 0.011000 0.013000
1496374403595623367	1400 49 1.200000 0.100000 0.127000 1400 41 1.000000 1.599000 1.698000 600 44 0.900000 0.074000 0.073000 1.200000 0.008000 0.009000
1496374404104796127	1400 49 1.200000 0.100000 0.127000 1400 42 1.000000 1.611000 1.712000 600 45 0.900000 0.074000 0.073000 1.200000 0.006000 0.007000
1496374404614042762	1400 50 1.200000 0.101000 0.128000 1400 42 1.000000 1.610000 1.711000 600 45 0.900000 0.074000 0.073000 1.200000 0.005000 0.006000
1496374405123128730	1400 50 1.200000 0.101000 0.128000 1400 42 1.000000 1.603000 1.702000 600 45 0.900000 0.074000 0.073000 1.200000 0.004000 0.004000
1496374405632246740	1400 50 1.200000 0.100000 0.127000 1400 42 1.000000 1.605000 1.704000 600 45 0.900000 0.074000 0.073000 1.200000 0.004000 0.004000
1496374406141376459	1400 50 1.200000 0.109000 0.138000 1400 42 1.000000 1.596000 1.694000 600 45 0.900000 0.074000 0.073000 1.200000 0.006000 0.007000
1496374406650534594	1400 50 1.200000 0.106000 0.134000 1400 42 1.000000 1.608000 1.707000 600 45 0.900000 0.074000 0.073000 1.200000 0.003000 0.003000
1496374407159670896	1400 50 1.200000 0.102000 0.129000 1400 42 1.000000 1.608000 1.707000 600 45 0.900000 0.074000 0.073000 1.200000 0.005000 0.006000
1496374407669067614	1400 50 1.200000 0.103000 0.131000 1400 42 1.000000 1.597000 1.696000 600 45 0.900000 0.075000 0.074000 1.200000 0.006000 0.007000
1496374408178233749	1400 50 1.200000 0.104000 0.132000 1400 42 1.000000 1.596000 1.694000 600 45 0.900000 0.075000 0.074000 1.200000 0.006000 0.007000
1496374408687389259	1400 50 1.200000 0.106000 0.134000 1400 43 1.000000 1.606000 1.705000 600 45 0.900000 0.075000 0.074000 1.200000 0.006000 0.007000
1496374409196620686	1400 50 1.200000 0.109000 0.138000 1400 43 1.000000 1.610000 1.709000 600 46 0.900000 0.075000 0.074000 1.200000 0.005000 0.006000
1496374409706144487	1400 50 1.200000 0.108000 0.137000 1400 42 1.000000 1.607000 1.706000 600 46 0.900000 0.075000 0.074000 1.200000 0.006000 0.007000
1496374410215390664	1400 50 1.200000 0.106000 0.134000 1400 42 1.000000 1.571000 1.668000 600 45 0.900000 0.075000 0.074000 1.200000 0.032000 0.038000
1496374410724672799	1400 49 1.200000 0.104000 0.132000 1400 42 1.000000 1.385000 1.469000 600 45 0.900000 0.075000 0.074000 1.200000 0.035000 0.042000
1496374411233791059	1400 49 1.200000 0.103000 0.131000 1400 42 1.000000 1.377000 1.462000 600 45 0.900000 0.075000 0.074000 1.200000 0.055000 0.066000
1496374411743326527	1400 46 1.200000 0.103000 0.131000 1400 42 1.000000 1.433000 1.521000 600 45 0.900000 0.075000 0.074000 1.200000 0.055000 0.066000
1496374412253564286	1400 45 1.200000 0.130000 0.165000 1400 41 1.000000 0.554000 0.590000 600 44 0.900000 0.075000 0.074000 1.200000 0.021000 0.025000
1496374412763745503	1400 45 1.200000 0.104000 0.132000 1400 41 1.000000 0.824000 0.871000 600 44 0.900000 0.074000 0.073000 1.200000 0.016000 0.019000
1496374413274005262	1400 45 1.200000 0.103000 0.131000 1400 41 1.000000 0.826000 0.875000 600 43 0.900000 0.074000 0.073000 1.200000 0.016000 0.019000
1496374413783656729	1400 47 1.200000 0.103000 0.131000 1400 41 1.000000 0.839000 0.889000 600 43 0.900000 0.074000 0.073000 1.200000 0.019000 0.023000
1496374414293085323	1400 48 1.200000 0.109000 0.138000 1400 42 1.000000 1.257000 1.333000 600 45 0.900000 0.074000 0.073000 1.200000 0.053000 0.064000
1496374414802665790	1400 49 1.200000 0.117000 0.148000 1400 42 1.000000 1.554000 1.650000 600 45 0.900000 0.074000 0.073000 1.200000 0.199000 0.243000
1496374415312057759	1400 50 1.200000 0.120000 0.152000 1400 43 1.000000 1.556000 1.652000 600 46 0.900000 0.074000 0.073000 1.200000 0.200000 0.244000
1496374415821597935	1400 50 1.200000 0.118000 0.150000 1400 43 1.000000 1.557000 1.653000 600 46 0.900000 0.075000 0.074000 1.200000 0.200000 0.244000
1496374416331082236	1400 50 1.200000 0.113000 0.143000 1400 43 1.000000 1.557000 1.653000 600 46 0.900000 0.075000 0.074000 1.200000 0.200000 0.244000
1496374416840452746	1400 50 1.200000 0.114000 0.145000 1400 43 1.000000 1.557000 1.653000 600 46 0.900000 0.076000 0.075000 1.200000 0.200000 0.244000
1496374417349924006	1400 50 1.200000 0.117000 0.148000 1400 43 1.000000 1.561000 1.657000 600 47 0.900000 0.076000 0.075000 1.200000 0.199000 0.243000
1496374417859374932	1400 51 1.200000 0.121000 0.154000 1400 44 1.000000 1.561000 1.657000 600 47 0.900000 0.076000 0.075000 1.200000 0.198000 0.241000
1496374418368744359	1400 51 1.200000 0.122000 0.155000 1400 44 1.000000 1.559000 1.655000 600 47 0.900000 0.076000 0.075000 1.200000 0.199000 0.243000
1496374418878126285	1400 51 1.200000 0.119000 0.151000 1400 44 1.000000 1.559000 1.655000 600 47 0.900000 0.076000 0.075000 1.200000 0.199000 0.243000
1496374419387629837	1400 51 1.200000 0.118000 0.150000 1400 44 1.000000 1.557000 1.653000 600 47 0.900000 0.077000 0.076000 1.200000 0.198000 0.241000
1496374419897301554	1400 51 1.200000 0.116000 0.147000 1400 44 1.000000 1.556000 1.652000 600 47 0.900000 0.076000 0.075000 1.200000 0.199000 0.243000
1496374420406830481	1400 51 1.200000 0.117000 0.148000 1400 44 1.000000 1.553000 1.649000 600 47 0.900000 0.077000 0.076000 1.200000 0.199000 0.243000
1496374420916306282	1400 51 1.200000 0.114000 0.145000 1400 44 1.000000 1.553000 1.649000 600 47 0.900000 0.077000 0.076000 1.200000 0.199000 0.243000
1496374421425717542	1400 51 1.200000 0.114000 0.145000 1400 44 1.000000 1.553000 1.649000 600 47 0.900000 0.077000 0.076000 1.200000 0.199000 0.243000
1496374421935215677	1400 51 1.200000 0.119000 0.151000 1400 44 1.000000 1.552000 1.648000 600 47 0.900000 0.077000 0.076000 1.200000 0.200000 0.244000
1496374422444708853	1400 51 1.200000 0.117000 0.148000 1400 44 1.000000 1.552000 1.648000 600 47 0.900000 0.076000 0.075000 1.200000 0.199000 0.243000
1496374422954162904	1400 51 1.200000 0.116000 0.147000 1400 44 1.000000 1.552000 1.648000 600 47 0.900000 0.077000 0.076000 1.200000 0.199000 0.243000
1496374423463500581	1400 51 1.200000 0.119000 0.151000 1400 44 1.000000 1.552000 1.648000 600 48 0.900000 0.077000 0.076000 1.200000 0.198000 0.241000
1496374423973518298	1400 48 1.200000 0.119000 0.151000 1400 43 1.000000 1.552000 1.648000 600 46 0.900000 0.077000 0.076000 1.200000 0.137000 0.167000
1496374424483852098	1400 47 1.200000 0.115000 0.146000 1400 43 1.000000 0.823000 0.870000 600 45 0.900000 0.077000 0.076000 1.200000 0.017000 0.020000
1496374424993842649	1400 46 1.200000 0.107000 0.136000 1400 42 1.000000 0.814000 0.862000 600 45 0.900000 0.076000 0.075000 1.200000 0.020000 0.024000
1496374425504101824	1400 46 1.200000 0.106000 0.134000 1400 42 1.000000 0.830000 0.878000 600 44 0.900000 0.075000 0.074000 1.200000 0.019000 0.023000
1496374426013538043	1400 45 1.200000 0.103000 0.131000 1400 41 1.000000 0.881000 0.933000 600 44 0.900000 0.075000 0.074000 1.200000 0.026000 0.031000
1496374426522826053	1400 49 1.200000 0.102000 0.129000 1400 42 1.000000 1.321000 1.401000 600 45 0.900000 0.074000 0.073000 1.200000 0.099000 0.120000
1496374427032071646	1400 49 1.200000 0.102000 0.129000 1400 42 1.000000 1.557000 1.653000 600 45 0.900000 0.075000 0.074000 1.200000 0.027000 0.032000
1496374427541319281	1400 50 1.200000 0.102000 0.129000 1400 42 1.000000 1.563000 1.659000 600 45 0.900000 0.075000 0.074000 1.200000 0.025000 0.030000
1496374428050468874	1400 50 1.200000 0.101000 0.128000 1400 43 1.000000 1.564000 1.660000 600 46 0.900000 0.075000 0.074000 1.200000 0.025000 0.030000
1496374428559811718	1400 50 1.200000 0.106000 0.134000 1400 43 1.000000 1.563000 1.659000 600 46 0.900000 0.075000 0.074000 1.200000 0.024000 0.029000
1496374429069127686	1400 50 1.200000 0.102000 0.129000 1400 43 1.000000 1.565000 1.662000 600 46 0.900000 0.075000 0.074000 1.200000 0.026000 0.031000
1496374429578358863	1400 50 1.200000 0.106000 0.134000 1400 43 1.000000 1.565000 1.662000 600 46 0.900000 0.075000 0.074000 1.200000 0.025000 0.030000
1496374430087735289	1400 50 1.200000 0.109000 0.138000 1400 43 1.000000 1.565000 1.662000 600 46 0.900000 0.076000 0.075000 1.200000 0.024000 0.029000
1496374430596937049	1400 50 1.200000 0.109000 0.138000 1400 43 1.000000 1.556000 1.652000 600 46 0.900000 0.076000 0.075000 1.200000 0.027000 0.032000
1496374431106169268	1400 50 1.200000 0.108000 0.137000 1400 43 1.000000 1.559000 1.655000 600 46 0.900000 0.075000 0.074000 1.200000 0.028000 0.033000
1496374431615269194	1400 50 1.200000 0.105000 0.133000 1400 43 1.000000 1.366000 1.449000 600 46 0.900000 0.075000 0.074000 1.200000 0.057000 0.069000
1496374432124403371	1400 50 1.200000 0.102000 0.129000 1400 43 1.000000 1.554000 1.650000 600 46 0.900000 0.075000 0.074000 1.200000 0.027000 0.032000
1496374432633621131	1400 50 1.200000 0.105000 0.133000 1400 43 1.000000 1.563000 1.659000 600 46 0.900000 0.075000 0.074000 1.200000 0.023000 0.027000
1496374433142950100	1400 50 1.200000 0.108000 0.137000 1400 43 1.000000 1.562000 1.658000 600 46 0.900000 0.075000 0.074000 1.200000 0.024000 0.029000
1496374433652168610	1400 50 1.200000 0.109000 0.138000 1400 43 1.000000 1.563000 1.659000 600 46 0.900000 0.075000 0.074000 1.200000 0.023000 0.027000
1496374434161451120	1400 50 1.200000 0.101000 0.128000 1400 43 1.000000 1.564000 1.660000 600 46 0.900000 0.076000 0.075000 1.200000 0.023000 0.027000
1496374434670665005	1400 50 1.200000 0.104000 0.132000 1400 43 1.000000 1.564000 1.660000 600 46 0.900000 0.076000 0.075000 1.200000 0.024000 0.029000
1496374435180057973	1400 50 1.200000 0.104000 0.132000 1400 43 1.000000 1.561000 1.657000 600 46 0.900000 0.075000 0.074000 1.200000 0.026000 0.031000
1496374435689328983	1400 50 1.200000 0.102000 0.129000 1400 43 1.000000 1.554000 1.650000 600 46 0.900000 0.076000 0.075000 1.200000 0.027000 0.032000
1496374436198486660	1400 50 1.200000 0.102000 0.129000 1400 43 1.000000 1.551000 1.647000 600 46 0.900000 0.076000 0.075000 1.200000 0.028000 0.033000
1496374436707727045	1400 48 1.200000 0.108000 0.137000 1400 43 1.000000 1.372000 1.455000 600 46 0.900000 0.075000 0.074000 1.200000 0.028000 0.033000
1496374437216964721	1400 50 1.200000 0.111000 0.141000 1400 43 1.000000 1.457000 1.547000 600 46 0.900000 0.075000 0.074000 1.200000 0.091000 0.110000
1496374437726212606	1400 50 1.200000 0.109000 0.138000 1400 43 1.000000 1.560000 1.656000 600 46 0.900000 0.075000 0.074000 1.200000 0.026000 0.031000
1496374438235393992	1400 50 1.200000 0.102000 0.129000 1400 43 1.000000 1.562000 1.658000 600 46 0.900000 0.075000 0.074000 1.200000 0.024000 0.029000
1496374438744699418	1400 50 1.200000 0.103000 0.131000 1400 43 1.000000 1.564000 1.660000 600 46 0.900000 0.075000 0.074000 1.200000 0.024000 0.029000
1496374439253804512	1400 50 1.200000 0.101000 0.128000 1400 43 1.000000 1.564000 1.660000 600 46 0.900000 0.075000 0.074000 1.200000 0.024000 0.029000
1496374439763005855	1400 50 1.200000 0.108000 0.137000 1400 43 1.000000 1.564000 1.660000 600 46 0.900000 0.075000 0.074000 1.200000 0.025000 0.030000
1496374440272328073	1400 50 1.200000 0.110000 0.140000 1400 43 1.000000 1.563000 1.659000 600 46 0.900000 0.076000 0.075000 1.200000 0.025000 0.030000
1496374440781559709	1400 50 1.200000 0.111000 0.141000 1400 43 1.000000 1.557000 1.653000 600 46 0.900000 0.076000 0.075000 1.200000 0.028000 0.033000
1496374441290666510	1400 50 1.200000 0.108000 0.137000 1400 43 1.000000 1.555000 1.651000 600 46 0.900000 0.076000 0.075000 1.200000 0.026000 0.031000
1496374441800211437	1400 48 1.200000 0.105000 0.133000 1400 42 1.000000 1.541000 1.636000 600 46 0.900000 0.075000 0.074000 1.200000 0.036000 0.043000
1496374442309478280	1400 50 1.200000 0.106000 0.134000 1400 43 1.000000 1.405000 1.492000 600 46 0.900000 0.076000 0.075000 1.200000 0.037000 0.044000
1496374442818640165	1400 50 1.200000 0.102000 0.129000 1400 43 1.000000 1.560000 1.656000 600 46 0.900000 0.075000 0.074000 1.200000 0.024000 0.029000
1496374443327848884	1400 50 1.200000 0.102000 0.129000 1400 43 1.000000 1.563000 1.659000 600 46 0.900000 0.076000 0.075000 1.200000 0.024000 0.029000
1496374443837371393	1400 50 1.200000 0.112000 0.142000 1400 43 1.000000 1.563000 1.659000 600 46 0.900000 0.075000 0.074000 1.200000 0.025000 0.030000
1496374444346727986	1400 50 1.200000 0.109000 0.138000 1400 43 1.000000 1.565000 1.662000 600 46 0.900000 0.076000 0.075000 1.200000 0.025000 0.030000
1496374444856079538	1400 50 1.200000 0.106000 0.134000 1400 43 1.000000 1.565000 1.662000 600 46 0.900000 0.076000 0.075000 1.200000 0.025000 0.030000
1496374445365214465	1400 50 1.200000 0.106000 0.134000 1400 43 1.000000 1.563000 1.659000 600 46 0.900000 0.075000 0.074000 1.200000 0.024000 0.029000
1496374445874447017	1400 50 1.200000 0.106000 0.134000 1400 43 1.000000 1.555000 1.651000 600 46 0.900000 0.076000 0.075000 1.200000 0.026000 0.031000
1496374446383795568	1400 50 1.200000 0.108000 0.137000 1400 43 1.000000 1.553000 1.649000 600 46 0.900000 0.076000 0.075000 1.200000 0.028000 0.033000
1496374446893072578	1400 46 1.200000 0.108000 0.137000 1400 42 1.000000 1.554000 1.650000 600 46 0.900000 0.076000 0.075000 1.200000 0.028000 0.033000
1496374447403326795	1400 46 1.200000 0.181000 0.228000 1400 42 1.000000 0.530000 0.564000 600 45 0.900000 0.075000 0.074000 1.200000 0.042000 0.051000
1496374447913251804	1400 46 1.200000 0.105000 0.133000 1400 41 1.000000 0.823000 0.872000 600 44 0.900000 0.075000 0.074000 1.200000 0.020000 0.024000
1496374448423293896	1400 45 1.200000 0.105000 0.133000 1400 41 1.000000 0.814000 0.862000 600 44 0.900000 0.074000 0.073000 1.200000 0.018000 0.021000
1496374448933883030	1400 45 1.200000 0.103000 0.131000 1400 41 1.000000 0.828000 0.877000 600 44 0.900000 0.074000 0.073000 1.200000 0.018000 0.021000
1496374449443445331	1400 46 1.200000 0.099000 0.126000 1400 41 1.000000 0.757000 0.800000 600 43 0.900000 0.074000 0.073000 1.200000 0.027000 0.032000
1496374449953345007	1400 46 1.200000 0.105000 0.133000 1400 41 1.000000 0.858000 0.907000 600 44 0.900000 0.074000 0.073000 1.200000 0.074000 0.090000
1496374450462617100	1400 43 1.200000 0.101000 0.128000 1400 40 1.000000 0.792000 0.837000 600 43 0.900000 0.074000 0.073000 1.200000 0.059000 0.071000
1496374450971781860	1400 48 1.200000 0.103000 0.131000 1400 41 1.000000 1.171000 1.242000 600 44 0.900000 0.074000 0.073000 1.200000 0.052000 0.063000
1496374451481096412	1400 48 1.200000 0.100000 0.127000 1400 41 1.000000 1.383000 1.467000 600 44 0.900000 0.074000 0.073000 1.200000 0.032000 0.038000
1496374451990170880	1400 49 1.200000 0.103000 0.131000 1400 42 1.000000 1.410000 1.497000 600 44 0.900000 0.074000 0.073000 1.200000 0.030000 0.036000
1496374452499316890	1400 49 1.200000 0.106000 0.134000 1400 42 1.000000 1.417000 1.504000 600 44 0.900000 0.074000 0.073000 1.200000 0.030000 0.036000
1496374453008603317	1400 48 1.200000 0.108000 0.137000 1400 42 1.000000 1.485000 1.577000 600 45 0.900000 0.074000 0.073000 1.200000 0.025000 0.030000
1496374453517787036	1400 49 1.200000 0.111000 0.141000 1400 42 1.000000 1.223000 1.297000 600 45 0.900000 0.074000 0.073000 1.200000 0.121000 0.147000
1496374454026922212	1400 49 1.200000 0.105000 0.133000 1400 42 1.000000 1.374000 1.457000 600 45 0.900000 0.074000 0.073000 1.200000 0.032000 0.038000
1496374454536046223	1400 49 1.200000 0.103000 0.131000 1400 42 1.000000 1.421000 1.509000 600 45 0.900000 0.074000 0.073000 1.200000 0.029000 0.035000
1496374455045297691	1400 49 1.200000 0.102000 0.129000 1400 42 1.000000 1.421000 1.507000 600 45 0.900000 0.074000 0.073000 1.200000 0.029000 0.035000
1496374455554630659	1400 50 1.200000 0.106000 0.134000 1400 42 1.000000 1.511000 1.604000 600 45 0.900000 0.075000 0.074000 1.200000 0.023000 0.027000
1496374456063868794	1400 49 1.200000 0.106000 0.134000 1400 42 1.000000 1.213000 1.286000 600 45 0.900000 0.075000 0.074000 1.200000 0.123000 0.150000
1496374456572997388	1400 49 1.200000 0.101000 0.128000 1400 42 1.000000 1.383000 1.467000 600 45 0.900000 0.075000 0.074000 1.200000 0.030000 0.036000
1496374457082191940	1400 49 1.200000 0.101000 0.128000 1400 42 1.000000 1.413000 1.500000 600 45 0.900000 0.075000 0.074000 1.200000 0.030000 0.036000
1496374457591336325	1400 49 1.200000 0.104000 0.132000 1400 42 1.000000 1.406000 1.491000 600 45 0.900000 0.075000 0.074000 1.200000 0.031000 0.037000
1496374458100561210	1400 50 1.200000 0.103000 0.131000 1400 42 1.000000 1.554000 1.650000 600 45 0.900000 0.075000 0.074000 1.200000 0.031000 0.037000
1496374458610095469	1400 49 1.200000 0.104000 0.132000 1400 42 1.000000 1.457000 1.545000 600 45 0.900000 0.075000 0.074000 1.200000 0.024000 0.029000
1496374459119500979	1400 49 1.200000 0.109000 0.138000 1400 42 1.000000 1.379000 1.464000 600 45 0.900000 0.075000 0.074000 1.200000 0.098000 0.119000
1496374459628669531	1400 49 1.200000 0.109000 0.138000 1400 42 1.000000 1.422000 1.508000 600 45 0.900000 0.075000 0.074000 1.200000 0.031000 0.037000
1496374460137853958	1400 49 1.200000 0.108000 0.137000 1400 42 1.000000 1.413000 1.499000 600 45 0.900000 0.075000 0.074000 1.200000 0.030000 0.036000
1496374460647055260	1400 50 1.200000 0.102000 0.129000 1400 43 1.000000 1.422000 1.508000 600 45 0.900000 0.075000 0.074000 1.200000 0.030000 0.036000
1496374461156450019	1400 48 1.200000 0.104000 0.132000 1400 42 1.000000 1.594000 1.692000 600 45 0.900000 0.075000 0.074000 1.200000 0.022000 0.026000
1496374461665599488	1400 49 1.200000 0.102000 0.129000 1400 42 1.000000 1.280000 1.358000 600 45 0.900000 0.075000 0.074000 1.200000 0.075000 0.091000
1496374462174751040	1400 49 1.200000 0.106000 0.134000 1400 42 1.000000 1.387000 1.471000 600 45 0.900000 0.075000 0.074000 1.200000 0.031000 0.037000
1496374462683891092	1400 49 1.200000 0.107000 0.136000 1400 43 1.000000 1.423000 1.509000 600 45 0.900000 0.075000 0.074000 1.200000 0.032000 0.038000
1496374463193018893	1400 50 1.200000 0.110000 0.140000 1400 42 1.000000 1.405000 1.492000 600 45 0.900000 0.075000 0.074000 1.200000 0.029000 0.035000
1496374463702460945	1400 48 1.200000 0.109000 0.138000 1400 43 1.000000 1.613000 1.714000 600 45 0.900000 0.075000 0.074000 1.200000 0.020000 0.024000
1496374464212660579	1400 45 1.200000 0.148000 0.187000 1400 42 1.000000 0.534000 0.568000 600 44 0.900000 0.075000 0.074000 1.200000 0.043000 0.052000
1496374464722633296	1400 45 1.200000 0.106000 0.134000 1400 41 1.000000 0.824000 0.871000 600 44 0.900000 0.075000 0.074000 1.200000 0.018000 0.021000
1496374465232672138	1400 45 1.200000 0.106000 0.134000 1400 41 1.000000 0.839000 0.887000 600 43 0.900000 0.074000 0.073000 1.200000 0.017000 0.020000
1496374465742991522	1400 45 1.200000 0.109000 0.138000 1400 41 1.000000 0.828000 0.876000 600 43 0.900000 0.074000 0.073000 1.200000 0.019000 0.023000
1496374466252872281	1400 43 1.200000 0.110000 0.140000 1400 40 1.000000 0.843000 0.891000 600 43 0.900000 0.074000 0.073000 1.200000 0.042000 0.051000
1496374466762810373	1400 42 1.200000 0.108000 0.137000 1400 40 1.000000 0.808000 0.854000 600 43 0.900000 0.074000 0.073000 1.200000 0.048000 0.058000
1496374467272643174	1400 42 1.200000 0.104000 0.132000 1400 40 1.000000 0.793000 0.838000 600 43 0.900000 0.073000 0.072000 1.200000 0.048000 0.058000
1496374467782910016	1400 42 1.200000 0.104000 0.132000 1400 40 1.000000 0.784000 0.829000 600 43 0.900000 0.073000 0.072000 1.200000 0.084000 0.102000
1496374468292102860	1400 48 1.200000 0.109000 0.138000 1400 41 1.000000 1.028000 1.089000 600 44 0.900000 0.073000 0.072000 1.200000 0.140000 0.171000
1496374468801130078	1400 49 1.200000 0.109000 0.138000 1400 41 1.000000 1.676000 1.779000 600 44 0.900000 0.074000 0.073000 1.200000 0.008000 0.009000
1496374469310057589	1400 50 1.200000 0.101000 0.128000 1400 42 1.000000 1.671000 1.776000 600 45 0.900000 0.074000 0.073000 1.200000 0.008000 0.009000
1496374469819053974	1400 50 1.200000 0.100000 0.127000 1400 42 1.000000 1.672000 1.775000 600 45 0.900000 0.074000 0.073000 1.200000 0.008000 0.009000
1496374470327973235	1400 50 1.200000 0.101000 0.128000 1400 42 1.000000 1.644000 1.745000 600 45 0.900000 0.074000 0.073000 1.200000 0.008000 0.009000
1496374470836949620	1400 50 1.200000 0.101000 0.128000 1400 42 1.000000 1.656000 1.758000 600 45 0.900000 0.075000 0.074000 1.200000 0.008000 0.009000
1496374471346081630	1400 50 1.200000 0.102000 0.130000 1400 42 1.000000 1.643000 1.744000 600 45 0.900000 0.075000 0.074000 1.200000 0.008000 0.009000
1496374471855151849	1400 50 1.200000 0.101000 0.128000 1400 42 1.000000 1.639000 1.740000 600 46 0.900000 0.075000 0.074000 1.200000 0.008000 0.009000
1496374472364142942	1400 51 1.200000 0.102000 0.129000 1400 43 1.000000 1.638000 1.741000 600 46 0.900000 0.075000 0.074000 1.200000 0.007000 0.008000
1496374472873056495	1400 50 1.200000 0.108000 0.137000 1400 43 1.000000 1.628000 1.728000 600 46 0.900000 0.075000 0.074000 1.200000 0.007000 0.008000
1496374473382082172	1400 50 1.200000 0.104000 0.132000 1400 43 1.000000 1.615000 1.715000 600 46 0.900000 0.075000 0.074000 1.200000 0.012000 0.014000
1496374473891168265	1400 50 1.200000 0.105000 0.133000 1400 43 1.000000 1.612000 1.711000 600 46 0.900000 0.075000 0.074000 1.200000 0.011000 0.013000
1496374474400154901	1400 51 1.200000 0.104000 0.132000 1400 43 1.000000 1.604000 1.703000 600 46 0.900000 0.075000 0.074000 1.200000 0.011000 0.013000
1496374474909400077	1400 51 1.200000 0.106000 0.134000 1400 43 1.000000 1.619000 1.719000 600 46 0.900000 0.075000 0.074000 1.200000 0.010000 0.012000
1496374475418552796	1400 50 1.200000 0.107000 0.136000 1400 43 1.000000 1.629000 1.729000 600 46 0.900000 0.075000 0.074000 1.200000 0.009000 0.010000
1496374475927542723	1400 51 1.200000 0.109000 0.138000 1400 43 1.000000 1.629000 1.729000 600 46 0.900000 0.076000 0.075000 1.200000 0.010000 0.012000
1496374476436616483	1400 51 1.200000 0.111000 0.141000 1400 43 1.000000 1.638000 1.739000 600 46 0.900000 0.075000 0.074000 1.200000 0.008000 0.009000
1496374476945654493	1400 51 1.200000 0.106000 0.134000 1400 43 1.000000 1.610000 1.709000 600 46 0.900000 0.075000 0.074000 1.200000 0.010000 0.012000
1496374477454670754	1400 51 1.200000 0.104000 0.132000 1400 43 1.000000 1.612000 1.711000 600 46 0.900000 0.076000 0.075000 1.200000 0.010000 0.012000
1496374477963728014	1400 51 1.200000 0.104000 0.132000 1400 43 1.000000 1.606000 1.705000 600 46 0.900000 0.075000 0.074000 1.200000 0.010000 0.012000
1496374478472734399	1400 51 1.200000 0.103000 0.131000 1400 43 1.000000 1.603000 1.702000 600 46 0.900000 0.076000 0.075000 1.200000 0.011000 0.013000
1496374478981775868	1400 51 1.200000 0.103000 0.131000 1400 43 1.000000 1.602000 1.701000 600 46 0.900000 0.075000 0.074000 1.200000 0.012000 0.014000
1496374479490753003	1400 51 1.200000 0.101000 0.128000 1400 43 1.000000 1.618000 1.718000 600 46 0.900000 0.076000 0.075000 1.200000 0.011000 0.013000
1496374480000072347	1400 51 1.200000 0.103000 0.131000 1400 43 1.000000 1.615000 1.715000 600 46 0.900000 0.076000 0.075000 1.200000 0.011000 0.013000
1496374480509187982	1400 51 1.200000 0.109000 0.138000 1400 43 1.000000 1.601000 1.700000 600 46 0.900000 0.076000 0.075000 1.200000 0.012000 0.014000
1496374481018176326	1400 51 1.200000 0.104000 0.132000 1400 43 1.000000 1.599000 1.698000 600 46 0.900000 0.076000 0.075000 1.200000 0.014000 0.016000
1496374481527167461	1400 51 1.200000 0.104000 0.132000 1400 43 1.000000 1.621000 1.721000 600 46 0.900000 0.076000 0.075000 1.200000 0.014000 0.016000
1496374482036229555	1400 51 1.200000 0.106000 0.134000 1400 43 1.000000 1.618000 1.718000 600 46 0.900000 0.076000 0.075000 1.200000 0.013000 0.015000
1496374482545211690	1400 51 1.200000 0.104000 0.132000 1400 43 1.000000 1.616000 1.716000 600 46 0.900000 0.076000 0.075000 1.200000 0.015000 0.018000
1496374483054193659	1400 51 1.200000 0.102000 0.129000 1400 43 1.000000 1.606000 1.705000 600 46 0.900000 0.076000 0.075000 1.200000 0.015000 0.018000
1496374483563155336	1400 51 1.200000 0.102000 0.129000 1400 43 1.000000 1.594000 1.692000 600 46 0.900000 0.075000 0.074000 1.200000 0.017000 0.020000
1496374484072167596	1400 51 1.200000 0.107000 0.136000 1400 43 1.000000 1.608000 1.707000 600 46 0.900000 0.076000 0.075000 1.200000 0.016000 0.019000
1496374484581262481	1400 50 1.200000 0.106000 0.134000 1400 43 1.000000 1.593000 1.691000 600 46 0.900000 0.076000 0.075000 1.200000 0.021000 0.025000
1496374485090318617	1400 50 1.200000 0.104000 0.132000 1400 43 1.000000 1.574000 1.671000 600 46 0.900000 0.075000 0.074000 1.200000 0.022000 0.026000
1496374485599347210	1400 50 1.200000 0.105000 0.133000 1400 43 1.000000 1.563000 1.659000 600 46 0.900000 0.076000 0.075000 1.200000 0.031000 0.037000
1496374486108558554	1400 49 1.200000 0.108000 0.137000 1400 43 1.000000 1.485000 1.577000 600 46 0.900000 0.076000 0.075000 1.200000 0.049000 0.059000
1496374486617616814	1400 45 1.200000 0.112000 0.142000 1400 42 1.000000 1.225000 1.299000 600 46 0.900000 0.076000 0.075000 1.200000 0.089000 0.108000
1496374487126891741	1400 44 1.200000 0.100000 0.127000 1400 41 1.000000 0.729000 0.771000 600 45 0.900000 0.075000 0.074000 1.200000 0.012000 0.014000
1496374487636158584	1400 43 1.200000 0.105000 0.133000 1400 41 1.000000 0.727000 0.769000 600 44 0.900000 0.074000 0.073000 1.200000 0.013000 0.015000
1496374488145806343	1400 43 1.200000 0.102000 0.129000 1400 41 1.000000 0.751000 0.794000 600 44 0.900000 0.074000 0.073000 1.200000 0.024000 0.029000
1496374488656413685	1400 44 1.200000 0.174000 0.219000 1400 41 1.000000 0.646000 0.685000 600 43 0.900000 0.074000 0.073000 1.200000 0.032000 0.038000
1496374489166778860	1400 44 1.200000 0.109000 0.138000 1400 40 1.000000 0.829000 0.877000 600 43 0.900000 0.074000 0.073000 1.200000 0.018000 0.021000
1496374489677192035	1400 44 1.200000 0.111000 0.141000 1400 40 1.000000 0.812000 0.859000 600 43 0.900000 0.074000 0.073000 1.200000 0.020000 0.024000
1496374490186521753	1400 47 1.200000 0.109000 0.138000 1400 41 1.000000 0.826000 0.873000 600 43 0.900000 0.073000 0.072000 1.200000 0.019000 0.023000
1496374490695655222	1400 48 1.200000 0.101000 0.128000 1400 41 1.000000 1.148000 1.216000 600 44 0.900000 0.074000 0.073000 1.200000 0.021000 0.025000
1496374491204886357	1400 48 1.200000 0.100000 0.127000 1400 42 1.000000 1.711000 1.817000 600 45 0.900000 0.074000 0.073000 1.200000 0.007000 0.008000
1496374491714047950	1400 49 1.200000 0.102000 0.130000 1400 42 1.000000 1.710000 1.816000 600 45 0.900000 0.074000 0.073000 1.200000 0.004000 0.004000
1496374492223198794	1400 49 1.200000 0.101000 0.128000 1400 42 1.000000 1.713000 1.819000 600 46 0.900000 0.074000 0.073000 1.200000 0.007000 0.008000
1496374492732409637	1400 49 1.200000 0.101000 0.128000 1400 42 1.000000 1.712000 1.818000 600 46 0.900000 0.074000 0.073000 1.200000 0.015000 0.018000
1496374493241678981	1400 50 1.200000 0.100000 0.127000 1400 42 1.000000 1.718000 1.824000 600 46 0.900000 0.075000 0.074000 1.200000 0.014000 0.016000
1496374493750956741	1400 50 1.200000 0.103000 0.131000 1400 43 1.000000 1.716000 1.824000 600 46 0.900000 0.075000 0.074000 1.200000 0.012000 0.014000
1496374494260080293	1400 50 1.200000 0.103000 0.131000 1400 43 1.000000 1.721000 1.829000 600 47 0.900000 0.075000 0.074000 1.200000 0.009000 0.010000
1496374494769314511	1400 50 1.200000 0.101000 0.128000 1400 43 1.000000 1.717000 1.823000 600 47 0.900000 0.075000 0.074000 1.200000 0.020000 0.024000
1496374495278546813	1400 50 1.200000 0.107000 0.136000 1400 43 1.000000 1.715000 1.823000 600 47 0.900000 0.075000 0.074000 1.200000 0.019000 0.023000
1496374495787749239	1400 50 1.200000 0.108000 0.137000 1400 43 1.000000 1.719000 1.825000 600 47 0.900000 0.075000 0.074000 1.200000 0.021000 0.025000
1496374496296946791	1400 50 1.200000 0.108000 0.137000 1400 43 1.000000 1.720000 1.826000 600 47 0.900000 0.075000 0.074000 1.200000 0.017000 0.020000
1496374496806314676	1400 50 1.200000 0.109000 0.138000 1400 43 1.000000 1.718000 1.826000 600 47 0.900000 0.075000 0.074000 1.200000 0.013000 0.015000
1496374497315552811	1400 50 1.200000 0.107000 0.136000 1400 43 1.000000 1.721000 1.829000 600 47 0.900000 0.076000 0.075000 1.200000 0.017000 0.020000
1496374497824713196	1400 50 1.200000 0.105000 0.133000 1400 43 1.000000 1.716000 1.824000 600 47 0.900000 0.076000 0.075000 1.200000 0.023000 0.027000
1496374498333821665	1400 50 1.200000 0.103000 0.131000 1400 43 1.000000 1.716000 1.822000 600 47 0.900000 0.076000 0.075000 1.200000 0.023000 0.027000
1496374498843025550	1400 50 1.200000 0.107000 0.136000 1400 43 1.000000 1.716000 1.822000 600 47 0.900000 0.076000 0.075000 1.200000 0.028000 0.034000
1496374499352191893	1400 51 1.200000 0.111000 0.141000 1400 43 1.000000 1.722000 1.828000 600 47 0.900000 0.076000 0.075000 1.200000 0.021000 0.025000
1496374499861383778	1400 51 1.200000 0.110000 0.140000 1400 43 1.000000 1.725000 1.833000 600 47 0.900000 0.076000 0.075000 1.200000 0.011000 0.013000
1496374500370615872	1400 50 1.200000 0.103000 0.131000 1400 43 1.000000 1.726000 1.833000 600 47 0.900000 0.076000 0.075000 1.200000 0.012000 0.014000
1496374500879955507	1400 51 1.200000 0.102000 0.129000 1400 43 1.000000 1.723000 1.829000 600 47 0.900000 0.076000 0.075000 1.200000 0.017000 0.020000
1496374501389166600	1400 50 1.200000 0.103000 0.131000 1400 43 1.000000 1.721000 1.827000 600 47 0.900000 0.076000 0.075000 1.200000 0.026000 0.031000
1496374501898323985	1400 51 1.200000 0.103000 0.131000 1400 43 1.000000 1.705000 1.810000 600 47 0.900000 0.076000 0.075000 1.200000 0.033000 0.040000
1496374502407885412	1400 51 1.200000 0.108000 0.137000 1400 43 1.000000 1.716000 1.822000 600 47 0.900000 0.076000 0.075000 1.200000 0.014000 0.016000
1496374502917221088	1400 51 1.200000 0.111000 0.141000 1400 43 1.000000 1.724000 1.832000 600 47 0.900000 0.076000 0.075000 1.200000 0.021000 0.025000
1496374503426504640	1400 51 1.200000 0.110000 0.140000 1400 43 1.000000 1.718000 1.826000 600 47 0.900000 0.076000 0.075000 1.200000 0.021000 0.025000
1496374503935673900	1400 51 1.200000 0.107000 0.136000 1400 43 1.000000 1.729000 1.837000 600 47 0.900000 0.076000 0.075000 1.200000 0.009000 0.010000
1496374504444966660	1400 51 1.200000 0.105000 0.133000 1400 43 1.000000 1.722000 1.828000 600 47 0.900000 0.076000 0.075000 1.200000 0.018000 0.021000
1496374504954118920	1400 51 1.200000 0.104000 0.132000 1400 43 1.000000 1.723000 1.831000 600 47 0.900000 0.076000 0.075000 1.200000 0.023000 0.027000
1496374505463248097	1400 51 1.200000 0.103000 0.131000 1400 43 1.000000 1.717000 1.823000 600 47 0.900000 0.076000 0.075000 1.200000 0.023000 0.027000
1496374505972478440	1400 51 1.200000 0.103000 0.131000 1400 43 1.000000 1.699000 1.804000 600 47 0.900000 0.076000 0.075000 1.200000 0.034000 0.041000
1496374506481713450	1400 51 1.200000 0.112000 0.142000 1400 44 1.000000 1.722000 1.828000 600 47 0.900000 0.076000 0.075000 1.200000 0.022000 0.026000
1496374506990951877	1400 51 1.200000 0.111000 0.141000 1400 44 1.000000 1.726000 1.833000 600 47 0.900000 0.076000 0.075000 1.200000 0.013000 0.015000
1496374507500154970	1400 51 1.200000 0.106000 0.134000 1400 43 1.000000 1.731000 1.840000 600 47 0.900000 0.076000 0.075000 1.200000 0.011000 0.013000
1496374508009386105	1400 51 1.200000 0.104000 0.132000 1400 43 1.000000 1.724000 1.830000 600 47 0.900000 0.076000 0.075000 1.200000 0.013000 0.015000
1496374508518552907	1400 51 1.200000 0.105000 0.133000 1400 44 1.000000 1.722000 1.830000 600 47 0.900000 0.076000 0.075000 1.200000 0.021000 0.025000
1496374509027844667	1400 51 1.200000 0.105000 0.133000 1400 44 1.000000 1.709000 1.814000 600 47 0.900000 0.076000 0.075000 1.200000 0.007000 0.008000
1496374509537208760	1400 51 1.200000 0.108000 0.137000 1400 43 1.000000 1.717000 1.823000 600 47 0.900000 0.076000 0.075000 1.200000 0.010000 0.012000
1496374510046617604	1400 51 1.200000 0.111000 0.141000 1400 44 1.000000 1.722000 1.830000 600 47 0.900000 0.076000 0.075000 1.200000 0.012000 0.014000
1496374510555803489	1400 51 1.200000 0.110000 0.140000 1400 44 1.000000 1.724000 1.832000 600 47 0.900000 0.076000 0.075000 1.200000 0.013000 0.015000
1496374511065068332	1400 51 1.200000 0.106000 0.134000 1400 44 1.000000 1.721000 1.829000 600 47 0.900000 0.076000 0.075000 1.200000 0.018000 0.021000
1496374511574244675	1400 51 1.200000 0.103000 0.131000 1400 44 1.000000 1.728000 1.836000 600 48 0.900000 0.076000 0.075000 1.200000 0.016000 0.019000
1496374512083388727	1400 51 1.200000 0.106000 0.134000 1400 44 1.000000 1.716000 1.824000 600 47 0.900000 0.076000 0.075000 1.200000 0.008000 0.009000
1496374512592597987	1400 51 1.200000 0.109000 0.138000 1400 44 1.000000 1.714000 1.821000 600 47 0.900000 0.076000 0.075000 1.200000 0.011000 0.013000
1496374513101872456	1400 51 1.200000 0.111000 0.141000 1400 44 1.000000 1.723000 1.831000 600 47 0.900000 0.076000 0.075000 1.200000 0.015000 0.018000
1496374513612041798	1400 47 1.200000 0.180000 0.227000 1400 43 1.000000 0.730000 0.778000 600 46 0.900000 0.076000 0.075000 1.200000 0.031000 0.037000
1496374514122185932	1400 46 1.200000 0.106000 0.134000 1400 42 1.000000 0.820000 0.867000 600 45 0.900000 0.076000 0.075000 1.200000 0.018000 0.021000
1496374514632489898	1400 45 1.200000 0.106000 0.134000 1400 42 1.000000 0.819000 0.866000 600 44 0.900000 0.075000 0.074000 1.200000 0.018000 0.021000
1496374515142225908	1400 46 1.200000 0.104000 0.132000 1400 41 1.000000 0.828000 0.876000 600 44 0.900000 0.074000 0.073000 1.200000 0.019000 0.023000
1496374515651408626	1400 51 1.200000 0.100000 0.127000 1400 42 1.000000 1.579000 1.676000 600 45 0.900000 0.074000 0.073000 1.200000 0.032000 0.038000
1496374516160605428	1400 52 1.200000 0.101000 0.128000 1400 43 1.000000 2.005000 2.135000 600 46 0.900000 0.075000 0.074000 1.200000 0.030000 0.036000
1496374516669804688	1400 53 1.200000 0.105000 0.133000 1400 43 1.000000 2.001000 2.131000 600 47 0.900000 0.075000 0.074000 1.200000 0.029000 0.035000
1496374517179023615	1400 53 1.200000 0.106000 0.134000 1400 44 1.000000 1.996000 2.125000 600 47 0.900000 0.076000 0.075000 1.200000 0.030000 0.036000
1496374517688269250	1400 53 1.200000 0.105000 0.133000 1400 44 1.000000 1.995000 2.124000 600 47 0.900000 0.076000 0.075000 1.200000 0.028000 0.033000
1496374518197462302	1400 53 1.200000 0.107000 0.136000 1400 44 1.000000 1.997000 2.126000 600 48 0.900000 0.076000 0.075000 1.200000 0.028000 0.033000
1496374518706738062	1400 53 1.200000 0.109000 0.138000 1400 44 1.000000 1.992000 2.121000 600 48 0.900000 0.076000 0.075000 1.200000 0.026000 0.031000
1496374519215967363	1400 53 1.200000 0.111000 0.141000 1400 44 1.000000 1.937000 2.062000 600 47 0.900000 0.077000 0.076000 1.200000 0.024000 0.029000
1496374519725102124	1400 53 1.200000 0.111000 0.141000 1400 44 1.000000 1.143000 1.211000 600 47 0.900000 0.077000 0.076000 1.200000 0.023000 0.027000
1496374520234329092	1400 54 1.200000 0.109000 0.138000 1400 44 1.000000 2.021000 2.152000 600 48 0.900000 0.077000 0.076000 1.200000 0.031000 0.037000
1496374520743481060	1400 54 1.200000 0.107000 0.136000 1400 45 1.000000 2.019000 2.150000 600 48 0.900000 0.077000 0.076000 1.200000 0.030000 0.036000
1496374521252583196	1400 54 1.200000 0.105000 0.133000 1400 45 1.000000 2.014000 2.144000 600 48 0.900000 0.077000 0.076000 1.200000 0.030000 0.036000
1496374521761818372	1400 54 1.200000 0.110000 0.139000 1400 45 1.000000 2.010000 2.140000 600 48 0.900000 0.077000 0.076000 1.200000 0.029000 0.035000
1496374522271075257	1400 54 1.200000 0.107000 0.136000 1400 45 1.000000 2.009000 2.139000 600 48 0.900000 0.077000 0.076000 1.200000 0.029000 0.035000
1496374522780169226	1400 54 1.200000 0.107000 0.136000 1400 45 1.000000 2.010000 2.140000 600 48 0.900000 0.077000 0.076000 1.200000 0.028000 0.033000
1496374523289273111	1400 54 1.200000 0.105000 0.133000 1400 45 1.000000 2.007000 2.137000 600 48 0.900000 0.077000 0.076000 1.200000 0.026000 0.031000
1496374523798537496	1400 54 1.200000 0.104000 0.132000 1400 44 1.000000 1.269000 1.346000 600 48 0.900000 0.077000 0.076000 1.200000 0.008000 0.009000
1496374524307980423	1400 54 1.200000 0.106000 0.134000 1400 45 1.000000 2.025000 2.156000 600 48 0.900000 0.077000 0.076000 1.200000 0.041000 0.049000
1496374524817224308	1400 54 1.200000 0.106000 0.134000 1400 45 1.000000 2.022000 2.153000 600 48 0.900000 0.077000 0.076000 1.200000 0.031000 0.037000
1496374525326608234	1400 54 1.200000 0.109000 0.138000 1400 45 1.000000 2.018000 2.149000 600 48 0.900000 0.077000 0.076000 1.200000 0.030000 0.036000
1496374525835779369	1400 54 1.200000 0.113000 0.143000 1400 45 1.000000 2.012000 2.142000 600 48 0.900000 0.077000 0.076000 1.200000 0.030000 0.036000
1496374526344974671	1400 54 1.200000 0.113000 0.143000 1400 45 1.000000 2.008000 2.138000 600 49 0.900000 0.077000 0.076000 1.200000 0.030000 0.036000
1496374526854113348	1400 54 1.200000 0.106000 0.134000 1400 45 1.000000 2.007000 2.137000 600 49 0.900000 0.077000 0.076000 1.200000 0.029000 0.035000
1496374527363189191	1400 54 1.200000 0.106000 0.134000 1400 45 1.000000 2.011000 2.141000 600 49 0.900000 0.077000 0.076000 1.200000 0.027000 0.032000
1496374527872305202	1400 53 1.200000 0.106000 0.135000 1400 45 1.000000 1.150000 1.219000 600 47 0.900000 0.077000 0.076000 1.200000 0.012000 0.014000
1496374528381513295	1400 54 1.200000 0.104000 0.132000 1400 45 1.000000 2.025000 2.156000 600 48 0.900000 0.077000 0.076000 1.200000 0.030000 0.036000
1496374528890612097	1400 54 1.200000 0.111000 0.141000 1400 45 1.000000 2.023000 2.154000 600 48 0.900000 0.077000 0.076000 1.200000 0.030000 0.036000
1496374529399810940	1400 55 1.200000 0.112000 0.142000 1400 45 1.000000 2.019000 2.150000 600 49 0.900000 0.077000 0.076000 1.200000 0.030000 0.036000
1496374529909037450	1400 55 1.200000 0.114000 0.145000 1400 45 1.000000 2.017000 2.148000 600 49 0.900000 0.077000 0.076000 1.200000 0.029000 0.035000
1496374530418152419	1400 55 1.200000 0.112000 0.142000 1400 45 1.000000 2.009000 2.139000 600 49 0.900000 0.078000 0.077000 1.200000 0.028000 0.033000
1496374530927519971	1400 55 1.200000 0.106000 0.134000 1400 45 1.000000 2.008000 2.138000 600 49 0.900000 0.078000 0.077000 1.200000 0.027000 0.032000
1496374531436811355	1400 55 1.200000 0.109000 0.138000 1400 45 1.000000 2.008000 2.138000 600 49 0.900000 0.078000 0.077000 1.200000 0.027000 0.032000
1496374531946027116	1400 53 1.200000 0.109000 0.138000 1400 45 1.000000 2.006000 2.136000 600 47 0.900000 0.078000 0.077000 1.200000 0.018000 0.021000
1496374532455187834	1400 54 1.200000 0.109000 0.138000 1400 45 1.000000 1.503000 1.596000 600 48 0.900000 0.078000 0.077000 1.200000 0.030000 0.036000
1496374532964306553	1400 54 1.200000 0.112000 0.142000 1400 45 1.000000 2.002000 2.132000 600 48 0.900000 0.077000 0.076000 1.200000 0.028000 0.033000
1496374533473407646	1400 54 1.200000 0.114000 0.145000 1400 45 1.000000 2.002000 2.132000 600 49 0.900000 0.077000 0.076000 1.200000 0.029000 0.035000
1496374533982584031	1400 55 1.200000 0.111000 0.141000 1400 45 1.000000 1.997000 2.126000 600 49 0.900000 0.078000 0.077000 1.200000 0.027000 0.032000
1496374534491735541	1400 55 1.200000 0.109000 0.138000 1400 45 1.000000 1.999000 2.128000 600 49 0.900000 0.077000 0.076000 1.200000 0.026000 0.031000
1496374535000934260	1400 55 1.200000 0.107000 0.136000 1400 45 1.000000 1.991000 2.116000 600 49 0.900000 0.078000 0.077000 1.200000 0.026000 0.031000
1496374535510111812	1400 55 1.200000 0.109000 0.138000 1400 45 1.000000 1.994000 2.119000 600 49 0.900000 0.078000 0.077000 1.200000 0.025000 0.030000
1496374536019345697	1400 53 1.200000 0.106000 0.134000 1400 45 1.000000 1.576000 1.673000 600 47 0.900000 0.078000 0.077000 1.200000 0.021000 0.025000
1496374536528431124	1400 45 1.200000 0.103000 0.131000 1400 43 1.000000 0.306000 0.327000 600 46 0.900000 0.077000 0.076000 1.200000 0.011000 0.013000
1496374537037339509	1400 44 1.200000 0.101000 0.128000 1400 42 1.000000 0.301000 0.321000 600 44 0.900000 0.076000 0.075000 1.200000 0.003000 0.003000
