#Timestamp	CPU_CYCLES	L1I_CACHE_REFILL	L1I_TLB_REFILL	L1D_CACHE_ACCESS	L1D_TLB_REFILL	INST_RETIRED	EXCEPTION_TAKEN
1495802305433972332	320361900	3501801	1024872	82097418	1243049	164639171	17688
1495802305934875854	500948199	5770910	1679947	120205872	1988353	231882264	29258
1495802306435572292	500695064	5707661	1656258	122035560	1972158	238057941	28953
1495802306936253481	500676577	5630680	1639418	124006694	1951461	245284248	28636
1495802307436872919	500618256	5519026	1611905	127204958	1928949	257270565	27999
1495802307937531774	500657502	3844293	1896074	137346680	2362399	222134511	25679
1495802308438236046	500717228	2763115	2097250	152031302	2593990	219513323	23511
1495802308938960610	500722242	2393204	1497818	136139920	2156199	215353482	18453
1495802309439591006	500627637	2336117	1399623	151016766	2154444	257713054	25540
1495802309940215903	500629015	1492282	804408	235722967	1047529	595045091	11153
1495802310440837508	500622576	1533629	801492	236289016	1114616	597693888	11019
1495802310941460364	500624933	920795	438891	260794253	565564	711808517	4992
1495802311442082677	500621565	1014070	476681	265284789	676085	721061081	5272
1495802311942733532	500632350	1176367	523488	241246061	656428	694500193	6036
1495802312443399596	500687452	1030704	465663	256738566	598354	704893658	5224
1495802312944103993	500698253	1260225	568892	254324593	807108	692866732	6463
1495802313444755181	500657853	1298008	577281	256080267	1037361	688532315	6617
1495802313945382744	500626644	1307220	582242	255131036	1138793	688549702	6743
1495802314446112516	500731686	1376643	617693	249650448	1243942	671952166	7206
1495802314946744621	500633325	1367275	602042	251158145	1320800	677589722	6959
1495802315447376852	500633307	1273282	572719	256046059	1170643	688975593	6541
1495802315947999165	500624418	1236756	555593	256012449	1204702	689547197	6420
1495802316448691520	500688519	1480503	671941	278451544	1613218	709627486	7960
1495802316949351834	500660754	2010944	951829	246409833	2117406	557605772	11267
1495802317449995064	500642149	2438459	1185403	209056293	2433152	397173471	14118
1495802317950641794	500646078	2505943	1218881	205331277	2437436	390998846	14370
1495802318451284066	500647793	2475134	1215666	204562246	2432099	390322475	14559
1495802318951913754	500629782	2487117	1208055	205893945	2417907	392900574	14299
1495802319452545443	500632521	2440654	1186108	208586568	2436002	397273246	14117
1495802319953174548	500632296	2454986	1194443	205914112	2434838	393053359	14168
1495802320453885361	500710524	2522620	1233900	201115528	2413255	385297724	14768
1495802320954518217	500633019	2504949	1230732	202713667	2428115	387170383	14595
1495802321455149738	500632992	2431617	1203396	204316417	2666427	384806883	14328
1495802321955791010	500641845	2536325	1255687	198511248	2660766	375596496	15046
1495802322456429282	500635485	2525945	1250661	198567888	2655138	376075513	14972
1495802322957080429	500648796	2500526	1238412	200513076	2676203	377960194	14685
1495802323457732742	500653707	2536465	1254682	199076762	2633018	376685058	14942
1495802323958426764	500699670	2416385	1206247	205474234	2636508	386208480	14111
1495802324459137786	500712498	2455509	1218169	203631865	2425479	390878855	14413
1495802324959772641	500634528	2498136	1247916	199622433	2522532	379757776	14758
1495802325460414871	500640753	2412858	1198687	204492508	2548925	386966411	14160
1495802325961059310	500648292	2339556	1157894	194996154	2135793	398546116	13753
1495802326461678498	500619915	2117996	1037998	201182482	1820664	414191053	12140
1495802326962308853	500629800	2487949	1228839	199984503	2185881	391876132	14595
1495802327462943208	500635687	2248229	1096682	201452510	1943241	408437887	12891
1495802327963641189	500639375	2152953	1043146	179804675	1438036	411997234	12408
1495802328464258877	500675074	2615716	1289345	169988318	1524748	389544796	14709
1495802328964882232	500624897	2340690	1141606	173132312	1388774	401150481	13847
1495802329465532796	500654392	3122051	1567678	157043609	1917746	345148136	15676
1495802329966149734	500617073	2290174	1123922	172582474	1377039	398902251	13661
1495802330466776131	500626194	2696312	1330365	169334800	1590769	380426978	14982
1495802330967394611	500618880	2797384	1390039	164512964	1641914	376923786	15190
1495802331468019675	500620264	2245907	1093997	175187663	1354733	409491587	13327
1495802331968713072	500698451	2514487	1244201	170565737	1500990	391912757	14097
1495802332469316468	500607495	2436546	1193350	169483778	1424699	396159472	14157
1495802332969912574	500595798	2333690	1154626	170829528	1389345	399849555	13630
1495802333470624887	500712765	2435531	1205466	168785609	1439921	394110922	13911
1495802333971233076	500605134	2500085	1233126	167783857	1479053	391229416	14070
1495802334471860889	500632317	2266686	1103495	173869342	1348719	405041970	13423
1495802334972497536	500634942	2498161	1242745	168902186	1471254	391741190	14016
1495802335473091391	500597559	2299844	1127555	171315220	1382207	403387884	13586
1495802335973699913	500605354	2209558	1082561	172753319	1321560	408457446	13057
1495802336474322935	500625284	2482728	1224729	170450041	1482497	396689943	13943
1495802336974949623	500619049	2446888	1210702	170217389	1481116	390819233	13650
1495802337475620729	500675147	2433031	1194260	171041712	1434185	400409947	13824
1495802337976256500	500640939	2385355	1176916	172021179	1456588	398926502	13397
1495802338476878439	500623705	2437168	1190307	169739943	1434614	397703895	13848
1495802338977503669	500624390	2517753	1242347	167115549	1481652	391574448	14375
1495802339478265774	500765538	2584034	1269360	169193920	1518390	390381488	14432
1495802339979015921	500748897	2452873	1201036	172413033	1463661	395780425	14243
1495802340479735818	500715825	2377491	1160462	171454376	1406075	397839017	13881
1495802340980434214	500705113	2740637	1370403	163511353	1612657	375677564	14891
1495802341481127611	500690105	2558469	1283875	167378217	1530291	388532830	14405
1495802341981850549	500726154	2321328	1087061	172434564	1383376	391353094	12762
1495802342482578654	500731644	2341501	1136106	171491384	1401913	400329112	13459
1495802342983283218	500703972	2623590	1289995	168238003	1562328	378398095	14301
1495802343484024740	500738551	2640971	1306876	168748969	1563861	385550848	14628
1495802343984720303	500690181	2430098	1210188	171802573	1463830	390638891	14308
1495802344485491200	500777567	2619928	1402359	162672276	1606908	374444528	14361
1495802344986193888	500705031	2477424	1224030	170881479	1463065	395496106	14122
1495802345486869701	500676048	2552434	1260764	166785142	1518001	385917494	14747
1495802345987515598	500646262	2354625	1150636	171877199	1397751	398606891	14055
1495802346488137328	500622471	2432409	1200417	169873856	1456921	390648852	14273
1495802346988823475	500689112	2902003	1474994	161525715	1721916	368091166	15051
1495802347489435747	500612448	2324004	1141555	171593282	1396760	396440755	13739
1495802347990063269	500628426	2415116	1188823	171002979	1428364	396461993	13887
1495802348490705707	500637570	2785384	1396295	163830738	1664696	372620870	15131
1495802348991344479	500644827	2254471	1106514	172764791	1352951	400604214	13415
1495802349491958668	500613609	2541205	1250621	160365162	1575739	352476136	12775
1495802349992572106	500615622	2417484	1182289	172417655	1462033	393316125	14082
1495802350493182420	500610495	2577986	1269787	170593184	1575454	395149433	14313
1495802350993839442	500659675	2843387	1409071	163185539	1740792	370642319	14889
1495802351494460464	500613311	3107996	1546181	159730599	1881095	358799470	15767
1495802351995097235	500642763	2426913	1185752	171409198	1521239	395465344	13973
1495802352495811132	500716210	2394288	1174528	168961245	1499729	399081192	13982
1495802352996454487	500643437	2536032	1238151	168905617	1599773	388364415	14079
1495802353497073051	500619330	2506249	1227687	169262341	1564715	395689820	14321
1495802353997694489	500622814	2377400	1165405	169120295	1473855	400922777	13689
1495802354498308761	500614220	2517808	1239541	167824681	1575217	388122841	14181
1495802354999010991	500703763	2388524	1181072	169205939	1505323	398685105	13846
1495802355499652055	500643045	2309659	1122792	171614374	1469532	402000583	13550
1495802356000282827	500627204	2640404	1319441	165641228	1637377	384309340	14692
1495802356500910140	500629125	2553954	1256404	170211373	1602395	386355899	14538
1495802357001539537	500633869	2365150	1174740	170394573	1508644	395397811	13509
1495802357502146392	500605316	2459929	1214939	168749989	1545761	396206210	13993
1495802358002812664	500656356	2459568	1214388	173092584	1597133	389800426	14362
1495802358503449477	500645610	2561912	1266230	169594647	1587336	390455094	14186
1495802359004140499	500689665	2517223	1240491	168079921	1551315	391180149	14369
1495802359504789271	500654668	2386148	1179601	169114342	1504751	400093297	13647
1495802360005402251	500609459	2254873	1106483	171337571	1424377	410115486	13215
1495802360506005898	500609163	2358160	1160087	170683702	1496808	401102007	13624
1495802361006602587	500593029	2733284	1351578	164624402	1666108	378468765	14729
1495802361507199025	500601936	2344604	1148023	172572130	1493005	400660613	13189
1495802362007869880	500666811	2430793	1192633	170488865	1505310	394952854	14035
1495802362508487152	500621067	2547563	1253654	168413915	1589243	391354589	14341
1495802363009164632	500680239	2625147	1290235	167901421	1638588	379523517	14691
1495802363509765362	500596512	2304730	1127877	171387765	1455831	403131416	13480
1495802364010375134	500611915	2885224	1432471	161128140	1750503	371843915	15283
1495802364510992948	500621099	2459774	1211915	168986856	1544066	396150661	14083
1495802365011587761	500595303	2355841	1153830	170954113	1492072	397266977	14035
1495802365512253367	500662156	2488863	1239977	164711144	1554773	382513143	13904
1495802366012963805	500696369	2026356	1069754	163907575	1474422	366157465	11048
1495802366513638160	335122575	1967170	597431	78616752	1068278	172343002	9657
1495802367014362432	500770182	5781371	1687456	118309323	2004318	226509563	29310
1495802367515049537	500679490	5696113	1656876	121066972	1976162	235358389	28893
1495802368015682017	500640081	5616973	1640084	122792576	1958032	241802465	28586
1495802368516381455	500689638	5568472	1623112	124572755	1945558	248174854	28346
1495802369017055269	500687894	4323128	1368678	167136132	1662495	348495300	23037
1495802369517688791	500630226	678858	438804	195478640	645825	478007252	5461
1495802370018407646	500713248	804536	551353	200349860	808204	549264176	7870
1495802370519226876	500827341	1247586	804944	124912728	1375878	282790456	13234
1495802371019925356	500697159	586341	178864	95809247	617803	313880213	1463
1495802371520630628	500706618	400775	237936	100124461	1151123	269221219	3396
1495802372021253774	500625726	69588	43472	126973059	695425	346942392	114
1495802372521874130	500618313	479901	164115	96076948	738019	304255745	1493
1495802373022497235	500625162	534915	221315	98324091	1130835	262743272	2223
1495802373523120632	500626560	650127	365928	122376095	1081451	297810431	5254
1495802374023745070	500624283	506797	275606	109610844	1146674	251839452	3406
1495802374524368384	500622195	480711	284414	106913922	1007592	258425529	3886
1495802375024992281	500625216	575828	342939	109389959	1033585	264662787	4896
1495802375525615636	500623749	490041	288269	107031615	987473	258835038	3987
1495802376026237491	500622813	548939	318894	101802053	984853	250245596	4721
1495802376526855179	500617440	67302	26687	124976750	311926	458106726	112
1495802377027465910	500613186	68165	26525	345953099	430284	622852129	112
1495802377528082140	500618077	68353	23832	787252109	1016329	956357271	112
1495802378028707537	500622617	73016	27194	235939003	393170	546174132	121
1495802378529325267	500618913	601424	367639	134607821	698087	417498386	6428
1495802379029967580	500644101	2714553	1112037	208281396	3037137	347111403	19126
1495802379530589102	500622060	2828158	25408	266519006	4109923	498640649	111
1495802380031206082	500618070	3137803	26058	261761502	4059014	490804957	113
1495802380531820646	500615403	3133150	25616	257860723	4021596	485649103	112
1495802381032505084	500686572	2893267	26800	252822150	4014293	479721891	113
1495802381533132106	500626422	2732721	26321	254432558	4016816	482901523	112
1495802382033787295	500656509	2783314	32927	256614020	2997460	510383255	192
1495802382534409858	500621541	4893830	25533	239193560	3735729	470085550	112
1495802383035026880	500619324	4960326	27487	236399778	3731496	466138770	125
1495802383535648069	500620584	4908959	25298	234510112	3708066	463687520	112
1495802384036266882	500620980	4846907	25665	232677398	3703386	461404821	113
1495802384536885529	500617287	4695689	25640	228225717	3699186	455409830	112
1495802385037508884	500623239	4759025	25838	230331587	3687180	458799709	113
1495802385538123948	500617707	2552795	26044	196941044	2833536	418590222	134
1495802386038737886	500617230	106971	54459	147804416	1808547	331020310	617
1495802386539346991	500608047	49227	20270	132983119	192527	278186673	112
1495802387039957763	500613537	50547	21612	131441240	191171	274852297	114
1495802387540574743	500615919	49015	21802	134566580	196122	281576956	112
1495802388041189015	500614548	50533	22115	132736548	193511	277645974	113
1495802388541808454	500619732	49648	21676	133029252	193572	278299734	112
1495802389042421934	500615238	51396	22446	132350690	193270	276830509	113
1495802389543044331	500621901	48385	21955	133476219	194247	279166444	112
1495802390043675978	500634003	52619	22655	132353469	193353	276821472	114
1495802390544361666	500687145	48436	21935	133505035	194409	279224850	112
1495802391044969521	500606811	51865	22889	132374419	192861	276873225	114
1495802391545572377	500604261	48294	21828	132218885	192345	276475363	112
1495802392046173690	500603244	50187	21514	134231304	194814	280872570	113
1495802392546777379	500603118	50321	21933	133103984	193271	278432712	110
1495802393047374942	500599869	49632	22430	134826621	196433	282063284	113
1495802393547976256	500601021	48996	21877	133415599	194488	279096945	112
1495802394048630653	500604036	49172	22341	132448717	193717	276994642	113
1495802394549252549	500656824	48530	21860	133080528	193876	278415842	112
1495802395049948821	500718300	50670	22666	132984901	194854	278155687	114
1495802395550568593	500613885	49038	21643	130437828	191520	273517203	112
1495802396051189532	500622816	51519	22491	133166037	194130	278635281	113
1495802396551805262	500616552	49059	21818	132487591	193631	276948590	112
1495802397052425325	500621070	48408	21698	133020212	194280	278210405	113
1495802397553049139	500622348	47712	21425	132874175	191448	277980416	112
1495802398053682077	500634372	50052	22355	131398829	193201	274744217	114
1495802398554300516	500620572	47900	22124	131756964	192646	275490167	112
1495802399054921996	500621958	50684	22538	131381131	191883	274727166	114
1495802399555546810	500623107	46671	21520	133699828	194485	279675214	112
1495802400056173831	500630019	49471	21892	131628442	191915	275237665	113
1495802400556868270	500693796	3860216	25429	216271091	2965936	433170813	126
1495802401057495875	500625843	5085252	25017	237197914	3827311	478553679	113
1495802401558121064	500627154	5015457	24362	234805334	3874333	474804331	112
1495802402058741085	500622291	4927401	25077	231313746	3830965	469631366	114
1495802402559359857	500616618	4855889	24846	228976851	3835774	466563590	112
1495802403059980962	500624583	4797206	24980	227654164	3830610	464890090	114
1495802403560601151	500620176	4784819	24192	226768850	3826845	463987991	115
1495802404061220548	500619825	241801	25746	197305491	2944496	456339854	132
1495802404561845986	500626312	2056552	784658	258113961	1402134	561853839	1535
1495802405062584550	500737802	620473	281012	108028500	1040592	269040613	731
1495802405563300655	339578097	2882066	856278	88801694	1122157	183962401	14547
1495802406064073385	500757431	5777445	1680531	119460182	1986172	229394482	29272
1495802406564872865	500767974	5717547	1655614	121470383	1959820	236320503	28935
1495802407065582970	500736765	5615768	1635583	123634593	1940330	244163376	28567
1495802407566352325	500778690	5575862	1650827	125317943	1959370	250930939	28531
1495802408067041805	500691194	3193177	973435	94199184	1186991	196125934	16810
1495802408567724910	500682909	170127	83310	55840760	141848	134206797	909
1495802409068411890	500687895	168602	82541	55785615	145859	134047211	906
1495802409569155037	500743635	173710	87103	55985429	147714	134293233	959
1495802410069904183	500749599	167539	82861	55801188	142300	134114980	904
1495802410570518622	500616869	165789	82981	55729474	140514	134054019	904
1495802411071135727	500615464	167658	82283	55783211	140630	134036105	903
1495802411571754582	500619064	166543	81744	55787883	141975	134136872	904
1495802412072367396	500615863	167778	83037	55778882	140044	134105873	904
1495802412572982751	500616545	165944	82450	55778959	139899	134116374	905
1495802413073646314	500617425	168470	83542	55783718	141463	134148888	909
1495802413574268920	500667469	166408	82742	55779381	139326	134115324	906
1495802414074882983	500616772	169291	83976	55767264	140281	134149782	906
1495802414575504172	500622084	167350	83276	55826821	141594	134179273	908
1495802415076143985	500639790	169411	83905	55778517	139898	134080732	903
1495802415576757632	500615566	166318	83170	55833387	140427	134147096	907
1495802416077375779	500616357	166251	82925	55766851	140098	134063161	904
1495802416577987467	500613525	167895	83311	55783531	141142	134142685	903
1495802417078646781	500612871	168503	83617	55799718	141382	134161192	908
1495802417579261844	500663351	166202	83057	55807151	139152	134204116	907
1495802418079880866	500619891	165445	83090	55786334	140786	134125707	907
1495802418580497263	500615310	231760	119888	79037472	253196	313411882	1487
1495802419081118702	500614710	196246	102232	123785536	381913	733050987	941
1495802419581743182	500627181	196491	103111	123920823	385930	733334409	947
1495802420082431287	500694711	457369	248138	125259467	1501578	634321596	3425
1495802420583047351	500615137	591366	310451	88429509	7699961	215480612	4807
1495802421083676622	500630330	1270629	712366	139570395	2660451	312028529	11737
1495802421584300269	500625225	482901	277803	152226867	3012991	336268061	4171
1495802422084907749	500608860	85459	27231	266700213	509492	555162065	125
1495802422585522021	500615227	108444	26388	298320095	466126	563758908	118
1495802423086127710	500605356	109265	26385	302771057	438353	571522164	116
1495802423586734398	500607308	106446	25898	310629703	387164	580236444	112
1495802424087344587	500613184	82935	25521	312771855	386520	582825454	112
1495802424588048609	500701475	104358	25219	296919582	508573	563336172	112
1495802425088692714	500643730	112202	27116	297124075	498339	559611653	119
1495802425589312736	500621784	109226	26770	296175576	523760	559387966	117
1495802426089928049	500615374	105747	25612	315106000	351412	586771065	112
1495802426590543946	500618519	104806	25356	313026765	366614	584066623	112
1495802427091162010	500617464	107011	25732	310531488	417501	577685712	112
1495802427591778115	500619565	106627	25257	311400722	417712	578471179	112
1495802428092399595	500619106	109998	25834	301480984	470554	569213090	114
1495802428593013367	500616162	107126	25368	311835184	384178	580919909	112
1495802429093691389	500679536	106808	25562	315800535	365185	586973634	113
1495802429594378452	500685986	105922	25183	313129447	392001	582087446	112
1495802430095104307	500726743	108337	25596	311219135	400872	578738236	112
1495802430595787537	500685080	106628	25181	309138758	431771	574042393	112
1495802431096478809	500689595	108001	26656	306818191	442218	572142062	112
1495802431597168372	500692416	107834	26057	303466669	444942	570699111	115
1495802432097860436	500692086	106371	25645	310439367	390444	578983603	112
1495802432598611416	500694584	104440	25187	312995173	374666	583317232	112
1495802433099309438	500757651	108328	26125	308519528	430839	575493611	112
1495802433599998334	500687810	105795	24881	309456852	417054	576260308	112
1495802434100689648	500691804	107342	24856	310366524	426392	577088212	112
1495802434601381420	500694848	106045	25308	303322525	485937	565179265	112
1495802435102070358	500684839	108524	25905	301720368	510587	566038029	113
1495802435602764130	500699573	108082	24796	312559349	428692	578851619	113
1495802436103455401	500688352	109014	25407	313093129	441721	578214512	112
1495802436604282048	500829393	108449	25259	310214871	452160	574894939	111
1495802437104974986	500692469	110973	26276	301200864	507630	564915524	112
1495802437605654967	500681072	105529	24473	312597173	447685	578274807	112
1495802438106346030	500691322	109578	26207	306323795	466393	569205506	115
1495802438607029135	500686046	104726	24192	316710999	386455	585939532	112
1495802439107716740	500687606	108858	25443	312092814	427406	576956044	112
1495802439608432137	500713764	106932	24358	310058548	474530	572966672	112
1495802440109129742	500700062	109401	26156	301221961	515449	565315293	114
1495802440609744972	500613007	106739	24893	303840576	493996	568099541	114
1495802441110361994	500618339	105481	24774	312527279	450830	577437904	112
1495802441610984849	500624946	106384	25118	307542345	501353	567646545	112
1495802442111601829	500619207	108007	24975	305845683	504600	569812038	113
1495802442612220976	500619427	106256	24902	305040125	505460	566245500	112
1495802443112840998	500618919	106845	24814	303733667	511957	564509179	112
1495802443613465187	500626290	111217	25493	287042925	564308	557979962	116
1495802444114209792	500743190	111364	25145	260948732	596240	553074795	120
1495802444614833772	500626131	98854	30645	203144080	739847	500612882	139
1495802445115452127	500617950	100241	30134	190550547	749691	475282544	168
1495802445616066232	500613792	114746	27198	283492136	559318	546561566	130
1495802446116678212	500616039	188521	74378	169177074	1025443	411998521	917
1495802446617291818	500612361	131694	53814	167895334	1361682	411884329	512
1495802447117908673	500617869	129777	53989	174219541	1541439	427434689	533
1495802447618620528	500635416	121428	48863	175811008	1666119	426514812	462
1495802448119242591	500700309	132264	56275	173468660	1688317	408049230	535
1495802448619932322	475255247	448481	155184	159168955	1687945	356454283	2093
1495802449120672843	367248620	4066143	1171218	92890373	1400287	185051554	20294
1495802449621395490	500714913	5780245	1669438	120209742	1959653	232293886	29093
1495802450122015720	500636469	5718022	1646177	121663611	1934913	237440827	28774
1495802450622644075	500623326	5636532	1624568	124091919	1908666	246063602	28392
1495802451123316930	500681475	5542914	1602164	125505610	1901488	252244259	27966
1495802451624040077	500720702	2009218	689578	193360027	1181961	417380704	11913
1495802452124655641	500616560	61048	23681	193742201	748033	444776380	145
1495802452625273663	500618786	58550	22570	195316957	747700	448382730	113
1495802453125887351	500612608	56825	21790	195489254	748153	448872403	112
1495802453626495290	500614937	54596	21938	195255704	747783	448466856	113
1495802454127177520	500679259	55754	21272	195514467	747349	448788802	112
1495802454627794917	500616759	56514	22582	195261269	747806	448499989	113
1495802455128413147	500620364	57089	23281	195441139	748041	448725711	113
1495802455629173668	500760438	58570	23205	195144599	748005	448268452	114
1495802456129795774	500622092	56805	22716	195300258	746993	448231269	112
1495802456630422004	500628260	57485	22672	195199207	746971	448094718	113
1495802457131043067	500621544	55661	22563	195168668	747862	448427820	112
1495802457631664964	500619537	57517	22992	195315642	747442	448465448	113
1495802458132283861	500621618	55463	22610	195430351	748109	448698197	112
1495802458632906175	500620474	56690	22489	195218847	748259	448518235	113
1495802459133734863	500829094	57983	23574	194538633	750147	448419888	115
1495802459634360551	500629123	56817	22244	194646659	751012	448450831	113
1495802460134984990	500625887	56759	22198	194544192	753161	448653975	112
1495802460635693720	500708515	57972	22795	194631733	751066	449315397	113
1495802461136398575	500705866	57261	22735	194633612	750860	449394682	112
1495802461637090972	500692088	56960	23221	194179153	750741	448423974	113
1495802462137786952	500696923	55438	22404	194165426	753614	448855694	112
1495802462638483682	500697482	57187	22910	194261688	753873	449194043	113
1495802463139291078	500810011	57705	23809	194249106	753597	449066030	114
1495802463639990350	500698119	59836	23557	193685572	765236	448185548	115
1495802464140697664	500708006	57437	23365	193883552	775163	448616725	110
1495802464641393394	500697867	58824	23438	193746227	773906	448679949	113
1495802465142082999	500688410	56626	23685	193762025	774938	448391796	112
1495802465642784562	500702333	58300	23389	193672535	777801	448322816	113
1495802466143479001	500695202	57548	23209	193094773	854894	447338892	112
1495802466644292731	500814614	59563	23404	192896383	851981	446917678	114
1495802467144989836	500698177	57838	23880	192864407	848187	446905972	113
1495802467645689066	500698793	58348	23706	193028753	855020	447293733	113
1495802468146384212	500696842	57212	23067	192989738	852606	447143083	112
1495802468647149442	500765717	58587	23430	193060025	856765	447372647	113
1495802469147757131	500609247	56406	23069	193046779	856624	447289619	112
1495802469648374736	500617932	57066	23373	193043328	855107	447298751	113
1495802470149080175	500705563	55939	23305	193068341	861725	447366635	113
1495802470649700780	500621609	58911	23901	192857274	857314	446961883	113
1495802471150322135	500621740	56981	23267	192589790	872742	446351776	113
1495802471650944573	500623958	57758	23316	192602858	874065	446437246	113
1495802472151570637	500626449	58303	23397	192571851	874914	446436049	112
1495802472652202117	500630862	57451	23347	192628917	871098	446523236	114
1495802473152816764	500615043	56443	22648	192864394	866142	447116162	112
1495802473653437994	500623884	56661	23115	192579866	866936	446387005	113
1495802474154140183	500703408	55933	22205	192601477	864884	446507656	113
1495802474654757538	500617440	58048	22663	192674290	869215	446612424	113
1495802475155388643	340700683	2850457	835683	98978513	1149433	207703146	14177
1495802475656086415	500701105	5802823	1682079	119501928	1985397	229434753	29297
1495802476156772228	500682564	5715691	1649963	121405131	1960333	236072134	28892
1495802476657402458	500629957	5644969	1636948	123605967	1945044	243882879	28591
1495802477158123605	500719833	5564839	1616964	125585060	1924525	250979688	28283
1495802477658888710	500765639	3720869	1167489	126231806	1623087	293300239	19929
1495802478159514857	500628291	886716	471006	109469556	1416725	268661740	6955
1495802478660236004	500721780	312292	131256	107106632	2540317	239779446	1430
1495802479160856442	500622045	55598	25880	172763776	2918192	360188934	113
1495802479661472881	500617488	56163	29042	172869352	2792241	361551897	113
1495802480162088486	500615608	53918	31545	173066458	2759488	360640611	112
1495802480662697758	500612253	54873	29477	173158736	2549434	362064054	113
1495802481163316530	500616885	52978	28836	173189051	2620387	361354145	112
1495802481664007426	500692361	56542	28551	173067536	2716996	360654081	114
1495802482164624407	500618890	53169	27612	173165326	2671162	361728444	112
1495802482665235345	500603633	53016	26905	173310597	2792495	362219166	113
1495802483165932617	500709487	52640	29450	173193017	2653168	362375744	113
1495802483666536514	500598092	55982	30992	172865608	2770136	361982340	113
1495802484167150369	500615881	54760	30609	172762975	3040272	361225764	112
1495802484667764557	500615216	55187	27378	172742118	2954614	360636724	114
1495802485168385329	500620872	54367	28991	172862129	2775387	360130503	112
1495802485669085684	500700475	55496	26859	172642559	2820576	361081448	114
1495802486169705956	500622957	53301	30461	173289788	2412361	361632514	112
1495802486670325645	500619059	55670	28483	173497237	2395781	361040799	113
1495802487170942375	500617854	55050	30647	173624148	2119636	361853950	113
1495802487671561980	500620764	54511	27716	173800383	2372855	360868794	113
1495802488172266794	500704374	55183	26733	173594411	2311626	361488287	112
1495802488672886440	500620911	55449	32038	173388638	2333749	361711217	113
1495802489173506546	500622020	54719	23855	173539835	2255231	361760727	112
1495802489674183151	500674760	56954	30374	173383579	2304627	361764225	114
1495802490174801464	500619380	54848	30239	173200229	2417974	362436579	112
1495802490675415569	500615437	56428	28416	173185001	2556618	362008663	113
1495802491176035716	500620655	54068	24296	172822339	2727846	359922446	113
1495802491676664446	500628225	55329	24661	172820504	2897346	360422303	113
1495802492177284427	500620496	54307	26017	172790418	2865493	360147889	110
1495802492677899574	500618101	218903	93354	139123694	2212145	309840651	999
1495802493178559512	500621952	324855	131843	127178599	1651080	295649929	1529
1495802493679176701	500656575	56007	25493	173988515	1724662	362015888	114
1495802494179793514	500615382	54494	22564	173605965	1689948	361961199	112
1495802494680412994	500622763	54735	22770	173943137	1721587	361784633	113
1495802495181030974	500615901	55240	23585	173595473	1909156	361707036	113
1495802495681733538	500703570	55244	25233	173834420	1901026	361966978	113
1495802496182423143	500692213	53508	24163	173803176	1816865	361548279	112
1495802496683106581	500684750	55694	28870	173683645	1823887	362145371	113
1495802497183893645	500785781	54853	25296	173958473	1752174	362656054	113
1495802497684606833	500709954	54251	28485	173734005	1862726	362958279	113
1495802498185345230	500744943	53911	32299	173772340	1668708	363096697	112
1495802498685965335	500621428	55714	34421	174101068	1559911	363382291	113
1495802499186596357	500630895	55375	32019	174094244	1765255	362702347	113
1495802499687221420	500624504	56031	29509	174115087	1725487	361656642	113
1495802500187846525	500625180	55213	29696	173807496	1584829	363101063	112
1495802500688470089	500624356	55254	27909	173938201	1721292	362162003	113
1495802501189197777	500728174	55159	30134	174167955	1786771	361925846	113
1495802501689824799	500628850	55188	28734	174077938	1963745	361880004	113
1495802502190444779	500620018	55274	28510	174447494	1844604	361450247	112
1495802502691067468	500624120	56073	28618	174061502	1820710	362050654	113
1495802503191685406	500619220	55022	30479	173699728	1807368	361920373	113
1495802503692303095	500617744	56090	28099	173911266	1919709	361740888	113
1495802504192915909	500615049	54810	22892	173694488	1847643	362186087	112
1495802504693627139	500616348	54870	23380	173662606	1758528	362736250	114
1495802505194244410	500711093	56227	24679	174010081	1621637	362823587	112
1495802505694864182	500620772	55993	23890	174108346	1774874	361761157	113
1495802506195486204	500625051	54749	23578	174133562	1765859	361898509	112
1495802506696107309	500620958	57651	24284	174077797	1756743	361933747	113
1495802507196725123	500615662	321232	128370	131081434	1515124	301848068	1453
1495802507697429603	500706948	238329	98537	136279665	1733996	306026243	1078
1495802508198048958	500618841	54287	25432	174393124	1683257	363388211	112
1495802508698678813	500630365	55678	24437	173939586	1678267	363501785	114
1495802509199294877	500619065	54465	23161	174281820	1721334	363026402	112
1495802509699911690	500616161	54843	23916	174023797	1930058	363370915	113
1495802510200528337	500619472	54102	23843	174297860	1849678	363079032	112
1495802510701146526	500615899	54993	23562	174361947	1795067	363639575	113
1495802511201771506	500626065	52795	23917	174167128	1804908	363692134	113
1495802511702391111	500621355	54999	24041	174283994	1728751	363633410	113
1495802512203022716	500616681	51509	23438	173874231	1811986	363553665	112
1495802512703789405	500784962	53599	23007	173988410	1626677	364139829	114
1495802513204402760	500612943	55899	23927	174480388	1549235	364340911	112
1495802513705027573	500624302	56751	24226	174240091	1741179	362988752	113
1495802514205654137	500625833	55604	24272	174091665	1694384	362737545	112
1495802514706281784	500627131	56228	24574	174073479	1591161	363054916	113
1495802515206907639	500630077	55491	23582	174014657	1725113	362995022	113
1495802515707529577	500623013	54963	23673	173985122	1803166	362806971	113
1495802516208159974	500630271	54607	23157	174159878	1901224	362491530	112
1495802516708829788	500671058	55785	23480	174322364	1855017	361782310	114
1495802517209446351	500616858	54505	22560	173956140	1807773	362272925	112
1495802517710152373	500707658	55571	24114	173755605	1725747	362243262	113
1495802518210768436	500615618	54067	22635	173869495	1864500	362105123	112
1495802518711384042	500618381	54129	25911	173642795	1792749	362921318	113
1495802519212007189	500622015	55119	33974	173591102	1741475	363461770	113
1495802519712636335	500627790	56971	34703	173925239	1619145	362874157	113
1495802520213250274	500617444	54776	33405	174344360	1722855	363231363	112
1495802520713953546	500701240	56560	32641	174493401	1742715	363382698	114
1495802521214574526	500622309	54703	31057	174196684	1758886	362684523	112
1495802521715195173	500620270	421358	180014	118286627	1344024	289288470	2110
1495802522215825986	500632914	114820	48062	148212792	1856024	317255398	432
1495802522716445508	500621241	56228	24151	174164132	1652249	362843077	111
1495802523217065780	500619474	53721	23836	173889282	1723769	362498934	113
1495802523717686343	500623113	55619	23864	174173807	1749276	362345934	113
1495802524218303240	500616729	54686	23727	173889513	1920894	362398084	112
1495802524719063304	500761125	54269	24042	174124144	1853458	362151106	114
1495802525219677825	500614056	52748	23026	174065008	1791235	362501388	112
1495802525720293722	500618565	54264	23854	173990503	1776396	363000422	113
1495802526220913036	500618301	55069	24949	174228269	1716696	362711787	112
1495802526721525891	500614101	54184	23633	173811303	1781421	363036567	113
1495802527222214163	500691042	55587	24114	173867077	1600999	363591084	113
1495802527722828435	500612061	55854	25626	174340036	1594298	363854257	113
1495802528223447373	500621644	53856	23746	174428373	1733687	363090530	112
1495802528724109270	500660966	54838	24897	174285628	1679709	363228296	114
1495802529224729709	500620338	53476	24230	174260533	1597308	363515822	112
1495802529725348105	500619709	54369	24243	174391932	1786472	362961216	113
1495802530225971461	500624535	53015	23879	174257997	1870008	363166846	112
1495802530726674232	500704862	55829	23940	174540997	1912964	362796936	113
1495802531227363296	500688120	55372	24369	174499744	1867743	362198736	113
1495802531728053776	500691399	55084	23940	174374477	1819276	363283043	113
1495802532228742756	500689950	55043	35414	174363440	1750612	363089338	113
1495802532729423528	500680245	55908	33816	174282951	1835955	362795712	113
1495802533230110341	500686554	54704	30510	174138150	1791762	363426091	112
1495802533730795530	500688910	55864	32908	174229304	1751292	364258200	113
1495802534231485135	500689544	55995	35232	174123780	1650726	363164200	112
1495802534732161948	500676967	57468	33682	174396712	1720249	363343529	113
1495802535232851637	500687981	56094	32198	174437741	1770016	362870766	113
1495802535733620283	500687976	55342	31718	174508061	1750298	363097724	114
1495802536234322722	341034487	2336523	682308	79110573	1223038	167254552	11489
1495802536735150910	500784797	5809645	1671182	119521778	1979984	228848531	29357
1495802537235860765	500761765	5708344	1646959	122023071	1964451	237275241	29070
1495802537736488245	500630926	5645447	1633115	123572382	1946772	243282220	28656
1495802538237119559	500620731	5563340	1614873	125942420	1932072	251274282	28410
1495802538737768539	500655809	4000347	1206596	109816715	1538527	232178199	21057
1495802539238389102	500623566	390800	183713	76941156	498296	211472715	2410
1495802539739096207	500704281	2430881	1553441	118361187	2128677	204465103	25861
1495802540239741646	500648262	111461	54944	70146429	4198710	184007869	618
1495802540740364209	500625861	89959	23832	111765319	1853933	409726308	120
1495802541240970440	500605404	68056	25509	93197218	3187506	409418545	112
1495802541741566795	500598984	58335	24417	97459443	2930463	429454927	113
1495802542242277067	500710719	64444	24324	99980758	2590133	440388511	112
1495802542742893088	500616483	66126	24812	96121137	3041241	423512807	113
1495802543243510694	500616982	68232	24956	95312573	3192174	419661198	113
1495802543744227882	500718850	68392	25310	94873080	3002378	417216104	114
1495802544244847987	500618921	64363	24995	96192453	3034396	423433783	112
1495802544745468217	500621681	67012	25045	101132639	2465529	445346067	113
1495802545246087156	500620753	65474	24506	97013511	2958629	427680020	112
1495802545746706094	500618225	65545	24963	99193077	2839431	437274929	113
1495802546247324325	500618979	60992	22990	145176978	99392	652075095	112
1495802546748041263	500712027	62930	23552	136532514	179877	606826541	115
1495802547248684951	500649609	66063	24010	71162837	2262257	253335488	123
1495802547749302390	500618223	86698	24014	107855481	2297585	361152478	118
1495802548249920037	500619765	66321	24430	92678418	3339594	407556663	112
1495802548750536059	500616066	65958	23893	97487647	2792717	428939693	113
1495802549251149789	500612373	66548	24155	96757268	2991672	426303552	112
1495802549751769019	500622807	66730	24553	100464346	2536563	442838034	113
1495802550252395458	500625210	67035	24726	98520235	2801645	434369589	112
1495802550753009271	500615272	69043	24951	91773505	3387139	403136438	113
1495802551253721501	500712075	65707	24959	97710132	2854131	430507601	114
1495802551754336898	500618903	67222	24684	99066142	2745941	436752456	113
1495802552254951087	500611728	66955	24541	99167190	2600409	436909329	110
1495802552755567983	500617920	67356	24379	95607309	3126808	420890058	113
1495802553256185714	500619639	64560	24479	135025406	655006	604428744	112
1495802553756798236	500613903	62472	23805	145212119	116120	652294713	113
1495802554257418049	500617113	65546	22317	80909731	1121930	335779834	121
1495802554758044613	500628807	73065	25389	96996514	2828499	298560621	120
1495802555258666718	500622969	70249	25322	99387523	2935666	410742821	115
1495802555759283448	500618769	65906	25293	93339228	3330912	410683050	113
1495802556259895428	500612136	65761	25097	97942173	2836561	431862020	112
1495802556760589867	500693649	69330	25765	99415882	2588296	436880464	113
1495802557261206222	500619432	64179	25407	96934073	2925454	426981429	112
1495802557761823660	500617113	66433	25575	92879672	3354909	408663257	113
1495802558262443224	500618412	66056	24579	95730068	3063221	421395800	112
1495802558763061871	500621350	66494	24538	95615775	3083289	421152278	113
1495802559263678059	500616347	63947	25405	98719759	2639600	433912483	114
1495802559764299706	500622484	66287	24832	95710130	3104830	421587022	113
1495802560264913520	500615681	65308	24242	120884657	1477827	538476405	112
1495802560765525666	500612211	63885	23774	145229327	110723	652442394	113
1495802561266149313	500617026	65145	22099	110938701	406572	484198335	115
1495802561766769793	500628264	66034	26539	73877962	3411843	218484807	125
1495802562267392524	500622546	75172	23681	106708736	2408922	408301929	113
1495802562768003296	500611524	69736	24615	94137433	3107854	413673819	113
1495802563268673609	500615793	67752	24303	97431455	2865363	429024460	113
1495802563769290298	500672430	69082	25076	98878193	2670288	434863570	113
1495802564269901778	500614117	65744	24148	96133595	3037252	423425592	112
1495802564770517925	500614364	66380	24787	95633901	3116652	421246465	113
1495802565271136738	500621652	67917	25498	93224219	3224567	409835908	112
1495802565771836302	500699478	65990	25145	98758267	2746396	435442293	113
1495802566272573782	500738853	64637	24844	99993779	2538211	439410621	112
1495802566773181553	500606760	67726	25308	97372485	2838552	428869774	111
1495802567273875742	500696550	67957	24996	107044310	2435202	474325014	114
1495802567774491930	500615859	63201	23934	145155596	106713	651985188	113
1495802568275103577	500610987	65202	23399	127105203	267499	561712546	114
1495802568775717099	500616063	58307	25071	74651480	3101335	244508671	122
1495802569276331954	500616033	82488	23050	105748688	1769944	379104634	117
1495802569776941685	500608986	66376	24691	92487739	3350139	406423793	113
1495802570277554748	500616240	65390	24089	96735701	2967320	425744783	112
1495802570778170520	500614102	67352	24310	97679651	2843086	429959814	113
1495802571278948333	500781575	61096	24611	97954292	2807601	431484880	114
1495802571779644772	500696545	65085	24607	95093482	3206726	418517676	113
1495802572280258377	500612522	65840	23698	94488817	3098917	415485650	112
1495802572780873482	500615556	66720	23292	96149974	3074165	423485897	113
1495802573281488712	500617005	65141	23700	98130084	2794391	431666097	112
1495802573782109859	500621454	66046	24399	96562392	2968169	425235317	113
1495802574282728881	500619156	64415	24095	96122446	3009215	422959866	112
1495802574783340194	500613168	62841	22473	143798109	149780	645458369	113
1495802575284108633	500761800	62260	22126	142207264	143297	633991438	116
1495802575784773530	482129147	413174	132967	78498914	1121239	277696155	1754
1495802576285528801	359947670	3966866	1161618	91590112	1400411	182772367	20020
1495802576786184781	500647318	5771169	1674532	120581300	1989608	232919006	29258
1495802577286857262	500681334	5720324	1660521	122074757	1968538	238292213	28999
1495802577787553658	500696070	5628366	1636612	124452071	1952316	246768488	28591
1495802578288244138	500691159	5529805	1615391	125967153	1938044	253239298	28131
1495802578788981118	500738107	3716432	1710116	135373945	2327827	235226129	31848
1495802579289636557	500648409	2452275	1617590	137382366	2153410	270390932	28865
1495802579790288370	500658823	2884647	1865102	142766423	2399824	238518706	32893
1495802580290946892	500655918	2859280	1734035	144668156	2422922	241947300	33361
1495802580791617247	500660990	2405274	1461165	126000209	2061193	213612724	27936
1495802581292295477	500695434	1243731	805155	79025570	1128495	165341977	13755
1495802581792936041	500640796	338791	57529	179863324	374375	513124233	344
1495802582293613854	500612442	89696	47962	186114345	461833	583480464	113
1495802582794223793	500677846	92058	50377	189450051	465146	591232351	113
1495802583294840773	500618942	90613	47622	192541414	443631	579844429	113
1495802583795450087	500609094	94225	25706	192156701	440907	561972191	113
1495802584296064858	500616191	92094	29829	192559393	439586	572267846	112
1495802584796675714	500611177	98083	41771	188965036	417446	553420135	113
1495802585297292277	500616299	95598	41680	186878278	498688	565685960	112
1495802585797990341	500699722	94265	30063	187319467	464319	562955178	113
1495802586298706779	500613384	93178	35024	183296766	573417	571077182	113
1495802586799313093	500710290	94129	41858	183393736	489647	561377078	113
1495802587299929156	500616465	92052	40127	182831920	517767	559053570	113
1495802587800545136	500617504	91828	39474	184961375	514231	564332344	113
1495802588301159491	500614163	94064	40120	190503981	470848	564690352	112
1495802588801771680	500613541	92640	31241	194354700	456284	565483888	113
1495802589302389369	500617105	91310	35353	189736653	488790	566264387	112
1495802589802996932	500607817	92179	40113	188234390	454211	554749761	113
1495802590303653662	500614740	92904	45704	190432586	425570	563975725	113
1495802590804274809	500663253	93893	37451	193679136	376062	555087359	113
1495802591304891914	500620449	92282	35720	193966023	401903	548833361	113
1495802591805506728	500614799	96585	35783	190509614	387023	548228950	113
1495802592306122541	500614496	95700	40816	192034239	433864	555610484	112
1495802592806736521	500617859	93253	31162	197302853	410909	550278749	113
1495802593307342585	500605390	93346	31323	194502964	425284	552475252	112
1495802593807953399	500610898	94139	29432	191747925	489267	552464966	113
1495802594308618962	500623756	94998	28980	192107899	490958	555509148	113
1495802594809232692	500659068	96038	30261	191851425	473090	556616147	114
1495802595309850214	500617859	94741	34800	187785588	461072	526640706	112
1495802595810552027	500701102	94961	35259	193579743	508924	542453273	113
1495802596311152883	500602511	95094	34914	188765253	467483	526294661	111
1495802596811764405	500612203	96517	37682	189748318	516437	532479585	112
1495802597312373760	500610283	93054	35150	197785196	359431	572203533	112
1495802597812977740	500604946	93300	38184	192710572	442640	569167290	113
1495802598313697387	500608748	93601	37718	191549340	490936	556645895	113
1495802598814306992	500721426	97296	32464	193168437	366303	558446142	114
1495802599314920555	500613491	91948	27425	198108067	320515	578022468	112
1495802599815528244	500608818	93045	30712	183798221	479967	592653513	113
1495802600316148433	500613783	87317	30720	183910122	472179	584101359	112
1495802600816956454	500821117	82774	33071	183054090	506919	585759488	113
1495802601317623893	500661877	90931	28055	185192108	408684	546857178	112
1495802601818304498	500681773	92435	28585	184364944	320495	552512631	113
1495802602319098853	500794581	91792	27965	184155665	290126	550192480	113
1495802602819782666	500683057	92712	26644	190439933	286736	568755802	114
1495802603320469771	500688180	89308	25337	195255910	245802	584520721	112
1495802603821152210	500683297	96489	27209	192714345	312744	558746677	113
1495802604321837940	500687872	96395	27747	189774137	293036	550077865	112
1495802604822519170	500679996	97166	27961	187671587	266296	521711064	113
1495802605323250650	500734843	95222	28579	187710959	300085	517224100	112
1495802605823951547	500699591	94066	28054	190078500	327493	545791456	114
1495802606324567818	500617353	93933	28950	188583446	388875	557650150	112
1495802606825177882	500608934	99500	28871	192492041	242385	544751008	114
1495802607325788029	500613551	94989	28745	186236259	367306	542693369	112
1495802607826394842	500607201	96697	29915	189314618	298457	536559243	113
1495802608327005573	500610165	93691	32218	184917044	378440	578673089	112
1495802608827616553	500611859	95649	28820	195457598	363332	559459908	113
1495802609328229700	500613400	96629	28784	194871202	346488	560378621	112
1495802609828908430	500679889	100064	29150	194893893	343106	552813916	114
1495802610329518452	500610491	97521	28409	190540012	323183	541282311	112
1495802610830131182	500613977	93570	28942	196350579	395266	524511697	114
1495802611330736704	500607507	90889	26860	205856986	422630	520459504	112
1495802611831343976	500605689	91745	26933	206458167	344720	517958776	111
1495802612331953081	500610962	91206	33013	196177383	317544	547855063	112
1495802612832561019	500609142	91244	34893	193599852	386289	541028760	113
1495802613333172416	500611387	90839	27526	201877533	437311	541481664	112
1495802613833830188	500658863	92660	30537	198990323	448332	540208172	114
1495802614334436668	500607574	91519	31919	194665932	523707	529963290	112
1495802614835046482	500609322	91908	32893	193652597	555818	531386861	114
1495802615335736295	500692137	94432	29804	201407516	486488	547668331	112
1495802615836344109	500609082	94148	30140	200294855	537496	545289674	113
1495802616336953422	500607774	94820	31481	197329857	465721	551298025	112
1495802616837562527	500610297	90019	37227	196561106	425129	557711995	113
1495802617338173966	500612388	91121	34259	194476412	465228	550685182	112
1495802617838841196	500668335	93378	35718	196687779	401514	550735070	114
1495802618339451051	500610346	95130	37082	192828921	501210	544852256	112
1495802618840062407	500611148	95387	36037	190352347	510832	539509276	114
1495802619340677595	500615757	91820	34587	189228406	501898	554358120	112
1495802619841285867	500608517	94101	31857	193060827	472214	551960211	113
1495802620341900180	500616912	90749	31807	194447229	434269	558091149	112
1495802620842509077	500611448	96619	30975	194697780	492526	544262717	113
1495802621343121308	500610175	96864	31282	193670516	470009	535870208	112
1495802621843729163	500608849	95207	32907	194565985	451822	561006866	114
1495802622344332976	500605121	94840	29250	186525249	379966	560462635	112
1495802622844942623	500609226	99009	28556	192089693	310042	548975246	114
1495802623345555395	500611801	98248	28602	189481871	300618	537683996	112
1495802623846168209	500615216	102306	31200	191803987	285912	540304234	113
1495802624346779522	500613232	97591	32105	193521367	441694	519529805	112
1495802624847470252	500689010	98047	31070	192407808	485550	518319173	113
1495802625348081066	500612283	99783	30388	193547423	550845	525722231	112
1495802625848699213	500616655	101424	33489	192957012	538153	531195935	114
1495802626349297734	500603807	97226	31234	191929097	553888	530768844	112
1495802626849892923	500594247	102690	32383	190929414	552801	522992179	113
1495802627350493403	500600760	99581	29637	183510493	455740	526081834	112
1495802627851097675	500603616	104137	32075	185131083	507116	508642042	113
1495802628351692322	500597568	101531	31975	185966696	667253	505219713	112
1495802628852285511	500594175	105042	32411	178693457	668743	497834121	113
1495802629352879866	500594181	104231	31665	171896042	846667	462045971	112
1495802629853512013	500631819	96864	30132	146416084	1261256	374853127	113
1495802630354319868	500814340	76365	26708	122177795	1693229	292118810	113
1495802630854948014	500624708	67781	24946	135452878	576460	388810339	133
1495802631355574578	500626308	53743	23114	152183700	339341	460229238	112
1495802631856187266	500614344	60558	23251	150655460	354296	455647572	113
1495802632356907830	394428128	467969	149474	113501518	438346	271695058	1745
1495802632857589435	445418637	4955017	1452977	111907839	1740064	221543903	25142
1495802633358289873	500694885	5761124	1672795	121014371	1969367	234459828	29165
1495802633859042062	500754378	5700621	1649087	122329281	1949237	239083113	28901
1495802634359740042	500689959	5611913	1626591	124688024	1926135	247311930	28578
1495802634860534605	500796162	5441361	1592703	126512924	1903063	254384727	27712
1495802635361240960	500717331	2480507	413577	152644610	904195	440555536	6445
1495802635861960357	500722626	79643	26071	149966310	890838	362958436	113
1495802636362664837	500705203	88640	26887	148924523	879250	357558822	132
1495802636863368150	500704827	87283	26719	149112533	871096	352608192	113
1495802637364204797	500836377	84494	27163	148586241	872344	353784570	113
1495802637864901110	500697255	78713	26133	149082929	880316	358534748	113
1495802638365604049	500701859	79770	26498	148973018	866084	356905458	112
1495802638866298820	500696578	84056	27642	151301279	920290	362174142	114
1495802639366998092	500697892	76708	26148	149736256	863843	358989526	112
1495802639867695239	500700138	79752	26728	149063585	858161	356165564	113
1495802640368393969	500698145	81283	27033	148700754	856057	352673584	112
1495802640869165741	500771949	86719	28341	148285073	857572	345423971	114
1495802641369863012	500698140	85756	28497	148649914	862065	346523802	112
1495802641870559909	500698578	87560	28374	148331152	844776	348636038	111
1495802642371260223	500699592	85385	28296	148737490	835351	347601202	112
1495802642871957953	500700381	84451	27748	147420345	834827	352435490	114
1495802643372655058	500696243	80051	26813	147690630	831468	352378887	112
1495802643873353663	500700001	86739	27989	147956032	841483	350634588	113
1495802644374169226	500812548	83961	28063	148395703	842587	352044647	113
1495802644874779748	500615817	89360	28862	148153167	841580	351562502	113
1495802645375385645	500605956	81373	27939	149685871	847050	356762000	112
1495802645875993042	500608392	82315	27606	149666051	863561	359378251	113
1495802646376607230	500613918	81612	27122	148985583	855365	355085802	112
1495802646877219669	500613033	85221	28240	147242962	840657	349763523	114
1495802647377832274	500612904	80629	27395	143757788	819013	340842088	112
1495802647878440713	500609439	83191	28509	148176257	829482	347360629	113
1495802648379118401	500678523	83085	28217	145118276	803041	342438135	113
1495802648879727965	500610741	81389	28181	143600683	807477	339768557	113
1495802649380339070	500611860	83682	27906	147806660	830984	348767209	112
1495802649880948133	500610171	81522	28482	148925569	843583	354876901	113
1495802650381561030	500611179	78736	27084	147457139	831593	348443968	112
1495802650882173677	500616423	83542	28124	148502453	827727	351639190	114
1495802651382783157	500609502	84050	27443	148501860	835334	352876658	112
1495802651883390429	500607834	86446	28775	148500626	835829	351121029	113
1495802652384076367	500685225	84173	27768	147213607	827929	347459787	113
1495802652884687348	500611818	85168	28562	146011584	817274	343861767	113
1495802653385297995	500612211	84804	27894	147239011	815596	347268271	112
1495802653885915100	500618134	83435	28203	148595343	839919	351141840	113
1495802654386617497	500700275	83182	27786	147737988	840196	347730015	112
1495802654887228602	500614068	84040	27902	149263306	853568	357501082	114
1495802655387833040	500605695	80439	26594	148586312	819310	349452833	112
1495802655888423645	500591886	81042	26767	149020830	820292	350377870	113
1495802656389073126	500649636	83663	27208	147674548	823495	346785512	113
1495802656889659273	500587923	82515	27346	142186759	791361	336525951	118
1495802657390251044	500590005	79000	26034	140310621	781620	330222401	112
1495802657890847025	500596188	77877	27275	142180337	782819	332717372	113
1495802658391439630	500596278	79012	26520	142905000	789863	335396860	112
1495802658892027235	500588070	81487	27203	139533124	778481	329295367	114
1495802659392670799	500636919	78413	27099	141629911	785195	332626163	112
1495802659893368154	500709588	77626	27815	141103987	782390	328987225	113
1495802660394048592	500675703	80379	27773	144843356	805622	337744630	113
1495802660894671031	500623200	84771	28316	149354356	822279	348203394	113
1495802661395293261	500623545	82646	27800	149706151	822407	348169374	112
1495802661895915824	500623947	83759	28170	149352048	820825	347703886	113
1495802662396540930	500622753	83640	28105	148906376	820250	347768343	112
1495802662897162701	500623767	84555	28500	149649292	815920	347109310	114
1495802663397783098	500623221	83239	27252	148923690	812735	343775285	112
1495802663898427495	500641962	83372	27696	144443889	796288	335447249	113
1495802664399226517	500799156	82068	28486	141819623	782210	330747012	113
1495802664899845914	500623647	84673	27773	139834085	769269	327186472	113
1495802665400480769	500631654	85199	28256	145976823	821188	341732521	112
1495802665901124791	500647224	84674	27550	140274679	773727	329847083	113
1495802666401760271	500634594	78561	25993	147898900	797096	352912338	112
1495802666902386126	500626020	79334	27424	145327602	788861	346760436	114
1495802667403008523	500625915	79419	27285	146427594	802792	347716318	112
1495802667903681628	500674545	80812	28418	144032403	793494	339350404	114
1495802668404303316	500620095	80908	27199	142588190	785294	335299764	112
1495802668904923755	500621892	81658	27132	142659505	779817	337281191	113
1495802669405552443	500627700	80464	27137	142283378	786775	332682414	112
1495802669906177840	500627244	82595	27743	143413586	795118	334808075	113
1495802670406800904	500622753	81486	28002	142040535	786744	331833636	112
1495802670907506801	500707953	85025	28423	145064552	805603	337185892	114
1495802671408209489	500703009	83309	28015	149718912	822408	347337726	112
1495802671908953511	500746110	84659	28589	149475266	824151	345602585	114
1495802672409649574	500693313	82331	26728	150688469	823463	347660655	110
1495802672910340387	500693262	85106	28276	151054207	824699	347397507	113
1495802673411034201	500692599	83242	28191	150974662	825327	345684885	112
1495802673911777264	500746680	83870	28774	139539895	771102	324377838	113
1495802674412395953	500618397	80225	27829	141538031	781742	326566520	112
1495802674913015516	500619870	84841	28219	143890771	798357	332504350	114
1495802675413747413	500733426	83953	28048	139182574	769282	323482246	113
1495802675914372101	500625588	84455	27931	139104798	766261	321972543	113
1495802676414993790	500619594	83810	27935	141142042	778249	327267668	112
1495802676915617854	500625966	84080	27963	144482729	786368	343090041	113
1495802677416240500	500623423	77973	26718	137980127	758204	332861340	112
1495802677916862022	500624201	78326	26620	144047567	807227	347228750	113
1495802678417503836	500639763	80507	26750	144972832	810770	342160876	112
1495802678918113108	500612985	87293	28984	147572170	838052	347196098	114
1495802679418716421	500599941	83473	27428	146028748	817750	341857245	113
1495802679919332068	500619867	84113	27919	140870598	781155	329207330	113
1495802680419952548	500620818	79812	27178	140940152	788679	330500736	112
1495802680920564487	500612112	81828	27170	144435789	804401	338603086	113
1495802681421196842	500631870	80587	26802	144124116	805356	337727843	112
1495802681921907322	500626584	84807	27778	149201683	824287	344333947	112
1495802682422527677	500706795	83847	27586	149576758	826292	345135201	112
1495802682923150532	500624404	86250	28442	146593313	813317	340717140	114
1495802683423848429	500689994	84759	27920	150785564	837046	347336046	113
1495802683924633826	500793507	83999	28046	146870744	821625	340489781	113
1495802684425259473	500628990	84185	27383	147592298	822916	340759673	112
1495802684925896869	500635050	83644	27967	140172339	780692	326402753	113
1495802685426543308	500647989	81867	26589	141073456	782875	327253232	112
1495802685927176621	500633973	83495	28198	138970059	772579	322040791	113
1495802686427813185	500635500	82743	27906	141060093	774658	327860746	112
1495802686928446957	500635902	82747	27098	145786009	789701	344678733	114
1495802687429135645	500690222	78962	25376	148385786	824620	352189036	110
1495802687929765625	500630659	89167	27638	149134775	842823	350634716	113
1495802688430397314	500631333	83646	27522	149364001	848572	350240359	112
1495802688931068502	500669388	83909	28439	148434664	833379	346866741	113
1495802689431789316	500731059	76674	27512	147223420	818674	343549233	112
1495802689932410963	500617308	83533	27446	145482207	811164	340081172	113
1495802690433051026	500638941	80955	27074	141838057	795100	333112790	112
1495802690933740756	500691354	83745	27625	142102629	791257	333792493	115
1495802691434389236	500649504	82123	28003	143135397	804387	332777073	112
1495802691935024550	500635692	82943	27479	143527080	805225	334547809	113
1495802692435664822	500640459	81907	27009	147491046	823303	342946883	112
1495802692936306135	500643327	84145	28136	144524164	804824	335370072	113
1495802693437019740	500712837	83648	27394	145041996	798868	335572381	112
1495802693937664470	500645679	84481	28115	145030160	799972	336511275	113
1495802694438282951	500619895	80119	26135	143978078	761794	341035212	112
1495802694938978681	500695065	81408	27550	148965363	788569	353324584	115
1495802695439600327	500623787	84707	26620	149614512	824286	353079583	112
1495802695940246808	500647539	86312	27811	146922173	818082	345633475	113
1495802696440878663	500630862	85906	26608	145627505	816143	344478108	112
1495802696941498851	500620471	86524	27899	146650742	829086	343672870	113
1495802697442122498	500625598	84964	28172	146341929	862453	341887808	112
1495802697942742645	500621143	86923	28133	148785436	833254	344285715	113
1495802698443361167	500619401	86023	27841	147632434	812177	348058855	112
1495802698944138814	445233903	408792	133474	131990328	764891	308779449	1758
1495802699444832210	395734950	4406017	1274905	99817107	1537450	198254523	22118
1495802699945456482	500634688	5768757	1673062	120529601	1973805	233385487	29077
1495802700446095379	500634111	5706131	1651932	122087901	1950641	238796662	28791
1495802700946802151	500710061	5645041	1633116	124229316	1928442	246164108	28547
1495802701447490131	500686190	5529409	1606092	124939730	1917790	250295951	27906
1495802701948104361	500624049	3225809	625503	173648495	834658	542043337	10846
1495802702448721216	500615404	69847	21338	345875485	293304	926510824	113
1495802702949330905	500611292	70399	21576	344512744	292728	922813910	112
1495802703450047676	500718997	68639	20769	344682443	292571	923778284	112
1495802703950683407	500635547	69457	22324	343399293	292536	920218439	113
1495802704451315178	500630893	66267	20783	339102384	288965	907854275	112
1495802704951948742	500635171	70179	22121	337591008	287910	904233951	113
1495802705452578472	500631416	68263	21998	335463277	286403	897804619	112
1495802705953292244	500714072	69066	22493	332842092	284759	891071422	113
1495802706454054557	500763394	70544	22524	336162394	287049	900329692	113
1495802706954758912	500703022	70140	23672	336539500	288491	900925268	114
1495802707455460892	500703180	75409	23164	333927508	284328	894464382	112
1495802707956139456	500680844	75227	23387	329332107	279168	892134112	113
1495802708456823853	500683992	75027	22160	328134010	275699	899644697	112
1495802708957500708	500679054	77430	23682	327951654	273358	910146555	113
1495802709458185646	500684889	76505	24087	325166862	269419	912527924	112
1495802709958918168	500733471	77479	23713	322265007	265907	914638254	114
1495802710459594523	500677701	76212	23806	321179229	262299	919912622	112
1495802710960279961	500686133	78024	24720	319125696	259783	921816417	114
1495802711460959275	500679641	75063	22282	316879038	256215	921697550	112
1495802711961643172	500683927	77448	23745	315288860	253844	925874821	113
1495802712462327152	500685654	87190	23615	312311557	249075	927632183	112
1495802712963073840	500744958	80484	23767	307766577	265148	852018581	118
1495802713463683987	500613319	77397	23863	335512493	285307	890870050	113
1495802713964271925	500589428	77397	23740	335002272	285451	889878904	113
1495802714464886322	500612184	74709	23505	335373298	285850	891185159	112
1495802714965483469	500599321	77462	23742	332691090	284293	884014491	116
1495802715466076783	500594152	75352	23655	329545246	281273	875453316	112
1495802715966669055	500593458	77524	24301	328365332	280440	871986024	113
1495802716467263410	500593150	75593	23409	326624600	279515	867036361	112
1495802716967854557	500592460	77126	24842	323623104	277075	858826804	113
1495802717468453245	500598240	75248	23157	328020699	280036	870131705	112
1495802717969121100	500669428	78358	25065	327961198	281423	869593957	114
1495802718469748247	500613852	78834	23824	328094188	279846	871683273	112
1495802718970436519	500708646	74412	24133	324486526	275502	873300559	112
1495802719471039833	500597188	80665	23693	323350586	272532	880448656	112
1495802719971652521	500615377	82048	24823	322923418	270121	889784505	113
1495802720472269460	500615514	79504	24265	320609220	266278	893924585	112
1495802720972883398	500615670	81258	24441	318123327	262080	897132099	113
1495802721473496378	500613920	80315	24179	316052230	258368	899745833	112
1495802721974152650	500656255	83005	25132	314076194	256753	900508924	114
1495802722474771130	500615827	81113	24207	312249779	253613	901190261	112
1495802722975465319	500698031	81896	24929	310818807	250882	906973511	114
1495802723476081632	500618636	88260	24357	308024675	246495	908632877	112
1495802723976697988	500614911	82497	24418	299696098	262566	834416809	117
1495802724477313718	500618095	76052	23783	335707590	284896	891951248	112
1495802724977925323	500611352	76664	24774	335209043	285720	890513799	113
1495802725478594636	500614165	76561	23986	335740889	285771	891576765	113
1495802725979211617	500673523	78334	24851	333220135	284743	884995313	113
1495802726479825263	500614436	75182	23916	329870022	281660	876011854	112
1495802726980437285	500613932	76663	24277	328198999	280455	871256546	114
1495802727481045140	500608119	75126	23692	326752358	279783	867096969	112
1495802727981657912	500613964	77341	24340	323992104	277782	858996700	113
1495802728482268434	500609956	76462	24034	327903167	279855	869472811	112
1495802728982885414	500618389	77079	23824	327938179	281041	869515011	113
1495802729483504311	500618815	79452	23672	327817444	279621	871170161	112
1495802729984180000	500676071	81602	24144	324789176	275779	873312986	114
1495802730484804813	500624593	80876	23826	323301213	272083	880255102	112
1495802730985432335	500631117	80813	24847	322528455	269521	888319067	114
1495802731486052190	500620283	80026	24193	320739979	266465	893666740	112
1495802731986668504	500616124	80638	24296	317921910	262392	896052573	113
1495802732487277984	500610746	79977	24470	316599872	258684	899528947	112
1495802732987974006	500695839	80741	24565	314568706	256870	900309842	113
1495802733488647236	500616558	78935	24224	312722420	254163	901773124	113
1495802733989258549	500669958	81577	24782	311332688	250925	909195498	113
1495802734489879321	500620619	86462	24317	307726625	245752	907850302	110
1495802734990498343	500619877	78923	24292	297119990	259058	835337439	122
1495802735491111907	500614290	74056	23446	336040722	285675	892109888	112
1495802735991725262	500613340	75656	23841	335154769	285585	889919942	113
1495802736492337367	500613777	75596	24040	335410976	285839	890666897	112
1495802736992953597	500615520	75322	23961	333689234	284727	886018468	113
1495802737493631911	500614278	75358	23616	329990560	282485	875886003	112
1495802737994245724	500682165	77234	24483	328358899	280679	871087366	113
1495802738494853288	500607851	75870	24565	327232044	280475	867718468	112
1495802738995464560	500611804	77537	24685	323889807	277802	858617067	114
1495802739496076082	500611829	76099	24182	327222798	279696	867516351	112
1495802739996692353	500616003	75960	24300	328113488	281686	870277904	113
1495802740497304209	500613668	79607	23811	328050975	279985	871691517	112
1495802740998001897	500697882	81630	25066	324732065	275818	873163966	113
1495802741498697544	500696842	79864	25475	323508922	273106	880101351	113
1495802741999372191	500674660	81599	25040	322588513	269412	888146966	113
1495802742500121587	500751975	80887	24769	320578876	266190	893145218	112
1495802743000729817	500607023	82198	25839	318421981	263190	895686161	114
1495802743501334881	500607333	80626	24771	316584245	259319	897985741	112
1495802744001943819	500609093	80367	24657	314747741	257115	899150323	113
1495802744502550425	500606515	80604	24234	313644387	254623	905036514	112
1495802745003154780	500606859	80936	24370	311251483	250940	908419790	113
1495802745503878177	500722910	86886	25042	307164923	245484	906339980	113
1495802746004497157	500618167	86352	24612	297689642	256784	851815811	117
1495802746505103304	500606413	81671	22990	313936861	277831	863164141	112
1495802747005709617	500608116	84568	24264	313085079	277907	860766162	114
1495802747506321347	500613404	82362	23035	313421499	277534	861637808	112
1495802748006926078	500605519	84201	23835	311802713	276836	856984365	113
1495802748507517141	500596414	75823	23586	309226299	274640	849566905	112
1495802749008126330	500604342	83748	23809	307390515	273182	844140180	113
1495802749508740518	500614010	83219	24154	306733445	272960	842243376	113
1495802750009361165	500621625	83018	24165	303662938	270195	833635636	112
1495802750509981479	500621420	82460	23335	305874808	271832	839651248	111
1495802751010593584	500613954	84515	24029	306374564	272215	841679962	114
1495802751511205814	500612111	82471	24038	305767693	271421	841348728	112
1495802752011817128	500611138	84091	24806	304812065	269568	847573859	113
1495802752512506774	500691033	81596	24083	303950575	265805	855609207	112
1495802753013124213	500616605	83844	24784	303464228	263523	864348995	113
1495802753513744235	500620755	84000	24512	302655975	261199	871102186	113
1495802754014360882	500616765	84296	24706	301606264	258740	876340115	113
1495802754514976237	500617565	83104	24473	300714677	256324	881049778	112
1495802755015599175	500623455	83680	24867	299389585	253917	883943131	114
1495802755516220864	500621880	82640	23843	298604667	251109	892067305	112
1495802756016839636	500619622	83761	24362	296387095	247955	894844766	113
1495802756517457658	500619027	81785	23932	293275931	242994	894098883	112
1495802756848881120	324582000	361924	118025	174815828	273680	523056616	1714
