#Timestamp	CPU_CYCLES	EXCEPTION_RETURN	BRANCH_MISPRED	BRANCH_PRED	DATA_MEM_ACCESS	L1I_CACHE_ACCESS	L2D_CACHE_ACCESS
1495865289523286455	321229590	30769	2066699	33570023	82397495	93246615	5845572
1495865290024338810	501138496	51293	3310182	47390562	120491624	143427254	9427029
1495865290525136206	500805593	50916	3279618	48651563	122153134	144073337	9340798
1495865291025848395	500710516	50306	3257247	50239668	124236870	144975981	9262922
1495865291526555541	500711794	49335	3265874	52850326	127514607	146711482	9133411
1495865292027339355	500767217	48084	2128285	42072447	137040866	128048117	11077898
1495865292528179460	500864687	46644	1583471	39481525	151076332	121514350	12456209
1495865293029012356	500823847	36728	1412814	38961463	135680096	120730230	10484870
1495865293529773295	500764104	51630	1540141	37215009	145971349	125629961	13096735
1495865294030458691	500688401	20990	1965092	45160150	236702732	164528962	7266637
1495865294531166463	500705353	20763	1756755	45432898	238028312	162418158	7633063
1495865295031886860	500723218	9220	2127909	51974218	254695482	172383450	5316877
1495865295532566632	500679413	8981	1799578	48811669	266670856	174053577	4691827
1495865296033364070	500696707	8973	2091891	56853765	236474924	160127156	4306878
1495865296534059550	500798549	9302	2424145	51650558	250481311	176720670	5508165
1495865297034770280	500706297	10662	2282858	49059016	252613062	176470235	5127551
1495865297535458968	500699079	10977	1561887	48637220	258340163	170268114	5529018
1495865298036149032	500687205	11539	1618840	49254595	252675564	168709722	5582078
1495865298536834304	500686733	11099	1526804	48540316	254837060	168935006	5466085
1495865299037448825	500614904	11415	1595287	51264396	246788538	166111537	5666339
1495865299538073722	500615477	10473	1423888	48189014	261428270	169490011	5527642
1495865300038792286	500727750	10773	1475716	49208111	253753717	167341786	5586839
1495865300539419599	500617932	13623	1798643	38748842	275065823	177980447	6313432
1495865301040038788	500631168	19051	2381881	42926018	251511288	174505116	7725463
1495865301540672143	500630583	25627	3149019	55105491	206731579	165536119	9554355
1495865302041306831	500637885	25462	3114882	55081089	208135274	165409298	9566534
1495865302541920312	500611953	25977	3164358	54958286	204169008	165160544	9487880
1495865303042538458	500622084	25894	3162044	55160914	204811349	165351948	9466140
1495865303543158147	500614131	25526	3104146	55302258	208557000	165695143	9558054
1495865304043839544	500685891	25215	3168210	55146569	205399237	165376220	9526266
1495865304544534691	500690487	26551	3177398	54745958	200097640	164270287	9333734
1495865305045334295	500800674	25829	3156806	54554551	201827699	164158120	9436772
1495865305546076567	500744601	25823	3026673	53863788	203960944	162995233	9743056
1495865306046761131	500689605	26726	3000197	53387039	200045281	161761806	9629011
1495865306547450736	500688252	27048	2998051	53388739	198469172	161419696	9549658
1495865307048144466	500696529	26472	2975843	53445504	201524641	161936822	9721804
1495865307549046196	500900685	26841	3056243	53301993	198789901	161920503	9587728
1495865308049683259	500635569	25306	3120064	53834551	204724755	164198025	9811421
1495865308550326864	500644290	25883	3288236	55391426	203101025	166188507	9197062
1495865309050964969	500642181	26412	3196242	54048044	199793363	163900397	9450447
1495865309551584700	500616870	25455	3176149	54175767	203952487	164768769	9694360
1495865310052217930	500631786	24454	3444376	61943588	193552000	163186474	8635126
1495865310552857327	500642478	22816	4026384	60700648	205625800	175528153	8832663
1495865311053596098	500741296	25181	3663639	62658303	194190269	168298346	8257718
1495865311554232995	500637896	23564	3771351	62995738	201032784	170518592	8543464
1495865312054854267	500620854	21697	4350235	73158596	186538246	172522477	7287038
1495865312555477372	500627154	24280	4037747	73670177	170535604	162699522	6484702
1495865313056088644	500610577	24388	4153664	74997756	174001452	166156093	6260481
1495865313556704249	500613680	21710	4329397	65696601	158428732	163008413	7641356
1495865314057325271	500625012	23370	4505259	75577619	174166516	168956838	6521189
1495865314557946710	500621319	24484	4234553	70126650	169869718	164792151	6431059
1495865315058631523	500687679	24246	4054571	73187121	167152893	161216764	6382975
1495865315559262837	500625762	23129	4204147	76121633	173460145	164391014	6457604
1495865316059910775	500634934	23472	4242472	73109120	171085219	164510096	6438693
1495865316560545172	500648777	24001	4243151	76541026	171172491	167888188	6065869
1495865317061255069	500714163	23461	4237705	76243186	171465483	166908039	6330773
1495865317561882299	500631891	23223	4283393	74903433	168929802	165852024	6311960
1495865318062509821	500619762	23184	4226719	74777701	168663922	164194831	6446083
1495865318563142592	500641719	23565	4312865	76995830	175029048	166837478	6060100
1495865319063839031	500695969	23464	4280375	73549302	169189906	166066739	6272907
1495865319564454636	500617029	23342	4242584	77177833	171884643	166969809	6135087
1495865320065091408	500634254	22979	4258965	78064177	173402234	167912798	6280353
1495865320565698555	500606723	23012	4129684	75590880	171505652	163416005	6653750
1495865321066349035	500645294	22632	4414359	73559047	171152303	167530372	6707970
1495865321567057307	500719133	23206	4115897	76335441	171689065	163962409	6358151
1495865322067693662	500628481	22510	4231275	75070095	172843644	166496089	6586883
1495865322568418100	500629950	23324	4152717	76473897	170841348	166530206	6299953
1495865323069044414	500729086	24090	4158774	74934593	167759016	164384051	6389379
1495865323569701186	500655539	23942	4045475	74461365	170250504	162874426	6346538
1495865324070326624	500617362	24272	4136677	73743118	172793010	166151284	6273632
1495865324570957229	500640143	23991	4246296	75070245	172101724	167280499	6194917
1495865325071568543	500609523	23261	4156103	71959751	164595824	163458001	6888920
1495865325572194190	500627364	23347	4159187	73100284	167051751	162904982	6609528
1495865326072851670	500658337	21762	4726369	74456265	175118453	170552213	6726803
1495865326573685608	500836034	23133	4252130	74156582	169961252	165957448	6591554
1495865327074345713	500652636	22913	4507692	72275312	171231317	167555479	6580145
1495865327574978318	500642769	23614	4112944	72714865	169896897	162601883	6547520
1495865328075587298	500609706	24790	4271382	70202756	169150779	163960107	6542623
1495865328576219112	500633857	23584	4121974	73674887	169905729	162451346	6572502
1495865329076852675	500629883	24257	4172616	77213735	173310635	165801534	5912563
1495865329577482281	500629986	24720	4155694	72928067	166979979	165098698	6475423
1495865330078094136	500616678	24516	4215788	74314432	171345101	166160532	6118610
1495865330578770283	500674578	24681	4323432	73237733	170005673	167036313	6193201
1495865331079383680	500616816	22695	4248539	70951130	164849833	164536482	6773640
1495865331580015035	500630149	23843	4300152	75627462	172615805	167038202	6260630
1495865332080646432	500632052	23639	4260921	74967802	171852852	167218161	6243023
1495865332581259703	500614368	23407	4166073	71065076	165221970	163050726	6775232
1495865333081893350	500633250	24159	4232295	70626340	168128111	163985174	6760256
1495865333582560122	500669020	18650	4090837	68429095	166605529	163635039	6588980
1495865334083182602	500623956	24387	4206313	69869804	167879643	163730212	6646692
1495865334583868166	500685374	23029	4103482	77563966	173411742	163049205	6307203
1495865335084524187	500653263	22692	4310119	72177011	168066229	164042167	6728871
1495865335585220709	500701221	22942	4134014	68455105	162218357	161468147	6963733
1495865336085947314	500726671	24150	4197904	75344159	171314393	166241308	6252555
1495865336586555753	500610018	24163	4096754	76171114	169795973	165465018	6133091
1495865337087175400	500618765	23237	4247078	73340383	170185769	164754938	6610097
1495865337587799546	500622237	23965	4053105	75013971	167251895	163234689	6270866
1495865338088425735	500629669	23151	4181259	77555202	170547713	166523669	6306637
1495865338589049715	500626764	23947	4198844	74269430	169151864	165844354	6499435
1495865339089659904	500611423	23447	4194121	76836495	169733349	166600129	6193022
1495865339590270884	500609456	23542	4229244	74749769	169617905	166193879	6318439
1495865340090910364	500633406	23533	4215934	72685772	167281025	164697251	6557953
1495865340591550511	500644676	23812	4284759	72987266	171737014	165054492	6697387
1495865341092175699	500624106	23368	4269905	75983201	171698037	166936662	6295289
1495865341592803263	500628516	23159	4258937	72516479	167487930	165391533	6820186
1495865342093446701	500640465	24572	4088265	71520682	171136011	162880348	6644358
1495865342594055557	500618392	23781	4113354	77829049	174763691	165448375	6170620
1495865343094676787	500623166	23673	4169802	73900156	167800669	164262789	6343271
1495865343595304100	500626752	22956	4149283	78538896	170765902	166302924	6143978
1495865344095923331	500614719	23041	4168670	77369395	170606277	166383644	6162948
1495865344596560477	500641480	23433	4287306	76340993	172206504	167597358	6196169
1495865345097179249	500619041	22985	4262076	70802780	164541705	164469230	6986889
1495865345597855896	500677992	22236	4284976	78709353	174948217	167298204	6145149
1495865346098603376	500748336	24283	4244264	74277800	171157843	166346098	6354272
1495865346599223815	500622091	24082	4077194	73624190	169226492	161834209	6594903
1495865347099827378	500602839	23649	4243207	72543087	169685026	165660529	6694283
1495865347600469983	500644745	23639	4192524	75847740	169261678	165684255	6281104
1495865348101081213	500610982	23875	4032165	72105186	163954798	161084454	6618480
1495865348601695902	500610776	24059	4114460	76001946	168420739	164920129	6162002
1495865349102308382	500613661	24214	4153324	73424509	170590290	165168950	6495022
1495865349602958696	500657274	22715	3907140	74807596	165868488	162871044	5844810
1495865350103720259	456239928	12408	2363001	50984989	123419829	119156546	5876569
1495865350604417072	385131954	37784	2484589	39531717	97824454	111691326	7039843
1495865351105136177	500723230	51226	3288932	47695907	120898970	143388477	9364257
1495865351605788283	500644122	50945	3271182	48869513	122503592	144253814	9289336
1495865352106500179	500717903	50350	3248664	50514372	124617898	145060619	9207528
1495865352607210993	500710681	49573	3228885	51466475	125429066	145236433	9122381
1495865353107910639	500705321	18723	1014249	74937180	190247386	136888059	5385197
1495865353608629036	500719995	11226	1152842	94717899	226161063	157896366	4775829
1495865354109256975	500628393	28821	762051	42487326	146645304	123857972	7775561
1495865354609909622	500650953	10097	5309796	73319101	110961832	142498738	5033407
1495865355110605518	500697774	7522	5237855	67799309	94621893	133938050	4693746
1495865355611226373	500624490	519	5137559	77544857	134959655	162197093	3766214
1495865356111838562	500613291	1437	3881819	68409678	94642288	117794674	3288429
1495865356612462292	500620905	2969	7207500	80095875	95291598	158425815	3300351
1495865357113095397	500632086	4774	2561462	52597358	104639400	99614594	4411457
1495865357613789002	500697849	11457	1945975	59805323	124769893	110118784	4834536
1495865358114403733	500616063	8271	1792172	52459599	107963754	93453972	3326328
1495865358615024629	500620026	7942	1757600	52012670	107293699	92158478	3214037
1495865359115651276	500621967	7982	1744441	52440631	107138681	92163991	3196262
1495865359616295965	500650935	6570	1755998	50963246	105741482	89555171	2927108
1495865360116915778	500619823	8315	6517686	89005265	114812588	172236059	4616014
1495865360617531634	500616308	224	11844593	118933566	125810183	244926517	2057065
1495865361118148280	500617809	224	1379668	37186454	701709029	233508844	70814371
1495865361618841511	500693961	238	4404477	61398311	541551524	238905474	52161721
1495865362119456199	500617251	224	11848754	119109421	125919463	245440740	2093326
1495865362620073804	500612181	46735	4101616	59540416	154986486	160640801	7442649
1495865363120720576	500651043	4338	668054	26453603	262259753	148014556	6728560
1495865363621334223	500614296	228	609763	25527056	261911203	147549051	6221380
1495865364121955203	500621679	224	596096	25211480	258381818	145931106	6330477
1495865364622647808	500694003	226	598245	24716806	252217006	143377318	6646746
1495865365123323080	500616291	224	606501	24636070	251139493	143163542	6654260
1495865365623960227	500698890	284	536287	26156568	255025241	141698751	6134093
1495865366124574082	500611860	262	554380	27691087	245693260	139156926	6802603
1495865366625185729	500613747	226	606606	26806508	238114268	139657242	7025676
1495865367125810334	500623968	248	608385	26620058	236553113	138751128	7215700
1495865367626433773	500624400	226	586835	26218811	232652943	136954258	7368905
1495865368127044336	500611059	224	596457	26011702	230741814	136287278	7546385
1495865368627662275	500619855	226	596740	25820546	229039068	135545916	7607439
1495865369128333713	500614395	224	593831	25802260	228822949	135534209	7636536
1495865369628954402	500681322	1232	125240	29412377	165579732	101664551	6452857
1495865370129562923	500608104	224	22217	5257680	134039902	69262025	12279419
1495865370630262529	500700669	226	23284	5305924	135240524	69906580	12439999
1495865371130952634	500689479	222	22097	5209615	132418943	68430913	12073034
1495865371631646905	500694843	226	22103	5360213	137015838	70810809	12629568
1495865372132331552	500684619	224	21937	5284589	134685692	69602693	12361151
1495865372633020907	500691798	226	21897	5296486	135152360	69842889	12408204
1495865373133772721	500752815	226	22337	5263659	133921073	69221661	12262704
1495865373634466992	500693406	226	22859	5301405	135028891	69797141	12385482
1495865374135208347	500742051	224	22232	5212423	132521642	68483551	12084460
1495865374635842453	500635896	226	22944	5277008	134358400	69443075	12316271
1495865375136468349	500626836	226	22006	5190672	132052203	68232467	12030378
1495865375637094205	500626587	226	22642	5318722	135635561	70102467	12471663
1495865376137723101	500626635	224	21506	5383873	136982489	70803061	12768665
1495865376638408207	500691267	228	22507	5250084	133548985	69024713	12218865
1495865377139031312	500620866	224	21817	5252162	133697145	69090863	12240506
1495865377639681125	500651877	226	21931	5277250	134113725	69326453	12307882
1495865378140315980	500635944	224	21829	5470005	140245240	72307251	13096946
1495865378640946169	500630168	226	21778	5240947	133396322	68938059	12194509
1495865379141643482	500695471	226	21402	5264953	134249917	69366962	12300989
1495865379642364712	500728545	226	21926	5262505	134173203	69330592	12290383
1495865380142993859	500623278	224	21088	5282291	134847895	69664476	12381447
1495865380643750881	500758692	228	22401	5206181	132221115	68338465	12051293
1495865381144376444	500627388	224	21802	5268079	134208569	69359436	12303556
1495865381645021341	500646036	226	22250	5300930	134970821	69760951	12394253
1495865382145650488	500630064	224	21801	5285151	134762025	69630184	12362699
1495865382646286093	500635569	226	21846	5313169	135384227	69962465	12445591
1495865383146921907	500634495	226	22187	5309326	135289219	69918423	12429693
1495865383647642178	500719740	226	22237	5463643	138416970	71407295	13003595
1495865384148380283	500628906	235	403113	21074921	213582231	117757207	9098838
1495865384648997430	500726814	228	548797	27114827	238398874	135013082	7464587
1495865385149617744	500621529	224	532489	26785431	235691455	133432270	7596504
1495865385650243766	500629293	226	545677	26449758	232324495	132399524	7699694
1495865386150861038	500618556	224	536658	26124000	229463354	131066397	7936083
1495865386651481143	500617962	226	527227	25971268	228070355	130423106	8038384
1495865387152101873	500623260	232	532264	25869262	227121189	130200062	8053467
1495865387652719603	500617926	245	174378	32628108	199204280	112698338	5295245
1495865388153406292	500685292	1623	827322	102446473	255120242	164623236	5569876
1495865388654050813	500647046	919	767103	57681216	112332568	90003693	8005681
1495865389154709127	339815770	23759	1710987	36057092	86493606	91497983	6663409
1495865389655352357	500638557	51503	3302560	46903414	119756289	142796421	9399334
1495865390156070087	500717753	50964	3278073	48458235	121842549	143883655	9315927
1495865390656770609	500709468	50474	3256574	49851041	123648956	144687667	9221489
1495865391157399714	500629016	50024	3239137	51664634	126148903	145840789	9128470
1495865391658066694	500668287	30360	2021543	41021546	95915667	98785483	5771772
1495865392158756924	500692349	1446	429748	28615677	55824889	34862069	753284
1495865392659376279	500619509	1439	413354	28580030	55739104	34543538	753367
1495865393160092968	500716673	1540	420727	28557644	55859659	34765230	800648
1495865393660710031	500617924	1434	395507	28515001	55601333	34187057	798674
1495865394161330928	500620903	1429	410196	28503675	55581920	34407650	799735
1495865394661948617	500620569	1431	394452	28504726	55578077	34161562	800417
1495865395162567639	500618794	1432	418036	28520815	55610433	34560957	799550
1495865395663182119	500616150	1429	407601	28513460	55599208	34391412	799502
1495865396163915682	500733775	1437	414637	28535403	55635728	34537562	798893
1495865396664527204	500610568	1438	429564	28532965	55648610	34762223	806055
1495865397165151517	500624849	1436	420604	28524721	55611732	34619797	801466
1495865397665771289	500621744	1434	409294	28517052	55600064	34431000	803377
1495865398166402936	500628601	1439	425845	28537346	55644396	34717067	804875
1495865398667018750	500619234	1429	398973	28500186	55569372	34227343	798527
1495865399167633438	500614412	1436	401721	28518890	55613086	34305709	799533
1495865399668308127	500615214	1428	400437	28506306	55574511	34267931	802076
1495865400168931065	500683268	1434	391529	28501214	55579662	34121292	799427
1495865400669545712	500617796	1438	418864	28530954	55639616	34583136	800535
1495865401170158942	500611367	1438	411421	28521293	55627096	34449288	798370
1495865401670773214	500617011	1437	425561	28534682	55634418	34681481	804972
1495865402171389403	500612661	2671	1111530	30420464	75367153	69760329	2066877
1495865402672006175	500618445	1813	2125304	25908893	120785906	152448483	5027483
1495865403172696363	500693934	1819	2117105	25897408	120836114	152474054	5005763
1495865403673373801	500610033	5231	2417286	30869291	124656951	154040651	5830072
1495865404174005948	500698675	9984	1597069	51410285	85889376	57196846	26427755
1495865404674623387	500615726	21691	1602644	80164262	139939080	77889232	15850031
1495865405175248700	500630436	11482	1709991	46507097	131890983	79233505	16750789
1495865405675946139	500696541	264	5187043	85078817	267000863	185554466	3457608
1495865406176629744	500686131	236	5673844	84955479	287809780	205189438	2449272
1495865406677312432	500683075	232	5733593	84567373	301095431	215166392	1722943
1495865407177992412	500680987	224	5432173	86104281	311908304	218204370	1270239
1495865407678815309	500823570	226	5544791	85384561	311035399	218685506	1496706
1495865408179530539	500712022	224	5825164	84107502	304412535	217200769	1533830
1495865408680309602	500790228	236	6086878	83747963	291579735	214482575	1802753
1495865409181008832	500691981	234	6162690	83186600	295013175	217225135	1586374
1495865409681705896	500699302	224	5205503	86383051	314904065	216495903	1080207
1495865410182401918	500696471	226	5403695	85648179	312482791	217802762	1059918
1495865410683086189	500685784	224	5655588	84859978	309784447	219295671	1098221
1495865411183911044	500825157	226	5482255	85195388	312401506	217889435	1138261
1495865411684605524	500694569	228	5634450	84408653	301642131	212655288	1598203
1495865412185306004	500701016	224	5485881	85313726	311578367	217913834	1193576
1495865412686029984	500723884	224	5287407	85690981	314247636	216404922	1323305
1495865413186633090	500603261	224	5401358	85178497	313157108	217154285	1259570
1495865413687249070	500617412	220	5526576	84985846	311119260	217884744	1384260
1495865414187867008	500621341	224	5736156	84397760	308976535	219123059	1369424
1495865414688609363	500743132	226	5867809	84731532	306512038	220546915	1462371
1495865415189228010	500616294	230	5781393	84758983	302570727	216835837	1724976
1495865415689842157	500617012	224	5495369	85718730	309781929	218222110	1252170
1495865416190451054	500603735	224	5348242	86023391	312133552	217106456	1417096
1495865416691066618	500621469	224	5687743	85014794	307726546	219253832	1426884
1495865417191684681	500616994	224	5671412	84992019	308805359	219015906	1458764
1495865417692301286	500617879	224	5627292	85222042	309886172	219131861	1169120
1495865418192912600	500612398	224	6062122	83977277	303723399	221654475	1198684
1495865418693606163	500693149	228	5979115	84078632	299950547	217668335	1505848
1495865419194219768	500615178	226	5555855	84495940	312589002	217895445	1374601
1495865419694834457	500616087	224	5511334	84296707	313088882	217198719	1472892
1495865420195449729	500614694	224	5643945	84074678	310439536	217874903	1887699
1495865420696071834	500623408	224	5990047	83351789	305924755	220284804	1680095
1495865421196691064	500617894	224	5535134	84256911	306899123	213818005	1465735
1495865421697303086	500614259	230	5937605	83250836	305847271	219651972	1349309
1495865422198032608	500729830	224	5267484	85577714	315599100	216221229	1076117
1495865422698747421	500717210	226	5542754	84307873	312883938	217770918	1047663
1495865423199375860	500629776	224	5736133	83388987	310473777	218738902	1285831
1495865423700006715	500628287	226	5856694	83450034	301021204	214828247	1489525
1495865424200644445	500639037	228	5909427	83414993	302519085	217386768	1436616
1495865424701279675	500637088	224	5548925	84112956	312038368	217399030	1216383
1495865425201917822	500640090	224	5918899	83149491	308022427	219805350	1136889
1495865425702554719	500636532	226	5681507	83636174	306890699	216016105	1215400
1495865426203192449	500638595	224	5989138	82772839	303965525	218252358	1314830
1495865426703937387	500744851	226	5987385	82972987	303581726	218308286	1214542
1495865427204574076	500636756	232	5575766	83797372	295690070	206887319	1801842
1495865427705210764	500638677	232	4755990	85013803	275083726	181125595	3183433
1495865428205843953	500633367	283	2692346	84154882	181089085	103369190	7823989
1495865428706482641	500638296	302	4059705	82127286	203856549	139838208	5858465
1495865429207123038	500641479	280	5484903	81871132	279205777	199923809	2449629
1495865429707757602	500634636	1680	5881709	73182321	186638304	165390588	6418963
1495865430208399332	500643033	1097	6988934	70969503	166028959	181090364	6641488
1495865430709034562	500637351	936	6775671	72955666	172812907	184082553	7436356
1495865431209667167	500633040	1024	6696645	75253510	177047829	186852616	7584168
1495865431710375397	500707908	1004	7165783	73545403	173649532	193370112	7527383
1495865432210990294	500615460	1059	7685699	72724146	173909116	201251902	7536786
1495865432711619358	341015313	29933	2106503	35547156	87780615	98063671	5892836
1495865433212268213	500640209	51490	3302244	47195597	120119113	143009260	9454167
1495865433712905235	500643676	50865	3283147	48650277	122162833	144059971	9403250
1495865434213647006	500751993	50225	3255988	50293356	124320188	145054054	9303003
1495865434714265195	500617406	49828	3238547	51863448	126389976	145883737	9214059
1495865435214892092	500626205	27766	1802783	48943844	184651468	141152928	11732257
1495865435715518322	500624034	292	797741	21171564	192633272	127325613	22425641
1495865436216137385	500620413	224	845102	22339148	195340021	130068248	22672183
1495865436716766241	500629439	226	833662	22237849	195150320	129674860	22664829
1495865437217387637	500623050	224	833982	22248669	195294378	129764130	22677040
1495865437718060617	500675263	226	855040	22308920	195536414	130405275	22689103
1495865438218876306	500818515	226	831608	22241729	195204565	129664049	22667936
1495865438719492994	500614406	226	846590	22348698	195427465	130144923	22675175
1495865439220116224	500623140	226	833708	22238356	195203963	129706009	22668575
1495865439720739621	500624046	226	842504	22269268	195368172	130007728	22678210
1495865440221370685	500629810	224	848791	22280212	195367799	130156380	22672400
1495865440722083998	500714204	226	828370	22229113	195224852	129579084	22675982
1495865441222815020	500733710	224	844013	22275943	195365483	130053925	22676268
1495865441723573708	500759936	228	835964	22331900	195392477	129874446	22688477
1495865442224215105	500639787	220	838486	22257422	195293112	129871355	22665702
1495865442724852419	500639797	228	780724	22110023	194669675	128078796	22683777
1495865443225491815	500641994	226	787818	22056384	194792027	128266612	22688570
1495865443726131212	500638360	226	763288	22065232	194416470	127513721	22668642
1495865444226771609	500639943	224	745493	21997738	194487576	127157777	22674756
1495865444727410131	500640151	226	743544	21989331	194451789	127063667	22677867
1495865445228048403	500640984	224	745937	22019160	194410513	127105252	22680876
1495865445728808258	500758293	228	719251	21930431	194314308	126418180	22707050
1495865446229445655	500637533	224	715926	21886523	193972849	126151494	22656953
1495865446730084426	500640412	226	720860	21993636	194237876	126421743	22688874
1495865447230730698	500645064	230	709566	21867368	193620024	125767070	22657214
1495865447731374137	500646124	226	706862	21860380	193861615	125851631	22711059
1495865448232012409	500639025	224	689445	21816348	193578742	125266286	22686884
1495865448732652555	500642451	226	704092	21907317	193868891	125810866	22702338
1495865449233372119	500647532	225	697012	21894634	193840433	125623906	22719790
1495865449734011182	500709561	227	690644	21804701	193295626	125119027	22729063
1495865450234656329	500644811	224	685501	21795294	193096328	124906786	22721765
1495865450735377851	500724323	226	680409	21740663	193122989	124800017	22731299
1495865451236023456	500645034	226	679978	21716789	192807637	124616553	22696187
1495865451736666561	500644608	226	679753	21727135	193046145	124730332	22717190
1495865452237311000	500643595	224	680229	21736680	193185652	124820856	22736900
1495865452737956646	500646020	226	680345	21727755	193065995	124744818	22721416
1495865453238743501	500787777	226	679069	21733265	193112062	124757147	22726506
1495865453739398107	500658834	226	679827	21714134	192939398	124659735	22705593
1495865454240037337	500637360	224	684406	21942167	192970414	124778432	22762179
1495865454740674234	500639748	220	673382	21734144	192741976	124373518	22776885
1495865455241315339	500641054	226	673030	21679500	192704595	124362498	22777877
1495865455741950652	500635353	226	672011	21681471	192713543	124346239	22775257
1495865456242582007	500633122	224	672506	21671958	192617983	124303872	22765567
1495865456743215988	500634153	226	673107	21684318	192677084	124354058	22773735
1495865457243954968	500740230	226	672643	21671022	192607191	124306882	22764292
1495865457744595739	500638497	226	672017	21669074	192613080	124284652	22764365
1495865458245226553	500633737	224	672496	21676707	192681209	124341227	22779205
1495865458745882283	341564355	19196	1506028	29539320	107767353	95178515	9183902
1495865459246583305	500708508	51934	3299861	46758500	119594894	142572025	9385111
1495865459747278785	500694565	51156	3274637	48449398	121926368	143889960	9263411
1495865460248101098	500814031	50763	3252919	49921518	123898258	144732233	9180884
1495865460748940245	500846488	50237	3242278	51506121	125919734	145758588	9098996
1495865461249610850	500676266	37905	2586374	48240402	126005724	140505728	8207687
1495865461750236997	500625411	14253	1958406	42638791	112778427	112597603	10846892
1495865462250861893	500626926	3224	2150254	33465413	102348023	95391051	10983072
1495865462751482790	500620752	226	1156221	29776186	173134709	122434862	7439412
1495865463252098979	500618857	226	1081014	29733844	173058265	121241417	8523576
1495865463752709251	500610716	226	1093229	29735550	173152883	121699350	8659959
1495865464253420689	500609046	224	1054011	29743232	173313209	121098884	8842627
1495865464754026086	500709027	226	1060172	29785432	173385580	121315253	8672029
1495865465254643816	500618398	224	1071688	29746319	173328813	121518114	8544715
1495865465755248338	500607350	226	1051988	29748429	173354765	121239872	8896404
1495865466255869277	500620848	224	1057099	29796922	173491920	121352180	8637081
1495865466756485673	500615467	226	1041056	29745704	173325248	120882408	8768218
1495865467257123029	500642972	226	1053241	29746862	173205407	121008254	8637841
1495865467757731717	500606040	226	1128558	29768254	172966751	121798664	8076110
1495865468258481489	500751376	228	1145173	29799589	173171179	122128107	7776472
1495865468759100511	500618603	226	1179477	29801889	173279578	122558607	7216839
1495865469259718699	500618202	220	1171835	29853124	173277924	122474567	7041074
1495865469760414888	500695977	226	1086277	29833848	173709617	121840649	8046637
1495865470261032243	500619088	224	1104611	29893312	173952811	122376298	8114996
1495865470761654640	500621973	226	1060505	29863069	174044621	121717672	8245891
1495865471262273412	500619423	226	1107692	29936664	174210997	122710832	7904564
1495865471762891767	500619269	226	1065507	29882533	173930500	122069226	8322903
1495865472263579913	500690384	226	1059960	29849669	173847427	121701416	8329183
1495865472764204727	500622683	226	1061321	29873185	173987282	121976944	8205557
1495865473264823707	500622562	224	1064253	29872075	173895386	121798465	8263648
1495865473765442396	500619181	226	1056976	29849132	173721809	121445568	8190703
1495865474266054834	500612254	224	1107270	29888431	173626515	121994217	7761178
1495865474766668439	500612594	226	1168067	29795075	173354918	122534222	6993076
1495865475267295711	500629213	226	1154869	29770664	173140165	122187983	7490795
1495865475768001191	500705640	226	1162421	29762336	173182178	122288086	7297488
1495865476268782838	500781344	1964	1071719	35972217	139602322	102953911	7154270
1495865476769477318	500696538	3094	1295336	40310860	126871022	98709728	8095884
1495865477270160215	500684514	224	1157273	29891718	174009704	123098091	6919213
1495865477770854028	500692825	226	1078063	29788571	173647441	121816406	8114375
1495865478271543800	500690282	224	1096763	29853119	173950023	122365059	8068752
1495865478772229488	500688357	226	1056996	29763041	173561122	121501865	8693963
1495865479272959219	500728798	226	1072892	29851776	173897945	121836463	8173834
1495865479773726115	500766121	228	1062517	29818901	173923382	122239772	8251766
1495865480274350179	500628400	224	1050738	29798134	173731761	121804445	8372311
1495865480774966492	500615458	226	1059748	29812577	173712045	121587556	8145104
1495865481275581972	500616644	224	1032899	29742746	173586713	120972618	8395468
1495865481776200703	500620924	226	1056677	29802505	173683094	121383119	8133265
1495865482276819766	500619462	224	1157837	29940364	174075788	122786915	7057827
1495865482777435996	500615314	226	1151746	29917421	174099861	122713103	7019671
1495865483278072185	500636195	226	1206917	29897113	174088974	123646396	6672905
1495865483778763415	500692367	228	1146510	29908993	173858160	122574433	7131647
1495865484279376437	500615682	220	1076447	29849014	174013530	122163504	8218066
1495865484779989334	500612370	226	1082934	29870359	174091522	122452810	8177294
1495865485280605106	500616537	224	1059175	29842930	174138761	122343314	8504841
1495865485781213711	500609041	226	1099581	29926358	174396154	123164728	7992403
1495865486281831149	500616764	224	1066303	29897683	174193133	122509599	8454940
1495865486782449963	500620265	226	1068942	29805171	173764723	121918264	8586613
1495865487283063610	500615656	226	1062861	29859477	174073003	122290972	8622709
1495865487783816631	500751472	228	1052171	29823563	173823033	121684730	8574537
1495865488284432070	500617152	224	1051801	29822529	173731967	121695022	8549667
1495865488785135508	500703886	226	1161098	29938315	173963416	122940226	7214916
1495865489285773072	500637223	224	1147309	29882703	174047436	122962343	7100894
1495865489786420344	500649333	226	1129213	29865229	174076174	122600148	7276196
1495865490287049657	500629561	224	1167275	29883576	174049345	123002076	6848450
1495865490787691346	500641790	2952	1078956	40291909	129619765	97807909	6514688
1495865491288407576	500718504	2110	1265356	35812053	135973470	102966864	8584512
1495865491789042722	500633761	226	1173712	29975063	174404824	123299662	6846094
1495865492289672953	500633774	224	1071933	29873872	174086665	121703293	7959054
1495865492790298058	500624857	226	1098808	29911944	174332499	122132718	7817918
1495865493290930121	500632517	224	1061176	29872966	174158597	121597852	8176629
1495865493791563685	500633037	226	1080148	29932917	174306245	122058199	7764598
1495865494292189957	500629617	224	1062575	29889657	174377549	121832450	7873867
1495865494792817187	500625889	226	1058874	29889381	174108594	121631199	8161699
1495865495293445209	500629520	228	1075262	29945040	174316303	121893506	7866677
1495865495794073147	500628659	226	1049197	29815793	173866249	121012061	8132585
1495865496294729961	500653948	224	1073380	29896116	174074580	121551265	7718744
1495865496795446732	500728235	226	1178646	30024769	174469497	123173814	6888298
1495865497296064171	500611484	224	1167530	29962436	174322644	122942073	6939696
1495865497796694026	500632016	226	1179772	29926822	174091730	123031399	6918438
1495865498297415214	500720364	224	1130266	29936437	174178725	122569510	7365851
1495865498798032361	500616712	226	1078345	29894664	174099322	122041669	8333046
1495865499298788966	500756331	226	1085347	29895143	174091542	122066835	8254669
1495865499799412738	500625595	224	1083347	29903680	174166768	122289812	8290772
1495865500300024385	500612863	224	1096407	29936721	174267029	122725258	8279174
1495865500800640282	500615824	226	1061553	29864618	173926137	121830048	8553819
1495865501301255845	500614364	224	1074021	29837617	173761692	121834658	8565713
1495865501801872117	500620182	226	1075120	29876235	173965289	122006517	8556374
1495865502302487681	500616334	224	1051397	29856394	173842317	121434150	8577353
1495865502803105411	500615365	226	1052261	29845197	173707525	121369227	8553864
1495865503303777433	500674306	228	1189348	29933443	173894810	123014543	7140774
1495865503804389288	500614003	226	1161299	29953355	174358620	123072334	6916288
1495865504305010060	500620263	224	1125965	29957755	174609852	122773646	7179017
1495865504805628665	500618130	226	1172027	29943541	174262990	123110775	6916936
1495865505306250770	500622803	4432	1140220	47130743	115262455	90942981	6010574
1495865505806870459	500621934	642	1210099	28961934	150097055	109630307	9247431
1495865506307489689	500618520	224	1164338	29934591	174104297	123003159	7028677
1495865506808109544	500620010	226	1063119	29816375	173904246	121550321	8362862
1495865507308798649	500691596	228	1085726	29884958	174103141	122129438	8217077
1495865507809501879	500704394	226	1060040	29835585	173814992	121529525	8607261
1495865508310134235	500633231	224	1076771	29870255	174027640	121940527	8082067
1495865508810767965	500635542	226	1057177	29853215	173986281	121721696	8340253
1495865509311403403	500634972	224	1049159	29870283	173944876	121527200	8433451
1495865509812037592	500635954	226	1072070	29871052	174036496	121856797	8127930
1495865510312674614	500634843	224	1040953	29815556	173794243	121052136	8328465
1495865510813397094	500722860	230	1085484	29895179	173943318	121781506	7798342
1495865511314103240	500707930	224	1176866	29985101	174307049	123015512	6816656
1495865511814808179	500705534	226	1170974	29959181	174342463	122984798	6849450
1495865512315512700	500706084	224	1168212	29965791	174286037	123042696	6797350
1495865512816219972	500706777	226	1126685	29965941	174322496	122661505	7269538
1495865513316925661	500708271	224	1083083	29948913	174501305	122537888	8063932
1495865513817647349	500720628	226	1065777	29878959	174172675	121884484	8168629
1495865514318376287	500726121	227	1094908	29976622	174522143	122703407	8030680
1495865514819078601	500708312	225	1083228	29942096	174446526	122537276	8162638
1495865515319788123	500708465	224	1053375	29925228	174327750	121975988	8309529
1495865515820491353	500703279	226	1075079	29927346	174336528	122187485	8123934
1495865516321199916	500709281	224	1077533	29925341	174265270	122079828	8153968
1495865516821900688	500702205	226	1062658	29859395	174053195	121592095	8256840
1495865517322656501	500757242	224	1069305	29935388	174174214	121905513	8203349
1495865517823325981	500613679	226	1181602	29947166	174185241	123053077	6726320
1495865518323942336	500673448	226	1157811	29988263	174471415	123035281	6710372
1495865518824567483	500622830	228	1171005	29948448	174480511	123091034	6912245
1495865519325190380	500625363	225	1093670	29257181	168578853	118964748	7222872
1495865519825827694	340833109	23874	1669705	32920685	80999898	87478550	5951733
1495865520326523882	500695478	51566	3306531	46890291	119723761	142900455	9428452
1495865520827159654	500631521	51040	3265469	48386520	121859689	143803253	9304233
1495865521327841009	500686950	50486	3262228	49988866	123935860	144891010	9209373
1495865521828620447	500778910	50024	3241854	51526881	125959460	145764253	9125495
1495865522329232302	500613430	33045	2146641	42319344	105398404	113868876	6818546
1495865522829839574	500607783	4824	507741	31581683	76760832	66344946	2869490
1495865523330462388	500620875	52289	1709397	37459715	118510043	121526367	10712040
1495865523831083743	500625108	234	4285760	40497622	76659722	132202685	12842773
1495865524331688432	500605014	231	422393	18646678	107432156	109125809	3772909
1495865524832299912	500612139	226	281064	18135805	94324722	109465225	2748663
1495865525332908059	500607666	224	273531	18755453	96926076	112676309	2782058
1495865525833619872	500704983	228	269966	19604176	100565341	116765968	2783362
1495865526334321185	500716632	224	277514	18593670	96276530	111972560	2768576
1495865526835007666	500682190	228	276502	18107367	94241713	109478872	2748580
1495865527335624229	500618474	224	274592	17970186	93614542	108636470	2739888
1495865527836241209	500614749	226	267994	18941071	97738405	113467315	2758111
1495865528336854523	500616783	224	266128	19746061	101177184	117416874	2761172
1495865528837470753	500615421	226	271475	18823527	97217538	112982117	2788306
1495865529338082608	500610852	218	268187	20113113	103002523	120061510	2682952
1495865529838792922	500712333	228	221782	29706805	144630828	170475419	2637526
1495865530339418360	500619093	226	245177	32797623	130244939	151418948	3337634
1495865530840037007	500626830	237	2404170	37293444	73809542	104390834	8939965
1495865531340657570	500620656	229	1018164	24491352	106105894	108647383	5263670
1495865531841271467	500615232	226	282725	17614487	92140651	106966772	2725034
1495865532341885323	500615789	224	271264	18694537	96770964	112303660	2692853
1495865532842498344	500612785	226	272130	19267827	99117734	115237017	2771038
1495865533343110950	500613843	224	272313	19285971	99227913	115355807	2766047
1495865533843870346	500758941	228	283337	18591594	96269168	111996217	2741082
1495865534344480910	500611827	224	278908	17769268	92833149	107690273	2728027
1495865534845097723	500615091	228	274520	18973537	97878421	113769853	2739615
1495865535345712620	500616696	224	268433	19382587	99609816	115710795	2747940
1495865535846319017	500606778	226	279790	18735580	96879203	112693758	2738002
1495865536347038622	500719545	224	273980	18689646	96708721	112290550	2707047
1495865536847658602	500621250	226	235604	28484937	139313351	164135349	2673874
1495865537348316082	500616900	224	220874	29721250	144645290	170479618	2638505
1495865537848938229	500662170	236	750678	31728395	76277828	88416832	8199173
1495865538349557085	500621970	230	2666678	36453746	103242372	124544767	6527685
1495865538850179940	500622765	229	307931	17790315	94006822	107774710	2809157
1495865539350800587	500621535	224	275691	18316558	95123881	110462043	2742608
1495865539851417817	500620083	226	267457	18755345	96960978	112567071	2745891
1495865540352033297	500615214	224	270063	19184298	98845119	114676216	2730888
1495865540852652402	500618418	226	279149	18416139	95546247	111054765	2744998
1495865541353332341	500620296	224	277787	17946461	93564370	108576532	2761871
1495865541853939112	500666793	226	275972	18606308	96331497	111893801	2718559
1495865542354562009	500625255	224	279688	18214115	94693961	110044682	2712190
1495865542855194198	500634138	228	270138	19124392	98531253	114383667	2718567
1495865543355816553	500622924	224	275477	18446242	95660264	111115473	2709509
1495865543856431408	500614662	222	253342	25339392	125627245	147595920	2704795
1495865544357074305	500643258	224	218672	29722185	144630580	170418431	2675868
1495865544857685535	500611872	229	235048	33822018	99261962	112166651	4749264
1495865545358378890	500624046	237	3081917	36774804	83772389	115199066	9304936
1495865545859077954	500771475	228	392644	18552368	104052901	109804274	3464160
1495865546359800975	500722275	224	283140	17873785	93260423	108282578	2721691
1495865546860439122	500639373	228	273765	18995516	97994055	113857815	2744398
1495865547361079769	500640132	224	270960	19281980	99257443	115115329	2739231
1495865547861715499	500637377	226	270979	18817744	97228051	113015232	2771318
1495865548362354938	500639099	224	276146	17799989	92934746	107884022	2727812
1495865548862991585	500638130	226	282178	18003410	93776416	108872222	2729773
1495865549363761981	500771157	226	275443	18933329	97667059	113605526	2752712
1495865549864399878	500637420	226	277044	19654372	100787822	117067685	2738925
1495865550365038108	500639949	224	273164	18611798	96368358	111861187	2683315
1495865550865701088	500662221	228	264858	22280953	112338094	131497590	2720413
1495865551366339152	500639454	224	221939	29700103	144606583	170449165	2669188
1495865551866979799	500635063	228	258145	34451659	121468516	140548232	3609511
1495865552367611279	500639114	235	2949105	38432277	69780983	105360664	9488875
1495865552868315842	500633157	229	469069	19401711	109620625	107541743	4327019
1495865553368957906	500716779	224	296381	17832714	93062043	108256430	2717969
1495865553869587011	500628192	226	278873	18825480	97263285	113043548	2750806
1495865554370212241	500625873	224	280515	18907636	97666217	113505384	2751640
1495865554870843680	500631258	228	285971	18491245	95819753	111546902	2758746
1495865555371511368	500657067	224	280409	18406160	95551366	111019484	2717313
1495865555872236098	500741394	226	289255	18321394	95153212	110654454	2733825
1495865556372840578	500600697	224	284240	18479316	95820017	111474842	2703727
1495865556873519225	500681298	228	280041	18977796	97965684	113768085	2707647
1495865557374132330	500613699	224	282023	18670465	96601168	112401103	2700230
1495865557874745727	500611995	226	283107	19024068	98219543	114316293	2724781
1495865558375369541	500625705	220	228644	29677829	144497304	170439630	2646464
1495865558875992313	500617178	230	244719	31404850	137547557	160658934	3074504
1495865559376696459	446096421	3077	417504	29914544	71575635	76502150	5952662
1495865559877397481	394319476	38666	2554031	40346287	99963825	114352737	7234044
1495865560378098253	500704959	51119	3295022	47742611	121017612	143656584	9428339
1495865560878798483	500705368	50710	3282702	48939833	122583417	144330210	9352431
1495865561379486963	500686512	50490	3247737	50513766	124705343	145192011	9251387
1495865561880126401	500644027	49208	3230793	51656918	125707069	145415714	9160338
1495865562380754548	500620581	61132	1882855	44092455	135141382	130672897	8843415
1495865562881408653	500653797	57071	1391345	44230355	136125470	126909940	11060905
1495865563382069259	500666615	65278	1574149	43703359	141806113	129128969	8636344
1495865563882713697	500647262	65082	1564536	44310600	142350169	130105654	8652344
1495865564383384386	500664440	55338	1239433	38252133	123533322	105945061	13207129
1495865564884080866	500703450	27961	507705	22129580	86711315	59878983	20646452
1495865565384728804	500650419	234	3085255	77983760	184023234	205757694	1692385
1495865565885299243	500571949	226	4807493	98148956	186329098	251298426	2328253
1495865566385863890	500566289	224	4261828	97587046	191473474	246293880	1866643
1495865566886433703	500569877	228	3653771	92777292	195991189	234872102	915600
1495865567387005683	500572208	224	3363784	91110540	195597772	230027123	813992
1495865567887572122	500569528	226	3711195	92971128	195906216	234637696	1104472
1495865568388139686	500565825	224	4298369	89608100	188966252	229369575	1976082
1495865568888845666	500707242	228	4372859	92617290	190181673	237806036	1289023
1495865569389416354	500570498	224	4297573	93991287	190194104	241009541	1181334
1495865569889987501	500571830	226	4901283	95676578	185577902	246092130	1536308
1495865570390556773	500570856	224	4808835	94628530	185977227	244590612	1686270
1495865570891122295	500565229	228	4945681	94826617	185213243	245438668	1749682
1495865571391692359	500571486	224	4536022	92846016	188163170	239190406	1354143
1495865571892275464	500582750	226	3714520	89757534	194273807	230279068	1131741
1495865572392843278	500569339	224	3365081	89087504	195123616	225765116	1000139
1495865572893417008	500574927	228	4430098	91225334	190666636	238688573	1483122
1495865573393978905	500561445	220	4295959	88409313	190544985	231638301	1534976
1495865573894545302	500569207	226	4026647	89509175	194323796	231581673	1534793
1495865574395110365	500563729	224	3828738	86533835	196350864	225348814	1553159
1495865574895753054	500643233	228	4007574	84814317	194736776	223130825	1262385
1495865575396328742	500576136	224	4019319	86233282	192093317	226238427	1511843
1495865575896899014	500570020	226	3068528	83111882	197401347	214444545	1281081
1495865576397467036	500570194	224	2846857	81528647	199790552	210761581	1090865
1495865576898030725	500565321	226	3409544	85419661	193686070	220204546	1276556
1495865577398741455	500710136	226	3555075	86358870	193141059	222005193	1247334
1495865577899312518	500572933	226	3278272	85865222	196030242	217671287	1125265
1495865578399876499	500563897	224	3765288	85097199	192154637	222481060	1532678
1495865578900439271	500564817	228	4073630	82278123	190527086	219488455	2377515
1495865579401009793	500568631	224	3731910	79757197	192443997	212022487	2011556
1495865579901573314	500565276	226	4404641	81788636	190106741	223292010	1870099
1495865580402142586	500569925	224	3814091	82600756	193037301	217825305	2083971
1495865580902805608	500663210	226	3345847	87012483	197612021	218875018	1612182
1495865581403446588	500641244	226	4059578	90486894	193565002	232135939	1857578
1495865581904087985	500641758	226	3618610	82240511	193566496	214425892	1828105
1495865582404734674	500647776	224	3358978	89759519	199379416	222800107	1142930
1495865582905372321	500638985	228	3818637	93542473	192229424	230499045	1569445
1495865583406012384	500641950	224	4755607	97570295	184944145	245455089	1546319
1495865583906647489	500637500	226	4581123	98354168	185953996	244262778	2110188
1495865584407318011	500671152	224	4600715	92726500	184947841	236176405	1585556
1495865584907893616	500576085	226	4501602	87608029	187492937	228677603	1105847
1495865585408589846	500695726	226	4349101	89569632	185866450	229648224	887175
1495865585909172243	500583353	226	3790764	88369325	188861057	224439797	1171068
1495865586409752598	500579698	224	2886446	88918081	195950518	216611514	836681
1495865586910319745	500568503	228	3294172	87681280	195939517	217442525	1221885
1495865587410887392	500568804	224	3701926	85025774	192656450	218170027	1765292
1495865587911458873	500570338	226	3238803	78835479	191941575	203826577	1439842
1495865588412030353	500572449	224	3731010	79640151	191551785	210282276	1641423
1495865588912605916	500575185	222	3180083	80496298	192799514	205150141	1761782
1495865589413164855	500562238	224	4054991	87743647	192459608	224713061	1659602
1495865589913870960	500703719	228	3726552	86036590	193071562	221241920	1267693
1495865590414440107	500569085	224	4409562	86428028	188089760	227034638	1608574
1495865590915018046	500580729	228	3955587	82181586	190391935	217628860	1698746
1495865591415590109	500575501	224	4175200	94367996	186778450	234850192	1655407
1495865591916157089	500565788	226	3485108	88294408	197742292	220467862	1702033
1495865592416724445	500569584	224	3313788	86446508	197680380	214069024	1507975
1495865592917298842	500574099	226	3538631	84862104	197360842	215778214	1461419
1495865593417868572	500568313	224	3657235	84245160	195447112	215362682	1555452
1495865593918655427	500786498	228	4080102	82816461	195745889	221575846	1983954
1495865594419233699	500580826	224	3194225	75231836	206545746	209327786	1424696
1495865594919811387	500579446	228	2850666	73007641	207487566	200031553	960538
1495865595420388534	500576530	224	3858158	85580505	198737063	223085066	1538864
1495865595920965056	500578125	226	4326951	84771438	193878247	227183862	1938009
1495865596421534995	500570881	224	3528937	81091549	202446250	215899348	1113724
1495865596922098933	500564249	226	3928660	83047687	198378943	220952241	1879692
1495865597422680580	500581882	224	4325069	80952398	194674908	223151915	2050198
1495865597923307102	500571976	226	4056028	82021983	196050763	220640443	1731409
1495865598423870749	500620057	226	3443186	81751195	199448013	212595446	1319024
1495865598924441104	500571762	228	3369273	80125676	201008575	209980375	1401284
1495865599425012501	500571474	224	3359023	81747872	197826888	212999615	1589606
1495865599925595648	500584191	226	3768195	84915091	197650233	220860734	1717072
1495865600426169295	500573176	224	4281846	86596635	196736164	228357486	1954959
1495865600926733859	500566988	226	3779690	83730647	197987011	218571507	1587478
1495865601427298756	500565102	224	4048663	83603963	192795377	221517872	1365468
1495865601927867903	500569039	226	4078701	82126050	191624306	219705115	1367923
1495865602428428258	500560281	226	4098169	87217052	190327422	225823262	1394057
1495865602929003613	500575251	228	3931840	85436456	194199093	222476039	1590923
1495865603429645927	500644050	224	3463121	84977185	195656786	215362531	1192462
1495865603930210032	500565094	222	3644779	83405697	195340799	216010315	2221478
1495865604430782054	500571013	224	3700950	80776638	193945478	212681393	2486550
1495865604931350492	500570168	226	3627967	86344021	195605078	219003413	2250283
1495865605431922223	500573595	224	3776699	88304884	187473252	220161569	1638504
1495865605932495369	500572741	226	3028206	82031506	193765101	206299869	1432681
1495865606433067266	500571347	224	3447107	82774117	192355217	210210775	1546909
1495865606933716163	500649243	230	2888356	80109878	193271069	200924260	1508600
1495865607434275268	500562021	224	3726682	78380047	194691278	211603262	1987962
1495865607934847499	500570428	226	4112478	79208210	193272734	217431450	1905566
1495865608435434187	500588225	224	3914394	79788362	193429390	215166974	2105475
1495865608936006584	500573443	226	3765839	80130327	193650171	213222736	2192105
1495865609436582106	500575172	224	3444027	78951325	193037566	207839712	1985225
1495865609937145128	500564616	226	3658358	78455432	191286733	208964271	2824969
1495865610437697775	500552010	224	3546141	80299067	185300037	206222426	2455059
1495865610938404547	500708142	230	3536451	76686008	186370193	202796217	2868883
1495865611439048277	500646537	224	3634197	75827714	186482945	202974350	3209092
1495865611939704132	500656962	226	3353989	74211098	178363722	192751251	4272131
1495865612440338154	500634498	224	3116967	67888719	172693590	179232159	5271434
1495865612941027551	500687670	226	2176540	49924505	145044605	129486133	9651575
1495865613441611781	500587197	224	1144352	34583110	121421339	84058260	13346274
1495865613942175261	500566134	259	1477764	126338549	138832480	52896947	8131035
1495865614442745825	500570058	224	1415738	153164880	152636244	41577518	9991137
1495865614943434222	500563983	256	1467827	149640603	150455059	43906901	9891066
1495865615444079493	369362865	3043	744378	40709488	101459912	100135605	2224759
1495865615944729432	470775224	46309	3064184	47566741	118420485	136305171	8651243
1495865616445375495	500632428	51079	3297419	48034437	121408449	143763167	9380678
1495865616946025475	500659883	50678	3276637	48814544	122421228	144188283	9283345
1495865617446662539	500640934	50175	3259208	50636199	124775103	145204387	9201312
1495865617947271728	500616542	48938	3198343	51809523	126097152	145008195	9084359
1495865618447896874	500625533	8685	1871667	71232323	153405894	149609570	22809793
1495865618948508480	500615204	230	266032	51822864	149740941	117953574	46866343
1495865619449081710	500573972	264	263571	51021462	148897557	118056649	47366477
1495865619949659565	500576403	226	318886	49933519	149215778	118703671	47508494
1495865620450238670	500579986	224	284940	50494016	148769921	118272115	47798659
1495865620950811984	500576861	226	255473	51552481	149331491	118607475	47857279
1495865621451390089	500577983	224	228381	50578027	149348006	117847383	47369552
1495865621951964319	500575098	226	278013	50682847	151149760	118801592	45869083
1495865622452637800	500672689	224	194065	50281461	149638358	117475896	47650205
1495865622953307238	500627100	228	213879	49857948	148937436	117332380	47866994
1495865623453935426	500669617	226	246032	49001001	148568867	117443409	47678204
1495865623954560073	500628507	226	307519	48053138	148432365	117877482	47846301
1495865624455180804	500621336	224	303036	48415067	148963711	118090347	47997944
1495865624955874200	500694004	228	287671	48675514	148388267	117989583	47796024
1495865625456489514	500614581	224	291178	48411236	148988577	118367930	47919449
1495865625957118661	500630377	226	204598	49494305	146927926	116117863	47935113
1495865626457747432	500631070	224	177725	48991574	147277161	116092824	47904936
1495865626958372079	500623659	230	232130	48834383	147768687	116671300	47964366
1495865627458997185	500625792	224	231675	49200349	148602752	117319954	47459059
1495865627959623373	500625714	226	238003	49360313	148761827	117392524	47749255
1495865628460243187	500623830	224	185965	49391990	149951473	117779028	47340513
1495865628960866292	500622685	226	197987	50420741	149523683	117315565	47623152
1495865629461483397	500618876	224	232290	49841685	148759188	117173159	47784759
1495865629962106502	500621421	226	249534	49220013	147727980	116665170	47664786
1495865630462729399	500622039	224	250191	48498615	146024156	115311298	47389068
1495865630963406087	500680527	230	275986	48851024	148820025	117725989	48444524
1495865631464026151	500621134	224	218685	48575937	146838562	115557445	48053843
1495865631964728464	500702811	226	240402	48638758	147207027	116020860	48069526
1495865632465363236	500634662	224	269688	49476638	148414160	117860625	48167396
1495865632966001883	500639757	226	287938	50874550	149190602	118540733	48911562
1495865633466639655	500637894	224	273204	49655318	148452455	117568945	48488213
1495865633967277635	500641719	222	238091	49260567	148495771	117592458	48190880
1495865634467920907	500639992	224	236856	49580041	148712014	117560959	48198246
1495865634968699637	500779529	230	240499	49272481	148635508	117116750	48245363
1495865635469338784	500639731	224	233276	48909449	148130004	116939098	48403868
1495865635969985639	500636321	226	224189	48524809	148172183	116747839	48693939
1495865636470650911	500679006	224	244429	49023975	148581412	117357696	48399192
1495865636971265224	500613761	226	254862	49322872	149473974	118029038	47907955
1495865637471886413	500620085	224	278723	49179886	149759695	118460409	47313138
1495865637972503518	500620113	226	211410	50283855	149997188	117737210	47584198
1495865638473121206	500618168	224	252740	48820779	148484962	117282440	48778893
1495865638973804436	500683224	230	220022	48935187	148695466	116941557	48870672
1495865639474422000	500619530	224	253974	48692292	147614222	116545573	48318730
1495865639975020022	500599174	240	217247	48437280	146124165	114917049	48157169
1495865640475645960	500624484	224	207132	48204951	146741155	115146060	48391173
1495865640976274274	500628898	226	207989	47865977	147912007	116002680	48964148
1495865641477024337	500752037	224	201994	48221475	147372461	116081311	48679996
1495865641977640317	500614911	226	194882	48132313	146722081	114677028	48213598
1495865642478325756	500616915	224	203756	47863865	147534586	115198260	48549169
1495865642978937403	500683037	230	218404	48244549	148366468	116225143	48799949
1495865643479554175	500619212	224	271042	48774498	149813671	118088699	48885035
1495865643980194113	500634387	226	299818	48822172	149975110	118764706	49016221
1495865644480880760	500699255	224	286113	48815004	150145619	118830923	48927101
1495865644981486157	500599818	226	276774	48756175	149531550	118224013	48887496
1495865645482104720	500618424	224	293656	48515013	149491039	118537945	48865166
1495865645982727950	500622394	226	305482	48377830	150550318	118972803	49097723
1495865646483382181	500653965	226	227666	47694288	149304877	117031419	48951653
1495865646984013536	500632109	228	280338	48370755	149150291	118076150	48883147
1495865647484638474	500625391	224	262335	48377805	149353966	117916209	48857257
1495865647985268288	500633320	226	276241	48451489	148934533	117904462	48022452
1495865648485888768	500620973	224	254163	48541497	148281771	117315918	47747524
1495865648986509332	500620739	222	221761	49181317	148399872	117289186	48020518
1495865649487126770	500618988	224	169437	49755797	147975681	116421386	48387418
1495865649987752459	500624718	226	198678	48693278	147848905	116432877	48458743
1495865650488382480	500631951	226	186342	48229977	147623965	116117126	48307043
1495865650989089210	500706469	228	235464	48355498	147348520	116494036	48696024
1495865651489717024	500629353	224	214398	48261781	147121714	116357410	48464949
1495865651990346754	500630711	226	213598	47998485	147686289	116177247	48823375
1495865652490974234	500625789	224	239135	48261183	148824314	116966337	49139377
1495865652991594381	500622247	226	227004	47957120	148170507	116533735	48785656
1495865653492216945	500623688	224	247573	47974899	148822171	117048999	48938542
1495865653992838550	500624706	226	289009	48516818	150168897	118580927	48823507
1495865654493518238	500677361	226	307701	48298828	150117160	118847643	49088403
1495865654994140135	500622061	228	317914	48533689	150859354	119351524	49163131
1495865655494770907	500632710	224	308385	48380984	151251172	119346635	49244793
1495865655995425512	500653018	226	310611	47976466	151290634	119311038	49378420
1495865656496050201	500626148	224	259209	48018965	149106127	117547770	48782994
1495865656996671514	500622913	226	272522	47632172	149398009	117634506	48791889
1495865657497296869	500626037	224	265756	47771310	149556362	117784922	48685830
1495865657997920850	500625442	226	267065	47540689	148197346	117105474	48411597
1495865658498596830	500675238	226	279074	47761065	148951018	117927174	48533227
1495865658999218310	500624009	228	277343	48144096	148682626	117873827	48345948
1495865659499837540	500619853	224	192599	50013792	148367532	117082864	48299003
1495865660000453270	500616572	226	133189	50170917	147319118	115737994	48121861
1495865660501154792	500701790	224	156574	48953687	147357895	115967404	47563579
1495865661001777606	500623628	226	248279	48405577	148141933	116957404	48268333
1495865661502403461	500626467	224	255652	48844980	149106403	117721701	48283365
1495865662003030566	500627417	226	228214	47896716	147943512	116364571	49017529
1495865662503751254	500722058	226	216973	48336128	149002757	116799723	49250905
1495865663004370484	500617717	228	217789	48885820	149050882	117005336	49355898
1495865663504983965	500615818	224	230969	48738198	148996810	117304821	49377821
1495865664005603987	500620562	226	290795	48287044	149782103	118372302	48995789
1495865664506231800	500627899	220	307482	48394215	150478445	118902933	49520561
1495865665006853447	500620722	226	273613	48451707	149715852	118088560	49175711
1495865665507470552	500618711	224	303959	48453441	150865720	119265181	49313879
1495865666008083449	500616421	226	291666	48398214	150198557	118613076	49134581
1495865666508773512	500687875	226	291004	48299677	150244918	118601597	49060543
1495865667009390743	500617232	228	264193	48191119	149819393	117922577	48814410
1495865667510008889	500620980	224	241330	48131008	149610789	117641084	48795711
1495865668010625703	500617422	226	257093	47568013	148762327	117316043	48660083
1495865668511246141	500620050	224	280727	47839047	148738022	117925715	48051422
1495865669011861288	500616633	226	204949	48650881	148664461	117309451	46918455
1495865669512468769	500609419	224	182712	48695033	148286755	116812407	46879881
1495865670013148457	500681369	226	252739	48652325	149259850	117857266	47403561
1495865670513826354	500675817	226	270431	48966781	149724344	118315717	48297435
1495865671014431542	500605214	228	263832	48619765	149486278	117950807	48335419
1495865671515031898	500602971	224	255636	48511829	149475381	117904398	49157180
1495865672015631503	500599579	226	235720	48527169	149369830	117527271	49219798
1495865672516223191	500593053	224	201883	48258262	148743714	117132450	48316045
1495865673016816213	500591003	226	222777	48291546	148902386	117456056	48598165
1495865673517445985	500630670	224	265040	48231636	149339313	117992774	48861222
1495865674018087215	500650795	226	274591	48232234	149397638	118052379	48895480
1495865674518808320	500714645	226	289129	48653664	150213688	118849232	48621797
1495865675019417050	500609298	228	293493	47990487	149822980	118501051	48604882
1495865675520030531	500615244	224	304682	48327683	150495196	119205654	48544043
1495865676020645636	500614465	226	232714	48123517	149469952	117811266	47687531
1495865676521342449	500698941	224	180206	48734163	149146405	117160109	46589503
1495865677022030471	500688906	226	200787	49075630	149519505	117521433	46452471
1495865677522708659	500678706	224	250087	49039625	149913622	118013178	47407263
1495865678023404015	500697570	228	238518	48840063	149442118	118054315	47302341
1495865678524096495	500688444	224	223146	48802337	149464443	117993845	47375287
1495865679024784266	500691563	228	284189	48508954	150166322	118811448	48010025
1495865679525542580	500758363	224	323028	48835716	150758199	119648418	47075569
1495865680026171227	500629254	222	309888	48758617	150628514	119482589	47266888
1495865680526811707	500641377	224	230558	49136442	149755254	117983716	45930102
1495865681027457979	341836066	18198	1339650	36955903	97358361	92541558	15154494
1495865681528215125	500755619	51667	3331625	46739832	119335952	142678199	9477982
1495865682029006939	500794153	51098	3286521	48466962	121859053	143855251	9354786
1495865682529735252	500725303	50621	3272499	49776076	123598174	144805526	9253624
1495865683030458190	500727558	49944	3261204	51535211	125888538	145778498	9187384
1495865683531157212	500704083	39085	2875773	62489702	130675757	150081201	8333467
1495865684031797234	500642556	505	1184664	106535899	296342525	263006979	8194068
1495865684532424756	500628754	224	811738	108540935	347647688	293929017	8744020
1495865685033054903	500628843	226	848216	108275946	346709402	293586526	8716593
1495865685533821008	500768933	226	776456	108772275	348369324	294002178	8766717
1495865686034451404	500631141	226	844851	108289146	346904746	293809832	8726282
1495865686535083010	500629852	224	862331	108158508	346436679	293667643	8709692
1495865687035723406	500643680	228	838459	108343278	347093139	293973026	8727608
1495865687536357345	500634874	224	816546	108525902	347645104	294071583	8740496
1495865688036988200	500630841	226	846886	108309953	346868043	293793652	8721603
1495865688537613014	500626515	224	825466	108417927	347357039	294002340	8734195
1495865689038388035	500773359	228	1064776	106854747	342000680	292080277	8581821
1495865689539016932	500630818	224	979989	107976084	340311305	289598529	8483604
1495865690039650454	500633319	226	994845	108928924	334611182	285577258	8273327
1495865690540281892	500631570	224	988230	110470048	331816540	283719404	8132485
1495865691040916623	500635241	228	1054615	111225041	327177020	281014992	7945096
1495865691541551269	500636688	224	1036671	112189559	324402645	278531626	7819198
1495865692042180375	500629938	226	1013543	112878952	322099875	276150758	7713416
1495865692542816855	500637749	224	1027479	113450502	319264687	274011361	7596908
1495865693043506710	500690839	228	988393	114108789	317121752	271941964	7505685
1495865693544140107	500632200	224	844502	116570654	315513175	270154797	7415517
1495865694044765379	500628684	226	849701	117659406	312849628	268258198	7291021
1495865694545399484	500631659	234	1469287	104584544	305233825	268488031	8394163
1495865695046029047	500631113	228	1380187	104444894	337783235	292342617	8546873
1495865695546663152	500634500	220	1386302	104602694	337941778	292561662	8549003
1495865696047293008	500629320	226	1359485	104583361	338395644	292605865	8568736
1495865696547920613	500630545	228	1375457	104511296	338112470	292516101	8562465
1495865697048625509	500706142	228	1389421	104474988	337709360	292462282	8553366
1495865697549254990	500629204	224	1371491	104421661	338136220	292415698	8560657
1495865698049881553	500627559	226	1384285	104505378	338020080	292654703	8552239
1495865698550587367	500705128	224	1383951	104320177	338024715	292407455	8558764
1495865699051194805	500608772	228	1385659	104312260	337926526	292368504	8554608
1495865699551801077	500605704	224	1356978	104474539	338488828	292584217	8574726
1495865700052421807	500623747	226	1314084	104605727	338204079	291371193	8545314
1495865700553031621	500610342	224	1334170	105488625	333756664	288262183	8358138
1495865701053693976	500662736	228	1373923	106118735	329166038	285315357	8186284
1495865701554307498	500614896	224	1323248	107914841	326733321	283472793	8061075
1495865702054910936	500603574	226	1304712	109364132	323330146	281031189	7915540
1495865702555518208	500609118	224	1272349	110648729	320445863	278493081	7775330
1495865703056175272	500644059	228	1279306	111743803	317178367	276165758	7631516
1495865703556833002	500678747	224	1326393	112569452	313778181	274093806	7477442
1495865704057422107	500582718	226	1348458	112619973	311187337	271980907	7382349
1495865704558034712	500611936	224	1369899	112622746	308981340	270199276	7290387
1495865705058723901	500688205	228	1209299	114262228	308306756	268210295	7235802
1495865705559341339	500617771	228	1702959	98996677	310366609	274130433	8971925
1495865706059959819	500619558	226	1397693	104495682	337592100	292657027	8552234
1495865706560606716	500647006	224	1367538	104530238	338520246	292728514	8580917
1495865707061225446	500621761	228	1386237	104538863	337763551	292509345	8560871
1495865707561842177	500617105	224	1358421	104564560	338220129	292434160	8577539
1495865708062537157	500696385	226	1385977	104475174	337718479	292374285	8561497
1495865708563155803	500617248	224	1384340	104574894	337606140	292521146	8553462
1495865709063840409	500686956	228	1379608	104504964	338052947	292506357	8565669
1495865709564454347	500614788	224	1400160	104519655	337440164	292400416	8544300
1495865710065074369	500620070	226	1364963	104602886	338183019	292554868	8570089
1495865710565688141	500613641	224	1346548	104658629	338440233	292424713	8573775
1495865711066303204	500616557	228	1296143	105407410	336920431	290528826	8497248
1495865711566998393	500697733	220	1318212	106179547	332277121	287205208	8304471
1495865712067683540	500683681	226	1354357	107066071	328187137	284677584	8143999
1495865712568378311	500693306	226	1362919	107990878	325418717	282503196	8009344
1495865713069061041	500686023	226	1365532	108658799	322223759	279991820	7874486
1495865713569745397	500686374	224	1311793	109787395	319805792	277811733	7766596
1495865714070429418	500683787	226	1226621	111913119	317307301	275763168	7646106
1495865714571113732	500685426	224	1229922	112985498	314261021	273460951	7509718
1495865715071800753	500686406	228	1305793	113728008	310423109	271446280	7353903
1495865715572487900	500685265	224	1356399	114048737	307510365	269653696	7223274
1495865716073173839	500688741	234	1644884	105086079	288248399	255179396	7891553
1495865716573982527	500811551	226	1395261	104168212	337747656	292431637	8557388
1495865717074675257	500691980	226	1398417	104122935	337933010	292482331	8572459
1495865717575438070	500763826	224	1365148	104555810	338499137	292899708	8587414
1495865718076071676	500634187	226	1373022	104366675	338049303	292524410	8582265
1495865718576705489	500634012	224	1381795	104340900	337939342	292564072	8576230
1495865719077333053	500627452	228	1386720	104363352	337543274	292357333	8564995
1495865719577983658	500654556	224	1381143	104450111	338268982	292886175	8577702
1495865720078668138	500682724	228	1393069	104442640	337695254	292543793	8566703
1495865720579300576	500632880	224	1380784	104376472	337932088	292482041	8572488
1495865721079934056	500633876	226	1368807	104557409	338256374	292727919	8579056
1495865721580572995	500639857	224	1329720	104616070	338502192	292225330	8581062
1495865722081200642	500629914	226	1291324	105659769	335899314	289729164	8456041
1495865722581836372	500635649	224	1321493	106639437	330684094	286402302	8250696
1495865723082468560	500633536	228	1318998	107872921	327585402	284049209	8114457
1495865723583103457	500633811	224	1339884	109075774	324021031	281681888	7946518
1495865724083803687	500701149	228	1340514	109841355	320972830	279308872	7821732
1495865724584431209	500627654	224	1338505	110229067	318472818	277062044	7707797
1495865725085059689	500630200	226	1366359	110438106	315512322	274807463	7589471
1495865725585687170	500628921	224	1223150	112530990	314157191	272988117	7513884
1495865726086323400	500636587	226	1190278	114197364	311306528	270965710	7383967
1495865726586958422	500634437	224	1272676	114839913	307595239	269042953	7221862
1495865727087666152	500706869	230	1794658	106539419	297634565	271132465	7691938
1495865727588324298	500624020	222	1608206	104085777	315096458	289272412	8406661
1495865728088957820	500671491	228	1581277	104184204	315686676	289273731	8432878
1495865728589573592	500616800	224	1579951	104268319	315878264	289436640	8432264
1495865729090190114	500616763	226	1589564	104175941	315650233	289405508	8432306
1495865729590797386	500608049	224	1590671	104080377	315850262	289581021	8434341
1495865730091405658	500610539	226	1597575	104068585	315644338	289330681	8429512
1495865730592010971	500605464	224	1586687	104154121	315818239	289458443	8431626
1495865731092621327	500611211	228	1578155	103998660	315861432	289242568	8439248
1495865731593291973	500604558	224	1589111	103983878	315965251	289441492	8441120
1495865732093905745	500679768	228	1591507	103996549	315822403	289337932	8437114
1495865732594512017	500607563	224	1520644	104190042	316268933	289014825	8437232
1495865733095113747	500604895	226	1524239	105694079	313186618	286707941	8276707
1495865733595794102	500679407	224	1519285	106855468	309909139	284007342	8123768
1495865734096408583	500613860	226	1499298	108393655	307526916	281893402	7995339
1495865734597022438	500615101	224	1488938	109776476	305264709	279864702	7866395
1495865735097638626	500615491	228	1471948	111146667	303053716	277766796	7742010
1495865735598301481	500619426	224	1484356	112415464	300628411	276073389	7614080
1495865736098920628	500665028	228	1476121	112968095	299003801	274115823	7522685
1495865736599621608	500700498	224	1482767	113369652	297300643	272453375	7432592
1495865737100243547	500623719	226	1444651	114026353	295614519	270503267	7349318
1495865737600864860	500622291	224	1271085	116759137	294967174	269026680	7277243
1495865737774691039	167153900	2940	747155	32456326	82450912	79616400	2383842
