#Timestamp	Benchmark	CPU(4) Frequency(MHz)	CPU(4) Temperature(C)	A15 Voltage(V)	A15 Current(A)	A15 Power(W)	CPU_CYCLES	EXCEPTION_RETURN	BRANCH_MISPRED	BRANCH_PRED	DATA_MEM_ACCESS	L1I_CACHE_ACCESS	L2D_CACHE_ACCESS
1495873805950449730	parsec.dedup	1800	33	1.100000	0.749000	0.896000	582477686	52346	3430163	53004983	131906305	152762761	9692547
1495873806460310490	parsec.dedup	1800	34	1.100000	1.145000	1.371000	901590363	83822	5358756	79046432	199252948	236108938	15221010
1495873806970182665	parsec.dedup	1800	34	1.100000	1.149000	1.376000	901162535	82469	5309360	83515053	205172900	238852030	14989413
1495873807480054841	parsec.dedup	1800	35	1.100000	1.148000	1.375000	901139331	63402	2176547	57664947	214560554	178738436	17473652
1495873807989696434	parsec.dedup	1800	35	1.100000	1.146000	1.372000	901154295	63941	2322616	58909422	238492054	200039718	16605995
1495873808499483193	parsec.dedup	1800	36	1.100000	1.139000	1.364000	901366774	32584	2945148	75908367	403869272	274569621	12176835
1495873809009516327	parsec.dedup	1800	36	1.100000	1.219000	1.460000	901080466	19993	3270467	83332191	443210659	296936337	10003676
1495873809518776337	parsec.dedup	1800	37	1.200000	1.363000	1.635000	901110105	16327	3793341	89429791	437035040	304135015	8700397
1495873810027997181	parsec.dedup	1800	37	1.200000	1.437000	1.724000	901089339	16886	3573065	90360195	431184809	293345107	8869217
1495873810537139774	parsec.dedup	1800	38	1.200000	1.445000	1.734000	901090861	17575	2296914	93312637	421544168	271128765	8922766
1495873811046546326	parsec.dedup	1800	38	1.200000	1.388000	1.665000	901090140	19533	2484219	84601932	437483634	289146342	9421860
1495873811555695961	parsec.dedup	1800	38	1.200000	1.396000	1.675000	901088295	18709	2461077	85808203	438143931	288777208	9422871
1495873812064927846	parsec.dedup	1800	38	1.200000	1.396000	1.675000	901121210	21311	2839550	69816871	472870130	304285631	10302782
1495873812574349022	parsec.dedup	1800	38	1.200000	1.401000	1.681000	901190445	37059	4659499	82662919	391089858	289277796	14645936
1495873813083791157	parsec.dedup	1800	38	1.200000	1.349000	1.618000	901113390	43327	5333918	92376985	345789934	278768736	16124550
1495873813593154625	parsec.dedup	1800	38	1.200000	1.286000	1.543000	901116455	43391	5382035	92836542	345921364	280030136	16072806
1495873814102603843	parsec.dedup	1800	38	1.200000	1.286000	1.543000	901120319	42004	5372121	93135427	351114604	280975371	16305212
1495873814612221436	parsec.dedup	1800	38	1.200000	1.295000	1.554000	901254541	44575	5430363	91929031	336437275	277592882	15806565
1495873815121672738	parsec.dedup	1800	38	1.200000	1.283000	1.539000	901119730	43361	5263377	91112804	342689290	276672461	16321751
1495873815631129664	parsec.dedup	1800	38	1.200000	1.283000	1.539000	901099000	44879	5161148	89255757	332931007	271821752	16289911
1495873816140524799	parsec.dedup	1800	38	1.200000	1.276000	1.531000	901248145	44987	5123034	89437683	333981459	272074908	16272954
1495873816650131975	parsec.dedup	1800	38	1.200000	1.277000	1.532000	901105905	43151	5248422	90220466	342308650	275926754	16564408
1495873817159508527	parsec.dedup	1800	39	1.200000	1.295000	1.554000	901095160	43613	5511259	92415746	340666030	279291851	15822914
1495873817668969953	parsec.dedup	1800	38	1.200000	1.285000	1.542000	901146120	43401	5380957	91034942	340849878	277569539	16261747
1495873818178347630	parsec.dedup	1800	39	1.200000	1.286000	1.543000	901102725	38084	6842786	113777023	333537181	292752615	14216964
1495873818687758014	parsec.dedup	1800	39	1.200000	1.289000	1.546000	901112164	41881	6150292	101204406	338417148	286580946	14847381
1495873819197091274	parsec.dedup	1800	39	1.200000	1.286000	1.543000	901104876	38426	7210124	122002870	304772412	287147910	12519534
1495873819706609576	parsec.dedup	1800	39	1.200000	1.293000	1.551000	901166675	40609	6941416	127176376	291080216	278686596	11065685
1495873820216026669	parsec.dedup	1800	39	1.200000	1.258000	1.509000	901236250	37899	7572918	117699647	280154706	282161287	12627111
1495873820725417845	parsec.dedup	1800	39	1.200000	1.273000	1.527000	901103485	41080	7109925	122846500	289273854	278329951	10984611
1495873821234737063	parsec.dedup	1800	39	1.200000	1.258000	1.509000	901081334	38915	7099999	121102501	280862099	274976222	11757419
1495873821744116615	parsec.dedup	1800	39	1.200000	1.243000	1.491000	901106196	40280	7178079	130058346	292659566	283525208	10693560
1495873822253488583	parsec.dedup	1800	39	1.200000	1.259000	1.510000	901100135	39455	7246256	128368643	288980346	282564716	11287948
1495873822762880926	parsec.dedup	1800	39	1.200000	1.254000	1.504000	901151619	39182	7202764	127702355	288478364	279263009	11074671
1495873823272307103	parsec.dedup	1800	39	1.200000	1.264000	1.516000	901136979	39535	7340647	126648830	288793789	283812761	11080737
1495873823781919862	parsec.dedup	1800	39	1.200000	1.256000	1.507000	901206803	39087	7276932	131284616	292087833	284945865	11026163
1495873824291446330	parsec.dedup	1800	39	1.200000	1.270000	1.524000	901084718	39084	7153904	128701677	292350088	280614504	11610870
1495873824800693507	parsec.dedup	1800	39	1.200000	1.259000	1.510000	901070311	38607	7256871	125967173	287721199	279990527	11556878
1495873825310152308	parsec.dedup	1800	39	1.200000	1.247000	1.496000	901066570	38475	7101577	127711662	290018591	282775920	11406996
1495873825819471443	parsec.dedup	1800	39	1.200000	1.265000	1.518000	901062465	40588	6950190	125510018	284245897	276644326	11028625
1495873826328728870	parsec.dedup	1800	39	1.200000	1.248000	1.497000	901094965	40463	7086452	126402840	291609458	282644255	11103169
1495873826838136546	parsec.dedup	1800	39	1.200000	1.254000	1.504000	901069525	39126	7157559	123291838	282438045	279456428	11665324
1495873827347348098	parsec.dedup	1800	39	1.200000	1.240000	1.488000	901095130	37987	7604527	123410415	286726897	282584788	11838961
1495873827856729691	parsec.dedup	1800	39	1.200000	1.245000	1.494000	901094105	38620	7379370	122527166	286607837	281950977	11973871
1495873828366201701	parsec.dedup	1800	39	1.200000	1.245000	1.494000	901090425	39808	7135943	125506049	290512569	278682522	11176288
1495873828875576628	parsec.dedup	1800	39	1.200000	1.253000	1.503000	901130605	41163	7170636	122982179	289868898	277838399	11237592
1495873829385463512	parsec.dedup	1800	40	1.200000	1.257000	1.508000	901067930	39030	6911726	123807995	280323446	273392008	11094754
1495873829895264521	parsec.dedup	1800	39	1.200000	1.266000	1.519000	901285246	41925	7122653	122414821	283897704	279951457	10920023
1495873830404875822	parsec.dedup	1800	40	1.200000	1.254000	1.504000	901311113	39841	7039476	121921222	280016598	277759631	11421110
1495873830914598207	parsec.dedup	1800	39	1.200000	1.241000	1.489000	901276382	40048	7333798	124798807	288652517	282437655	11225972
1495873831424118800	parsec.dedup	1800	39	1.200000	1.252000	1.502000	901215124	39489	7120106	123818059	285210993	279742366	11475856
1495873831933392185	parsec.dedup	1800	39	1.200000	1.245000	1.494000	901210650	34732	6898296	113457580	276270711	272922159	11871941
1495873832442789153	parsec.dedup	1800	39	1.200000	1.239000	1.486000	901339480	40269	7063059	124281716	289689702	278142432	11241940
1495873832952262204	parsec.dedup	1800	39	1.200000	1.251000	1.501000	901241850	38462	7021831	121016638	278744546	274123983	12024047
1495873833461777589	parsec.dedup	1800	39	1.200000	1.243000	1.491000	901338500	39551	7131457	121582086	282795172	277967556	11596715
1495873833971312598	parsec.dedup	1800	39	1.200000	1.255000	1.506000	901104400	40067	7038059	125404291	284041043	279870673	11304692
1495873834480976983	parsec.dedup	1800	39	1.200000	1.266000	1.519000	901106589	39802	6943346	128584802	287722447	277909511	11026389
1495873834990525742	parsec.dedup	1800	40	1.200000	1.269000	1.522000	901127781	39748	7095540	127866885	286495000	281485217	11335153
1495873835500052210	parsec.dedup	1800	40	1.200000	1.268000	1.521000	901090919	39544	7190767	129558372	289026079	283676654	10830974
1495873836009432804	parsec.dedup	1800	40	1.200000	1.235000	1.482000	901083526	40253	7059021	124397149	285317408	279211101	11095878
1495873836518762230	parsec.dedup	1800	40	1.200000	1.266000	1.519000	901095710	40633	7009934	123456765	289081092	278520095	11454184
1495873837028158240	parsec.dedup	1800	40	1.200000	1.264000	1.516000	901063115	39529	7039653	124344026	286226496	277948394	11518064
1495873837537657083	parsec.dedup	1800	40	1.200000	1.271000	1.525000	901271015	39419	7061998	131988597	289052556	282358570	10727339
1495873838047098009	parsec.dedup	1800	40	1.200000	1.265000	1.518000	901066625	38781	7168717	131633847	290536944	284345737	10847502
1495873838556795227	parsec.dedup	1800	40	1.200000	1.262000	1.514000	901072675	38591	7215042	124135088	285385370	279474654	11626349
1495873839066462612	parsec.dedup	1800	40	1.200000	1.268000	1.521000	901096165	39620	7164506	125140024	285194869	281034552	11323947
1495873839575817955	parsec.dedup	1800	40	1.200000	1.273000	1.527000	901125774	40850	7115736	123723555	288635492	278831819	11383822
1495873840085348548	parsec.dedup	1800	40	1.200000	1.262000	1.514000	901317241	39132	6946137	124471093	279791622	276729457	11488704
1495873840594751808	parsec.dedup	1800	40	1.200000	1.268000	1.521000	901138684	40567	7032129	129814126	287853552	281018109	10547405
1495873841104226442	parsec.dedup	1800	40	1.200000	1.254000	1.504000	901106322	39304	6741470	123027193	281594066	275345778	10755885
1495873841613577202	parsec.dedup	1800	40	1.200000	1.266000	1.519000	613667479	16978	2835799	60297913	145182336	141161487	7215685
1495873842123474628	parsec.facesim	1800	39	1.100000	1.173000	1.405000	901127987	82706	5348395	80531794	201749503	236774446	15248852
1495873842633386971	parsec.facesim	1800	39	1.100000	1.152000	1.380000	901291426	83422	5326935	80717172	201459272	237303561	15267966
1495873843143124313	parsec.facesim	1800	39	1.100000	1.159000	1.388000	901150359	81245	5204390	83345328	204354462	237077651	14930402
1495873843652502698	parsec.facesim	1800	39	1.100000	1.160000	1.389000	901201785	17721	1465059	145452536	356946520	244954442	7865937
1495873844161851875	parsec.facesim	1800	40	1.200000	1.287000	1.544000	901119305	38037	1560496	83283961	238007186	191411571	11924955
1495873844671182426	parsec.facesim	1800	40	1.200000	1.171000	1.405000	901090309	9232	9803414	112032078	143153982	225703178	6258515
1495873845180389311	parsec.facesim	1800	40	1.100000	1.096000	1.313000	901077131	522	6558785	111129586	182787010	215703231	5576735
1495873845689760363	parsec.facesim	1800	40	1.100000	1.108000	1.327000	901088565	4378	9749619	117476739	146225384	226092300	4980027
1495873846199077706	parsec.facesim	1800	39	1.200000	1.152000	1.382000	901089179	13312	3698346	85051551	170041577	163380856	7735855
1495873846708431133	parsec.facesim	1800	39	1.100000	1.146000	1.372000	901105511	10741	2617906	77218972	162026203	137531916	5062669
1495873847217668809	parsec.facesim	1800	39	1.100000	1.090000	1.305000	901099635	13204	2625822	77971437	160654259	140238151	5167494
1495873847727449610	parsec.facesim	1800	39	1.100000	1.092000	1.308000	901086875	8962	2654852	74752508	154474987	132612827	4265517
1495873848236845120	parsec.facesim	1800	39	1.100000	1.089000	1.304000	901177645	8449	12859094	154416052	186826234	306217646	5800327
1495873848746145838	parsec.facesim	1800	40	1.100000	1.123000	1.345000	901087735	224	7031441	100595500	985212728	415842928	95046874
1495873849255279432	parsec.facesim	1800	40	1.200000	1.591000	1.910000	901096949	236	16218340	173076033	442332058	416691291	30799774
1495873849765185108	parsec.facesim	1800	40	1.200000	1.226000	1.471000	901104421	50845	4364103	75143049	308352585	246753575	12370894
1495873850274434743	parsec.facesim	1800	40	1.200000	1.192000	1.430000	901083290	226	945653	43258670	445715512	249042175	13095099
1495873850783678086	parsec.facesim	1800	41	1.200000	1.367000	1.640000	901090100	228	911716	42194569	432916483	242912891	13432346
1495873851292883513	parsec.facesim	1800	41	1.200000	1.358000	1.629000	901093055	224	921655	41635257	426149997	240454056	13696300
1495873851802066231	parsec.facesim	1800	41	1.200000	1.357000	1.628000	901083735	320	744995	46998474	419540329	235112356	14115661
1495873852311244783	parsec.facesim	1800	41	1.200000	1.346000	1.615000	901369295	248	812591	44658850	398756897	233108395	15873729
1495873852820428960	parsec.facesim	1800	41	1.200000	1.337000	1.604000	901128940	226	798672	43901695	391442158	229196655	16267163
1495873853329651970	parsec.facesim	1800	41	1.200000	1.335000	1.602000	901123644	224	806594	43423833	387129018	227498620	16453754
1495873853838956855	parsec.facesim	1800	41	1.200000	1.332000	1.598000	901134476	1230	363789	42985769	288951794	177470044	14475758
1495873854348177365	parsec.facesim	1800	40	1.200000	1.250000	1.500000	901120605	224	22078	6467409	171239123	92044797	15320304
1495873854857514208	parsec.facesim	1800	40	1.100000	1.083000	1.297000	901133115	228	23468	6285084	167019051	90184787	14547459
1495873855366791968	parsec.facesim	1800	40	1.100000	1.081000	1.295000	901126420	224	22614	6360456	167744925	90257304	14911358
1495873855876125811	parsec.facesim	1800	40	1.100000	1.074000	1.286000	901138815	228	23462	6405275	169253315	91215734	14955873
1495873856385344196	parsec.facesim	1800	40	1.100000	1.078000	1.291000	901256504	224	22463	6589853	174414130	93439218	15624459
1495873856894608998	parsec.facesim	1800	40	1.100000	1.086000	1.301000	901118936	226	23716	6368088	168273026	90595135	14851222
1495873857403851175	parsec.facesim	1800	40	1.100000	1.082000	1.296000	901134030	224	22568	6386821	168490197	90671139	14989808
1495873857913145185	parsec.facesim	1800	40	1.100000	1.075000	1.287000	901130405	226	22577	6647310	175819273	94129662	15816503
1495873858422386153	parsec.facesim	1800	40	1.100000	1.089000	1.304000	901124635	224	23318	6387525	169691614	91506927	14853872
1495873858931741621	parsec.facesim	1800	40	1.200000	1.079000	1.294000	901137355	222	23804	6468673	170859820	91881654	15277447
1495873859441066506	parsec.facesim	1800	40	1.100000	1.085000	1.299000	901121580	224	22557	6563648	173396300	93001973	15536647
1495873859950317683	parsec.facesim	1800	40	1.100000	1.093000	1.309000	901155550	228	23731	6417686	169146546	91007536	15079881
1495873860460179150	parsec.facesim	1800	40	1.100000	1.071000	1.283000	901136275	226	22813	6349515	168366405	90873266	14698433
1495873860969625119	parsec.facesim	1800	40	1.100000	1.082000	1.296000	901119385	226	22960	6351155	167536563	90140206	14898786
1495873861478875087	parsec.facesim	1800	40	1.100000	1.080000	1.293000	901151400	224	22358	6486074	171279744	91979881	15296561
1495873861988171764	parsec.facesim	1800	40	1.100000	1.077000	1.290000	901271605	226	22729	6329488	168395753	90871121	14703709
1495873862497445232	parsec.facesim	1800	40	1.100000	1.090000	1.305000	901114370	224	21839	6441127	170396528	91560972	15221924
1495873863006789325	parsec.facesim	1800	40	1.100000	1.077000	1.290000	901131605	228	22975	6461365	170588877	91609691	15226187
1495873863516246960	parsec.facesim	1800	40	1.100000	1.100000	1.317000	901127110	224	22516	6351645	168754895	91076162	14790464
1495873864025558761	parsec.facesim	1800	40	1.100000	1.098000	1.315000	901270015	228	23246	6484783	171270154	91985560	15264085
1495873864534999355	parsec.facesim	1800	40	1.100000	1.082000	1.296000	901115000	224	21771	6467843	171238896	92049613	15318887
1495873865044273448	parsec.facesim	1800	40	1.100000	1.083000	1.297000	901269890	226	23433	6342919	167248221	90286330	14758283
1495873865553462416	parsec.facesim	1800	40	1.100000	1.073000	1.285000	901250200	226	778375	45377398	400648133	226797450	17022022
1495873866062671426	parsec.facesim	1800	41	1.200000	1.352000	1.622000	901218545	224	789380	44510869	392900011	223587642	17090380
1495873866571893311	parsec.facesim	1800	41	1.200000	1.344000	1.612000	901322465	228	790367	43473945	383286493	219555511	17362242
1495873867081086822	parsec.facesim	1800	41	1.200000	1.336000	1.603000	901244770	243	780629	43698075	384141013	219546014	17050941
1495873867590257498	parsec.facesim	1800	41	1.200000	1.342000	1.610000	901255220	1178	714931	98567107	347662971	215259650	10979015
1495873868099729925	parsec.facesim	1800	41	1.200000	1.342000	1.610000	901315455	2628	1136366	99902767	210641326	157825916	11561050
1495873868609355101	parsec.freqmine	1800	40	1.200000	1.393000	1.671000	614076786	54841	3591815	55617180	138608124	160545552	10181215
1495873869119410235	parsec.freqmine	1800	40	1.100000	0.938000	1.122000	901419353	83480	5342764	79021658	198995328	235808731	15203701
1495873869629247786	parsec.freqmine	1800	40	1.100000	1.155000	1.383000	901417773	82223	5305033	83538303	205118033	238757411	14983898
1495873870138906670	parsec.freqmine	1800	40	1.100000	1.161000	1.390000	901372174	35339	2469228	57076382	129424039	125798546	6829984
1495873870648104680	parsec.freqmine	1800	40	1.200000	1.166000	1.399000	901389590	1930	548092	39938426	77747704	47551892	1020269
1495873871157210440	parsec.freqmine	1800	40	1.100000	0.975000	1.168000	901301359	2030	549957	39962446	77944813	47707632	1028539
1495873871666446409	parsec.freqmine	1800	39	1.100000	0.974000	1.166000	901087276	1922	525869	39913302	77689560	47152102	1009250
1495873872175572044	parsec.freqmine	1800	39	1.100000	0.975000	1.168000	901087065	1919	524206	39922047	77707946	47142265	1007283
1495873872684884471	parsec.freqmine	1800	39	1.100000	0.973000	1.165000	901095150	1924	543209	39929988	77721430	47441666	1009915
1495873873194056772	parsec.freqmine	1800	39	1.100000	0.972000	1.164000	901082426	1920	533378	39922126	77697789	47277115	1006044
1495873873703272366	parsec.freqmine	1800	39	1.100000	0.972000	1.164000	901084184	1931	534035	39922363	77716814	47295492	1009141
1495873874212593001	parsec.freqmine	1800	39	1.100000	0.972000	1.164000	901098040	1924	527629	39914116	77698024	47170383	1006440
1495873874721878011	parsec.freqmine	1800	39	1.100000	0.972000	1.164000	901272201	1934	560235	39950317	77782469	47749176	1011080
1495873875231267312	parsec.freqmine	1800	39	1.100000	0.973000	1.165000	901081579	1921	523626	39906040	77665704	47093606	1005497
1495873875740421447	parsec.freqmine	1800	39	1.100000	0.973000	1.165000	901101055	1922	527157	39921567	77695629	47167541	1009587
1495873876249600624	parsec.freqmine	1800	39	1.100000	0.973000	1.165000	901113400	1923	540017	39937868	77736147	47405519	1006645
1495873876758757718	parsec.freqmine	1800	39	1.100000	0.973000	1.165000	901087415	1928	532435	39945838	77767725	47283137	1002095
1495873877267992186	parsec.freqmine	1800	39	1.100000	0.972000	1.164000	901102923	1929	531077	39944470	77757477	47257760	1001332
1495873877777215738	parsec.freqmine	1800	39	1.100000	0.972000	1.164000	901082187	3671	2513337	45670731	153218470	170891900	5009171
1495873878286366248	parsec.freqmine	1800	40	1.100000	1.047000	1.254000	901086590	3065	3738230	45799972	214463934	270461931	8147889
1495873878795608341	parsec.freqmine	1800	40	1.200000	1.374000	1.648000	901331719	16228	3133339	84308762	173448645	146357767	34195615
1495873879305270517	parsec.freqmine	1800	40	1.100000	1.135000	1.359000	901143102	30937	2464020	94846470	206166078	126444579	27375399
1495873879814449278	parsec.freqmine	1800	40	1.100000	1.129000	1.352000	901083384	286	8433337	142856195	442405774	297746749	6038338
1495873880324035537	parsec.freqmine	1800	40	1.200000	1.351000	1.621000	901083835	242	10316056	153151022	546466713	391021773	1456434
1495873880833117381	parsec.freqmine	1800	41	1.200000	1.387000	1.664000	901223312	224	10134704	154137521	561095960	395852207	1054991
1495873881342245308	parsec.freqmine	1800	41	1.200000	1.405000	1.686000	901083298	236	10745551	150258431	532919482	386374658	1924112
1495873881851392401	parsec.freqmine	1800	41	1.200000	1.393000	1.671000	901083410	234	10490914	152039013	545404525	391540952	1509404
1495873882360762994	parsec.freqmine	1800	41	1.200000	1.390000	1.668000	901127917	224	9964626	154103825	563804307	394607020	1024046
1495873882870064337	parsec.freqmine	1800	41	1.200000	1.406000	1.687000	901181156	226	10097695	153420427	562625676	395030553	1246839
1495873883379113556	parsec.freqmine	1800	41	1.200000	1.409000	1.690000	901097962	228	10046801	152606875	550744513	386933282	1546160
1495873883888148525	parsec.freqmine	1800	41	1.200000	1.407000	1.688000	901077916	224	9759318	154161486	566738863	392473632	985595
1495873884397211827	parsec.freqmine	1800	41	1.200000	1.406000	1.687000	901071246	224	10231010	152964135	560854868	395246123	1047185
1495873884906344379	parsec.freqmine	1800	41	1.200000	1.405000	1.686000	901082065	224	10652469	152704821	554157335	398222578	1195377
1495873885415393889	parsec.freqmine	1800	41	1.200000	1.395000	1.674000	901091816	230	10063705	153984694	553870272	391594205	1554780
1495873885924551566	parsec.freqmine	1800	41	1.200000	1.411000	1.693000	901095020	224	10115791	154217625	558953049	395583240	1549103
1495873886433567743	parsec.freqmine	1800	41	1.200000	1.411000	1.694000	901077748	224	10252478	153698951	558880919	396055606	1318398
1495873886942621670	parsec.freqmine	1800	41	1.200000	1.403000	1.683000	901171540	226	11011093	151670092	549502225	401030277	1166889
1495873887451694055	parsec.freqmine	1800	41	1.200000	1.402000	1.682000	901080947	228	10101485	151597486	556474138	389035123	1587676
1495873887961029190	parsec.freqmine	1800	41	1.200000	1.409000	1.690000	901073893	224	10362172	151534607	560272004	395161429	1425381
1495873888470137700	parsec.freqmine	1800	41	1.200000	1.407000	1.688000	901077159	224	10366309	150847264	552576264	390725630	1487283
1495873888979230002	parsec.freqmine	1800	41	1.200000	1.406000	1.687000	901082973	230	10171853	152194143	560870377	393841782	1300818
1495873889488219137	parsec.freqmine	1800	41	1.200000	1.408000	1.689000	901086766	224	10188433	151411045	564242697	394292094	1188766
1495873889997358314	parsec.freqmine	1800	41	1.200000	1.412000	1.695000	901076776	226	10863462	149458764	543596011	392690621	1641610
1495873890506472366	parsec.freqmine	1800	41	1.200000	1.395000	1.674000	901211420	228	10230651	151287125	556831150	391141392	1469870
1495873891015603251	parsec.freqmine	1800	41	1.200000	1.408000	1.689000	901214421	228	10554348	149920284	553421719	393297548	1441917
1495873891524828720	parsec.freqmine	1800	42	1.200000	1.411000	1.693000	901076824	224	10836654	149161320	546739574	392998865	1561810
1495873892033941355	parsec.freqmine	1800	41	1.200000	1.394000	1.672000	901082965	240	9507592	148727901	516249480	355323763	3194025
1495873892543066948	parsec.freqmine	1800	41	1.200000	1.300000	1.560000	901087265	299	5280086	136205511	327944274	198450986	10122842
1495873893052151000	parsec.freqmine	1800	41	1.100000	1.224000	1.466000	901081785	350	8228933	136889129	407371402	289919603	6401689
1495873893561341302	parsec.freqmine	1800	41	1.200000	1.258000	1.509000	901077140	2237	10489162	118069600	284816464	280483600	10444989
1495873894070454979	parsec.freqmine	1800	41	1.200000	1.296000	1.555000	901064815	1572	11574190	125976775	297809901	314970736	12048581
1495873894579708822	parsec.freqmine	1800	41	1.200000	1.304000	1.564000	901070530	1626	12072864	126529455	298563443	328329569	12607063
1495873895089714498	parsec.streamcluster	1800	40	1.100000	1.116000	1.336000	901152656	84816	5386979	76707641	195607437	233990259	15378068
1495873895599518049	parsec.streamcluster	1800	41	1.100000	1.156000	1.384000	901063715	83172	5343325	81396728	202384743	237772371	15117887
1495873896109550391	parsec.streamcluster	1800	40	1.100000	1.163000	1.393000	901265340	78688	4934071	87096647	223614620	238945764	14330704
1495873896618913443	parsec.streamcluster	1800	40	1.100000	1.154000	1.382000	901097880	2572	1177886	40497541	310841535	199933647	32112691
1495873897128487827	parsec.streamcluster	1800	41	1.200000	1.423000	1.707000	901104316	224	1270974	33881334	298399086	198172371	34601972
1495873897637807795	parsec.streamcluster	1800	41	1.200000	1.409000	1.692000	901095178	226	1269842	33850771	298103275	197961701	34567539
1495873898147149055	parsec.streamcluster	1800	42	1.200000	1.410000	1.692000	901100672	224	1279984	33927756	298709875	198577762	34628718
1495873898656578565	parsec.streamcluster	1800	42	1.200000	1.409000	1.690000	901108799	230	1272330	33875838	298287918	198112886	34594232
1495873899166000283	parsec.streamcluster	1800	42	1.200000	1.409000	1.690000	901117065	224	1274578	33908395	298572398	198370578	34617604
1495873899675438876	parsec.streamcluster	1800	42	1.200000	1.411000	1.693000	901290955	226	1272594	33884397	298295168	198159245	34602533
1495873900184770220	parsec.streamcluster	1800	42	1.200000	1.408000	1.691000	901099496	224	1276614	33917107	298520089	198383448	34618407
1495873900694083605	parsec.streamcluster	1800	42	1.200000	1.410000	1.692000	901087570	226	1269567	33863337	298098927	197970261	34571782
1495873901203399031	parsec.streamcluster	1800	42	1.200000	1.408000	1.689000	901130908	226	1213780	33689071	297916215	196455717	34632588
1495873901712960166	parsec.streamcluster	1800	43	1.200000	1.410000	1.692000	901114690	226	1175573	33614969	297343815	195162143	34607118
1495873902222261176	parsec.streamcluster	1800	42	1.200000	1.409000	1.690000	901097102	224	1139910	33461602	297006185	194152267	34593093
1495873902731558186	parsec.streamcluster	1800	43	1.200000	1.410000	1.693000	901109318	230	1125761	33505090	297421987	194080854	34647752
1495873903240957362	parsec.streamcluster	1800	43	1.200000	1.410000	1.693000	901107855	224	1101473	33478513	297292345	193421542	34672777
1495873903750167164	parsec.streamcluster	1800	43	1.200000	1.410000	1.692000	901094016	226	1085540	33323098	296283296	192451620	34577524
1495873904259524924	parsec.streamcluster	1800	43	1.200000	1.406000	1.687000	901112730	228	1078005	33332131	296329784	192292281	34637086
1495873904768871059	parsec.streamcluster	1800	43	1.200000	1.409000	1.690000	901118155	226	1055108	33229461	296047405	191572613	34635563
1495873905278147527	parsec.streamcluster	1800	43	1.200000	1.408000	1.689000	901094767	224	1057983	33207309	295738375	191471572	34596985
1495873905787574912	parsec.streamcluster	1800	43	1.200000	1.408000	1.689000	901105048	226	1052948	33360916	295875523	191430711	34678486
1495873906296936630	parsec.streamcluster	1800	43	1.200000	1.409000	1.690000	901114276	224	1034709	33070366	294975954	190467348	34673267
1495873906806333765	parsec.streamcluster	1800	43	1.200000	1.406000	1.688000	901134955	230	1028104	33106243	295207460	190449663	34709623
1495873907315644816	parsec.streamcluster	1800	43	1.200000	1.408000	1.689000	901109463	224	1027431	33049227	294630345	190123511	34644257
1495873907825020618	parsec.streamcluster	1800	43	1.200000	1.406000	1.687000	901098952	226	1029945	33055979	295392838	190595548	34727929
1495873908334326211	parsec.streamcluster	1800	43	1.200000	1.406000	1.687000	901102878	224	1031058	33119946	295413400	190635351	34727249
1495873908843543096	parsec.streamcluster	1800	43	1.200000	1.407000	1.688000	901096081	226	1030582	33309522	295078067	190431995	34726960
1495873909352852773	parsec.streamcluster	1800	43	1.200000	1.406000	1.687000	901261579	224	1017658	32984817	294317085	189672390	34740985
1495873909862198033	parsec.streamcluster	1800	43	1.200000	1.405000	1.686000	901105052	226	1017738	33021731	294638338	189852861	34770486
1495873910371505418	parsec.streamcluster	1800	43	1.200000	1.406000	1.687000	901107364	224	1017826	32935742	294363469	189692243	34744903
1495873910880931219	parsec.streamcluster	1800	43	1.200000	1.405000	1.686000	901147465	226	1016454	32962325	293947253	189421159	34688712
1495873911390197187	parsec.streamcluster	1800	43	1.200000	1.406000	1.687000	901101415	226	1016611	32941894	294483823	189741444	34756432
1495873912409926581	splash2x.barnes	1800	42	1.100000	0.955000	1.144000	901134416	84327	5360248	76888762	196095462	234242248	15295458
1495873912919714007	splash2x.barnes	1800	42	1.100000	1.161000	1.390000	901252180	83040	5331712	81146908	202111388	237668978	15083978
1495873913429527891	splash2x.barnes	1800	42	1.100000	1.165000	1.395000	901255023	77487	5002857	82250981	204842936	235918750	14560435
1495873913939054151	splash2x.barnes	1800	42	1.200000	1.186000	1.423000	901113666	18297	2928202	66064400	170189404	169649944	15256826
1495873914448134119	splash2x.barnes	1800	42	1.100000	1.177000	1.410000	901094830	1358	2235945	47811086	240471160	179440499	14985047
1495873914957355754	splash2x.barnes	1800	42	1.200000	1.385000	1.662000	901297800	228	1932966	52916806	309125154	216197778	15137936
1495873915466733473	splash2x.barnes	1800	42	1.200000	1.392000	1.670000	901089820	226	1878207	53008779	309743863	215890099	15267892
1495873915975965233	splash2x.barnes	1800	42	1.200000	1.393000	1.671000	901081495	224	1897755	52926326	309285703	215844336	15085736
1495873916485159409	splash2x.barnes	1800	42	1.200000	1.395000	1.674000	901092121	226	1868762	53024437	309794220	215872217	15344119
1495873916994297419	splash2x.barnes	1800	42	1.200000	1.395000	1.674000	901084110	224	1858432	52959397	309424233	215167124	15405173
1495873917503310180	splash2x.barnes	1800	42	1.200000	1.390000	1.668000	901076114	228	2018565	52904104	308317996	216768374	14035160
1495873918012517023	splash2x.barnes	1800	42	1.200000	1.387000	1.664000	901073425	224	2072984	52819580	307929398	217123587	13110775
1495873918521682367	splash2x.barnes	1800	42	1.200000	1.383000	1.659000	901069605	226	1947965	52973249	309020713	216593339	14450383
1495873919031211168	splash2x.barnes	1800	42	1.200000	1.392000	1.670000	901202465	228	1908417	53039047	309901272	216707547	15121865
1495873919540349512	splash2x.barnes	1800	42	1.200000	1.395000	1.674000	901085339	226	1918733	53119425	310096615	217228377	14971416
1495873920049567022	splash2x.barnes	1800	42	1.200000	1.395000	1.674000	901080359	224	1877895	53030504	309728635	216223008	15220089
1495873920558694365	splash2x.barnes	1800	42	1.200000	1.394000	1.672000	901095042	226	1875644	53018019	309575960	216004884	15216229
1495873921067862167	splash2x.barnes	1800	42	1.200000	1.393000	1.671000	901069275	224	1977217	52981229	308638784	216603609	14243104
1495873921577002635	splash2x.barnes	1800	42	1.200000	1.384000	1.660000	901107535	226	2002277	52813696	308467959	216729088	13355504
1495873922086556062	splash2x.barnes	1800	42	1.200000	1.387000	1.664000	901084675	326	1825131	49179959	278559029	197037832	13165501
1495873922595759613	splash2x.barnes	1800	42	1.100000	1.171000	1.402000	901065695	4730	1944850	64836187	209324730	159337002	11316227
1495873923105028582	splash2x.barnes	1800	42	1.200000	1.382000	1.658000	901080930	226	1983898	53042691	309991012	217718662	13362941
1495873923614172384	splash2x.barnes	1800	42	1.200000	1.391000	1.669000	901182385	228	1899053	53126052	310818015	217354567	14589785
1495873924123374935	splash2x.barnes	1800	42	1.200000	1.391000	1.669000	901077335	224	1896875	53137890	310785103	217084354	14365493
1495873924632668070	splash2x.barnes	1800	42	1.200000	1.393000	1.671000	901114615	224	1870970	53132225	310867093	217026788	14521451
1495873925141886914	splash2x.barnes	1800	42	1.200000	1.394000	1.674000	901059565	226	1944835	53147491	310333478	217533505	13222797
1495873925651178507	splash2x.barnes	1800	42	1.200000	1.387000	1.664000	901035435	224	2042314	53096016	310285853	218924629	12394145
1495873926160314309	splash2x.barnes	1800	42	1.200000	1.384000	1.660000	901072080	226	1981729	53062026	309888753	217738360	13093346
1495873926669516236	splash2x.barnes	1800	42	1.200000	1.384000	1.660000	901077065	226	1880753	53121626	310918611	217647305	14788588
1495873927178653496	splash2x.barnes	1800	42	1.200000	1.393000	1.671000	901189423	228	1912914	53221941	311367558	218812706	14500627
1495873927687970797	splash2x.barnes	1800	42	1.200000	1.393000	1.671000	901101922	224	1864873	53179268	311019285	217521137	14947389
1495873928197071724	splash2x.barnes	1800	42	1.200000	1.395000	1.674000	901230290	226	1863389	53166788	310887601	217433696	15106426
1495873928706323026	splash2x.barnes	1800	42	1.200000	1.395000	1.674000	901095020	224	1842212	53127056	310440022	216414008	14785068
1495873929215445161	splash2x.barnes	1800	42	1.200000	1.395000	1.674000	901102425	224	2043367	53067408	309969336	218652471	12074385
1495873929724821796	splash2x.barnes	1800	42	1.200000	1.383000	1.659000	901125606	222	2013598	53048967	310228400	218294514	12730607
1495873930234028306	splash2x.barnes	1800	42	1.200000	1.388000	1.665000	901101109	4834	1729512	60947867	177945378	138068969	11360910
1495873930743209233	splash2x.barnes	1800	42	1.200000	1.176000	1.411000	901094340	226	1986086	53160799	310643136	217874904	12202210
1495873931252325368	splash2x.barnes	1800	42	1.200000	1.382000	1.659000	901179360	228	1917315	53246911	311291330	217545581	13861229
1495873931761570878	splash2x.barnes	1800	42	1.200000	1.391000	1.669000	901086920	224	1900042	53252603	311174303	217368792	13926693
1495873932270635472	splash2x.barnes	1800	42	1.200000	1.392000	1.670000	901090330	226	1881385	53222409	311372932	216987601	13932792
1495873932779873565	splash2x.barnes	1800	42	1.200000	1.394000	1.672000	901094290	224	1880788	53231192	311165188	216805600	14198824
1495873933289067867	splash2x.barnes	1800	42	1.200000	1.393000	1.672000	901092590	226	1915966	53205183	310679518	217032631	13396896
1495873933798180752	splash2x.barnes	1800	42	1.200000	1.391000	1.669000	901087775	224	2061799	53224083	310491089	218633188	11882198
1495873934307529637	splash2x.barnes	1800	42	1.200000	1.385000	1.662000	901101105	226	2042227	53160696	310115711	218266306	12334011
1495873934816888730	splash2x.barnes	1800	42	1.200000	1.383000	1.659000	901248450	226	1893086	53134139	310545605	217101869	14412957
1495873935326119074	splash2x.barnes	1800	42	1.200000	1.393000	1.671000	901349910	228	1921433	53221323	311142347	217877513	14199180
1495873935835281000	splash2x.barnes	1800	42	1.200000	1.391000	1.669000	901217450	224	1862590	53177759	310833757	217208261	14983118
1495873936344452177	splash2x.barnes	1800	42	1.200000	1.396000	1.676000	901213430	226	1898734	53128317	310332170	217245856	14867833
1495873936853547187	splash2x.barnes	1800	42	1.200000	1.394000	1.674000	901217255	224	1839827	53110630	310349603	215972370	14984783
1495873937362680198	splash2x.barnes	1800	42	1.200000	1.393000	1.671000	901212359	226	2035414	53181142	310330967	218352689	12248886
1495873937871984333	splash2x.barnes	1800	42	1.200000	1.383000	1.659000	901237651	224	2037367	53177974	310671476	218492024	11892536
1495873938381427051	splash2x.barnes	1800	42	1.200000	1.387000	1.664000	901091800	4742	1741414	65654595	213300348	159462824	9719547
1495873938890695144	splash2x.barnes	1800	42	1.200000	1.186000	1.423000	901102520	336	1994983	48327348	274381626	196222051	13778361
1495873939399904571	splash2x.barnes	1800	42	1.200000	1.383000	1.659000	901096740	226	1900345	53122368	310579049	217226218	14535340
1495873939909074498	splash2x.barnes	1800	42	1.200000	1.393000	1.671000	901079630	224	1891515	53147198	310712482	217046584	14767531
1495873940418186758	splash2x.barnes	1800	42	1.200000	1.394000	1.674000	901093164	226	1892640	53130875	310711689	217047604	14527370
1495873940927417434	splash2x.barnes	1800	42	1.200000	1.393000	1.671000	901090621	224	1881086	53205705	310976096	217050728	14223812
1495873941436654944	splash2x.barnes	1800	42	1.200000	1.394000	1.674000	901075370	226	1864923	53105812	310376688	216251281	14604851
1495873941945956371	splash2x.barnes	1800	42	1.200000	1.393000	1.671000	901078585	224	2024580	53174533	310304577	218224405	12313223
1495873942455099256	splash2x.barnes	1800	42	1.200000	1.384000	1.662000	901087530	226	2079692	53101531	309857365	218479226	11771096
1495873942964245891	splash2x.barnes	1800	42	1.200000	1.383000	1.659000	901091625	226	1917026	53174120	310757344	217456063	13616988
1495873943473347860	splash2x.barnes	1800	42	1.200000	1.393000	1.672000	901183225	228	1890347	53175789	311027746	217377602	14149490
1495873943982542328	splash2x.barnes	1800	42	1.200000	1.393000	1.672000	901090160	224	1896784	53250779	311328346	217941999	14284067
1495873944491766588	splash2x.barnes	1800	42	1.200000	1.395000	1.674000	901086135	226	1877430	53188893	310992132	217391472	14609879
1495873945001185348	splash2x.barnes	1800	42	1.200000	1.394000	1.674000	901096220	224	1856385	53160858	310699813	216551390	14215262
1495873945510272275	splash2x.barnes	1800	42	1.200000	1.394000	1.674000	901091170	226	1971606	53182601	310341147	217553755	12830255
1495873946019435035	splash2x.barnes	1800	42	1.200000	1.384000	1.662000	901075965	224	1981266	53137896	310632229	217980484	12239065
1495873946528697754	splash2x.barnes	1800	42	1.200000	1.385000	1.663000	791597221	3071	1596266	44080176	230265855	168671653	10274881
1495873947038504096	splash2x.fmm	1800	41	1.100000	0.990000	1.186000	726193874	65734	4286850	65316119	163320807	190100987	12203848
1495873947548266731	splash2x.fmm	1800	41	1.200000	1.162000	1.394000	901358090	83207	5342654	79678514	199933701	236327348	15249078
1495873948057986740	splash2x.fmm	1800	41	1.200000	1.164000	1.396000	901097893	82223	5309976	84441594	206540949	239613165	15013705
1495873948567402125	splash2x.fmm	1800	41	1.200000	1.172000	1.406000	901237872	28775	2002149	55985853	139059241	138475416	8594902
1495873949077287717	splash2x.fmm	1800	41	1.200000	1.128000	1.353000	901085090	53707	2779133	53719444	155012248	168871960	14961993
1495873949586686644	splash2x.fmm	1800	41	1.200000	1.156000	1.387000	901088445	241	3555913	47009636	143392121	181536328	11961543
1495873950095971529	splash2x.fmm	1800	41	1.200000	1.230000	1.476000	901065665	224	471166	31779468	166258684	193007947	4933854
1495873950605092289	splash2x.fmm	1800	42	1.200000	1.260000	1.512000	901073225	226	457085	33843497	174918518	203226179	4980352
1495873951114313341	splash2x.fmm	1800	41	1.200000	1.286000	1.543000	901063389	226	465266	32372482	168663131	196095394	4953771
1495873951623373726	splash2x.fmm	1800	41	1.200000	1.248000	1.497000	901129701	228	460192	32424191	168923759	196064502	4941192
1495873952132532986	splash2x.fmm	1800	41	1.200000	1.277000	1.532000	901044985	224	454193	33797220	174686581	202952088	4990201
1495873952641713621	splash2x.fmm	1800	42	1.200000	1.277000	1.532000	901042165	226	440287	38628506	196026325	229095771	4956604
1495873953151029881	splash2x.fmm	1800	42	1.200000	1.420000	1.705000	901048239	226	400764	54312813	228298328	267048428	5525336
1495873953660308808	splash2x.fmm	1800	41	1.200000	1.075000	1.290000	901064366	239	3213548	49103389	115961294	149228190	11814458
1495873954169469235	splash2x.fmm	1800	41	1.200000	1.245000	1.494000	901074700	226	455431	33657569	174182685	202335602	4901896
1495873954678720411	splash2x.fmm	1800	41	1.200000	1.276000	1.531000	901079645	226	460854	33633894	174080814	202366940	4965626
1495873955187975463	splash2x.fmm	1800	41	1.200000	1.292000	1.550000	901340700	228	472292	31925750	166825856	193789787	4968397
1495873955697356598	splash2x.fmm	1800	41	1.200000	1.252000	1.502000	901062665	224	451895	34080309	175997484	204369848	5014629
1495873956206669441	splash2x.fmm	1800	42	1.200000	1.275000	1.530000	901073410	226	464108	32581416	169681696	197142059	4874578
1495873956715965201	splash2x.fmm	1800	41	1.200000	1.268000	1.521000	901217900	224	375696	52754763	257526548	303749683	5055243
1495873957225244711	splash2x.fmm	1800	42	1.200000	1.428000	1.715000	901087485	238	2854724	56670703	125249084	166132775	10916672
1495873957734534471	splash2x.fmm	1800	41	1.200000	1.383000	1.660000	901081480	229	841281	31980522	162131363	170556189	6766449
1495873958243659939	splash2x.fmm	1800	41	1.200000	1.152000	1.382000	901083565	226	461473	32676649	170037835	197558089	4876934
1495873958752843075	splash2x.fmm	1800	42	1.200000	1.259000	1.510000	901077565	226	455569	33210243	172339801	200021151	4898248
1495873959262023751	splash2x.fmm	1800	42	1.200000	1.278000	1.533000	901196045	228	468338	31720706	165984831	192646680	4937187
1495873959771367386	splash2x.fmm	1800	41	1.200000	1.262000	1.515000	901106080	224	466924	32884703	170930801	198650451	4960328
1495873960280496146	splash2x.fmm	1800	41	1.200000	1.262000	1.514000	901192260	226	457216	32826978	170728210	198168201	4894031
1495873960789902573	splash2x.fmm	1800	41	1.200000	1.255000	1.506000	901083400	224	403281	47017384	232500864	273378962	5040398
1495873961299064750	splash2x.fmm	1800	42	1.200000	1.412000	1.695000	901091845	235	582760	46821948	155751771	180530300	9153993
1495873961808167135	splash2x.fmm	1800	41	1.200000	1.175000	1.410000	901093260	231	3097059	47683510	156560461	186735770	8534002
1495873962317387437	splash2x.fmm	1800	41	1.200000	1.236000	1.483000	901089925	226	478192	32251618	168254765	195449322	4888493
1495873962826766988	splash2x.fmm	1800	41	1.200000	1.240000	1.488000	901138610	226	467133	33408895	173158086	201256278	4904311
1495873963335924957	splash2x.fmm	1800	42	1.200000	1.273000	1.527000	901176640	228	463189	32261074	168262688	195444830	4937134
1495873963845013175	splash2x.fmm	1800	41	1.200000	1.285000	1.542000	901078225	224	463687	32538727	169457517	196817145	4927754
1495873964354087977	splash2x.fmm	1800	41	1.200000	1.277000	1.532000	901093505	226	461991	33631474	174113543	202257012	4958217
1495873964863313196	splash2x.fmm	1800	42	1.200000	1.275000	1.530000	901249115	224	427335	41260620	207505100	242975845	4942303
1495873965372470831	splash2x.fmm	1800	42	1.200000	1.359000	1.632000	901210320	228	388665	55173325	212502247	247457268	5731112
1495873965881856632	splash2x.fmm	1800	41	1.200000	1.283000	1.539000	901230054	233	3248142	45308332	124163938	151814815	11853052
1495873966391057934	splash2x.fmm	1800	41	1.200000	1.183000	1.419000	901268351	227	516633	31754319	167918214	192727838	5000562
1495873966900268402	splash2x.fmm	1800	42	1.200000	1.261000	1.513000	901086850	226	453514	33410668	173196521	200890644	4849320
1495873967409395246	splash2x.fmm	1800	42	1.200000	1.291000	1.550000	901170855	228	465163	32487746	169242649	196653113	4907909
1495873967918532423	splash2x.fmm	1800	41	1.200000	1.276000	1.531000	901081870	224	470510	32363893	168718706	195977883	4926889
1495873968427669600	splash2x.fmm	1800	41	1.200000	1.258000	1.509000	901073545	226	460532	33253890	172478936	200343410	4924834
1495873968936856818	splash2x.fmm	1800	42	1.200000	1.281000	1.537000	901076500	224	460064	35204390	181084766	211085329	4894467
1495873969446032453	splash2x.fmm	1800	42	1.200000	1.291000	1.549000	901068965	228	397514	53271361	249473009	293028149	5331031
1495873969955542505	splash2x.fmm	1800	41	1.200000	1.359000	1.632000	617527151	5263	607238	33642489	80696844	88157492	6568659
1495873970465412014	splash2x.radiosity	1800	41	1.200000	1.097000	1.316000	901285515	82492	5348086	81180354	202980841	237202560	15101648
1495873970975508731	splash2x.radiosity	1800	41	1.200000	1.156000	1.387000	901220194	83185	5321956	80686931	201389597	237101997	15086422
1495873971485355740	splash2x.radiosity	1800	41	1.200000	1.162000	1.394000	901225230	81279	5219333	83683206	204934068	237523394	14795939
1495873971995286666	splash2x.radiosity	1800	41	1.200000	1.169000	1.402000	901110056	85933	2121305	63507220	197410672	184848624	14598835
1495873972505271842	splash2x.radiosity	1800	41	1.200000	1.171000	1.405000	901140024	98861	2389861	66054129	214267549	194365170	13222467
1495873973015313767	splash2x.radiosity	1800	41	1.200000	1.156000	1.387000	901151131	100530	2334907	68735562	217839107	196879555	13377344
1495873973525923609	splash2x.radiosity	1800	41	1.200000	1.155000	1.386000	901105575	34074	570955	22629498	86488753	54731034	25142265
1495873974035130410	splash2x.radiosity	1800	42	1.200000	1.167000	1.400000	901112915	2859	6060527	143618397	321383381	378232892	4169545
1495873974544074671	splash2x.radiosity	1800	42	1.200000	1.482000	1.779000	901076003	226	7553216	174707095	344028010	440835706	3333458
1495873975052931015	splash2x.radiosity	1800	42	1.200000	1.466000	1.760000	901080227	226	6090429	163519031	349702474	410540469	2689564
1495873975561881983	splash2x.radiosity	1800	42	1.200000	1.468000	1.763000	901142864	226	7251897	162997422	343015174	414564157	3927685
1495873976070786702	splash2x.radiosity	1800	42	1.200000	1.472000	1.767000	901145922	224	7671651	164972601	338969181	425376830	3549623
1495873976579845421	splash2x.radiosity	1800	42	1.200000	1.479000	1.776000	901000712	226	8714939	171182186	330719270	440217773	4748646
1495873977088730265	splash2x.radiosity	1800	42	1.200000	1.477000	1.773000	900995178	224	8712272	167799315	328874294	435690613	5784605
1495873977597811483	splash2x.radiosity	1800	42	1.200000	1.471000	1.766000	900991385	226	6888477	161055174	345066747	412901857	2683614
1495873978106868285	splash2x.radiosity	1800	42	1.200000	1.451000	1.742000	901007912	224	7150937	161799730	344698774	418541910	2400599
1495873978615977837	splash2x.radiosity	1800	42	1.200000	1.449000	1.740000	900999403	226	7433760	159015794	342083045	413771093	3499012
1495873979124975598	splash2x.radiosity	1800	42	1.200000	1.451000	1.742000	900997417	226	6789969	152324968	350453826	398010626	2705803
1495873979633907483	splash2x.radiosity	1800	42	1.200000	1.443000	1.733000	901026337	228	7215755	155795429	344781923	406389716	2400565
1495873980142906285	splash2x.radiosity	1800	42	1.200000	1.433000	1.721000	901083581	224	5230930	145543534	354879741	376769647	2784086
1495873980651894879	splash2x.radiosity	1800	42	1.200000	1.436000	1.724000	900993997	226	6179384	153196334	345865370	394241867	2354417
1495873981160967681	splash2x.radiosity	1800	42	1.200000	1.435000	1.723000	900967649	224	6045305	154206796	348436572	392857330	2429882
1495873981669968441	splash2x.radiosity	1800	42	1.200000	1.427000	1.713000	900966289	226	7212725	146284696	341764962	391577914	3292756
1495873982178894160	splash2x.radiosity	1800	42	1.200000	1.427000	1.713000	900972118	224	7573059	145012954	339052605	393288154	3598480
1495873982687994753	splash2x.radiosity	1800	42	1.200000	1.431000	1.718000	900970417	226	6079493	152087775	350779532	387711487	2769588
1495873983197180764	splash2x.radiosity	1800	42	1.200000	1.457000	1.749000	900963182	226	6837855	153685220	346433962	398686853	3310296
1495873983706287940	splash2x.radiosity	1800	42	1.200000	1.442000	1.731000	901122964	226	8321227	176122647	333009193	439757474	3448396
1495873984215257159	splash2x.radiosity	1800	42	1.200000	1.465000	1.759000	901052784	226	8485484	167812751	331100995	429205553	3424431
1495873984724743086	splash2x.radiosity	1800	42	1.200000	1.468000	1.763000	900983062	220	7992677	157403380	331569959	410515158	2339728
1495873985233890221	splash2x.radiosity	1800	42	1.200000	1.437000	1.725000	901146352	226	6580286	157757211	338580036	400629748	2049823
1495873985742949314	splash2x.radiosity	1800	43	1.200000	1.432000	1.719000	901007305	224	5934607	153298998	347658569	388066994	3503673
1495873986251942116	splash2x.radiosity	1800	42	1.200000	1.445000	1.735000	901012301	226	6303442	143281504	338037485	372333762	3826450
1495873986761012335	splash2x.radiosity	1800	42	1.200000	1.428000	1.715000	901002945	226	6382626	140828673	338928737	370921836	3565711
1495873987269962304	splash2x.radiosity	1800	42	1.200000	1.417000	1.701000	901001303	226	7158358	154681475	340782962	399745350	3878812
1495873987778885439	splash2x.radiosity	1800	42	1.200000	1.436000	1.724000	900999349	224	7618479	150511551	335804372	398656559	3694227
1495873988287885116	splash2x.radiosity	1800	42	1.200000	1.429000	1.716000	901107011	228	7298750	161946148	337146044	410886864	3167136
1495873988796966376	splash2x.radiosity	1800	42	1.200000	1.430000	1.717000	900996055	224	6201564	153687106	350635193	385891669	3647056
1495873989306001137	splash2x.radiosity	1800	43	1.200000	1.451000	1.742000	901010855	226	6466633	149840917	348844674	384181358	2739816
1495873989815156147	splash2x.radiosity	1800	42	1.200000	1.431000	1.718000	901059549	224	6801396	141494185	356090610	386905226	2790724
1495873990324156866	splash2x.radiosity	1800	42	1.200000	1.440000	1.729000	901016916	226	5615505	136696547	364214056	368146211	4067899
1495873990833056626	splash2x.radiosity	1800	43	1.200000	1.455000	1.747000	901011314	226	7383414	150976985	348545852	400689267	3239574
1495873991341992845	splash2x.radiosity	1800	43	1.200000	1.444000	1.734000	901010255	226	6732074	146624784	358033695	391487685	3175617
1495873991851326188	splash2x.radiosity	1800	43	1.200000	1.451000	1.742000	901005455	224	7740743	145578603	347608452	399064375	2933647
1495873992360306074	splash2x.radiosity	1800	42	1.200000	1.435000	1.723000	901013779	226	5676471	143149920	358610533	370109813	2907703
1495873992869254167	splash2x.radiosity	1800	43	1.200000	1.442000	1.731000	901133641	226	6428481	147507973	351921466	386684176	2471582
1495873993378090553	splash2x.radiosity	1800	42	1.200000	1.434000	1.722000	901004487	226	7232941	153326192	351456379	401189265	3582617
1495873993887088188	splash2x.radiosity	1800	43	1.200000	1.446000	1.736000	901004663	224	6924994	149381585	347335757	391746274	3571955
1495873994396111532	splash2x.radiosity	1800	43	1.200000	1.442000	1.731000	901015283	226	7227838	149519531	341009373	394456611	2932999
1495873994905224542	splash2x.radiosity	1800	43	1.200000	1.430000	1.717000	901157729	226	6566437	152463836	347567548	391261734	3145904
1495873995414177511	splash2x.radiosity	1800	43	1.200000	1.441000	1.730000	901013035	226	6839933	149644551	345634638	389794498	3080841
1495873995923071980	splash2x.radiosity	1800	42	1.200000	1.431000	1.718000	901010825	224	6517614	150526108	347029198	386738129	3300346
1495873996432026574	splash2x.radiosity	1800	43	1.200000	1.442000	1.731000	901000550	226	6070908	150191947	336578374	378870719	3230174
1495873996941127375	splash2x.radiosity	1800	43	1.200000	1.423000	1.709000	901012610	224	6071931	142734773	335594737	366973692	3536826
1495873997450065136	splash2x.radiosity	1800	43	1.200000	1.406000	1.688000	901111664	228	6411092	139105800	342431285	370749140	3538718
1495873997958992355	splash2x.radiosity	1800	43	1.200000	1.433000	1.721000	901016976	224	6913601	140711800	342556022	380415066	3835342
1495873998468021282	splash2x.radiosity	1800	43	1.200000	1.431000	1.718000	901005645	226	6301899	139900111	339998002	369198220	4148951
1495873998977121375	splash2x.radiosity	1800	43	1.200000	1.425000	1.711000	901007460	226	6407666	139937226	331421175	367557198	4414656
1495873999486200802	splash2x.radiosity	1800	42	1.200000	1.414000	1.698000	901010755	226	6286320	132787676	320999910	352138479	5340348
1495873999995152521	splash2x.radiosity	1800	42	1.200000	1.397000	1.676000	901006135	224	5776395	125963515	306620958	330849699	7007876
1495874000504258864	splash2x.radiosity	1800	42	1.200000	1.377000	1.653000	901001915	226	4452887	97680903	257741980	256560335	11105589
1495874001013335125	splash2x.radiosity	1800	42	1.200000	1.305000	1.567000	901016340	224	1680542	49857624	170934073	121924793	17704976
1495874001522364593	splash2x.radiosity	1800	42	1.200000	1.139000	1.366000	901017075	261	2445925	240428493	247322385	78461043	15146593
1495874002031342395	splash2x.radiosity	1800	41	1.200000	1.083000	1.299000	901029345	250	2405912	211882323	248795054	119700197	12727879
1495874002541448071	splash2x.raytrace	1800	41	1.200000	1.145000	1.374000	617645174	41645	3017824	56412451	139738851	157142514	8505183
1495874003051300664	splash2x.raytrace	1800	41	1.200000	1.152000	1.382000	901016510	83757	5342563	78591123	198325940	235267300	15215023
1495874003561062089	splash2x.raytrace	1800	41	1.200000	1.161000	1.393000	901117784	82900	5318891	82624762	203621907	237934437	14991423
1495874004070218933	splash2x.raytrace	1800	41	1.200000	1.169000	1.402000	901075661	49943	4487057	105471097	232837101	251042070	22518293
1495874004579281985	splash2x.raytrace	1800	41	1.200000	1.515000	1.819000	901189569	266	476579	92365914	268104572	211240784	84815627
1495874005088490245	splash2x.raytrace	1800	42	1.200000	1.533000	1.841000	901063932	224	535059	90149258	267515506	212126081	85348877
1495874005597532797	splash2x.raytrace	1800	42	1.200000	1.537000	1.845000	901085023	226	475163	91899044	268092690	212655387	86061647
1495874006106647432	splash2x.raytrace	1800	42	1.200000	1.532000	1.839000	901208630	226	434073	90768583	270241965	211182772	83505661
1495874006615732276	splash2x.raytrace	1800	42	1.200000	1.534000	1.842000	901060050	226	359387	89681142	267968708	210164005	86057089
1495874007125162327	splash2x.raytrace	1800	42	1.200000	1.535000	1.843000	901070072	226	436720	87278918	266189472	210033396	85712774
1495874007634216588	splash2x.raytrace	1800	42	1.200000	1.531000	1.838000	901075893	226	498831	86721170	266279450	210664990	86008937
1495874008143269473	splash2x.raytrace	1800	42	1.200000	1.533000	1.841000	901089190	224	477026	87171484	266457349	211051058	85973155
1495874008652369108	splash2x.raytrace	1800	42	1.200000	1.534000	1.842000	901083565	226	337149	88068962	263693980	207677345	85709193
1495874009161555743	splash2x.raytrace	1800	42	1.200000	1.530000	1.837000	901068620	224	385649	87803389	265323348	208760005	85563406
1495874009670679503	splash2x.raytrace	1800	42	1.200000	1.532000	1.841000	901064710	226	395105	88614371	267625208	210673593	85263269
1495874010179901180	splash2x.raytrace	1800	42	1.200000	1.536000	1.844000	901183850	226	345494	90136061	268527074	210308272	85856133
1495874010689050815	splash2x.raytrace	1800	43	1.200000	1.536000	1.844000	901071999	226	418955	88443664	264870424	208746026	85444097
1495874011198113450	splash2x.raytrace	1800	43	1.200000	1.523000	1.829000	901058368	226	458439	86968518	263964217	208499689	85854267
1495874011707283752	splash2x.raytrace	1800	43	1.200000	1.530000	1.837000	901057540	226	384040	87051121	262859057	206739629	85942094
1495874012216639846	splash2x.raytrace	1800	43	1.200000	1.532000	1.839000	901044253	224	486838	89120776	266197873	211190372	86532608
1495874012725932647	splash2x.raytrace	1800	43	1.200000	1.537000	1.845000	901050305	226	490053	89523419	266840805	211428655	87015331
1495874013234957324	splash2x.raytrace	1800	43	1.200000	1.535000	1.843000	901038375	226	405386	87722124	265248485	208935536	86499963
1495874013744221334	splash2x.raytrace	1800	43	1.200000	1.536000	1.844000	901270055	226	394959	87179870	265516105	209179029	86822226
1495874014253389969	splash2x.raytrace	1800	43	1.200000	1.535000	1.843000	901162184	226	460939	88078153	267828714	211473141	86120851
1495874014762526271	splash2x.raytrace	1800	43	1.200000	1.539000	1.848000	901097923	226	394736	89334837	268168379	210605541	85721469
1495874015271730073	splash2x.raytrace	1800	43	1.200000	1.535000	1.843000	901136590	226	390488	87913866	267914646	210498050	87924528
1495874015780994875	splash2x.raytrace	1800	43	1.200000	1.540000	1.849000	901112330	238	390759	87036789	263123479	206916068	86300164
1495874016290054176	splash2x.raytrace	1800	43	1.200000	1.527000	1.833000	901103990	226	339378	85998957	264166835	206731298	87319994
1495874016799173312	splash2x.raytrace	1800	43	1.200000	1.534000	1.842000	901114163	224	353939	86849696	264953543	207994507	87223721
1495874017308176405	splash2x.raytrace	1800	43	1.200000	1.534000	1.842000	901115190	226	352611	85940099	264213449	206401488	87005926
1495874017817416832	splash2x.raytrace	1800	43	1.200000	1.530000	1.837000	901123984	226	448501	87343492	268616546	211303390	87876589
1495874018326515009	splash2x.raytrace	1800	43	1.200000	1.538000	1.847000	901112296	226	509973	87533307	269119807	212872821	87815486
1495874018835692061	splash2x.raytrace	1800	43	1.200000	1.540000	1.851000	901127289	226	488979	87163711	267905765	211677744	87360375
1495874019344919612	splash2x.raytrace	1800	43	1.200000	1.538000	1.847000	901118391	226	486631	86323688	269098099	211770394	87886162
1495874019854205039	splash2x.raytrace	1800	43	1.200000	1.542000	1.851000	901117494	224	450259	86306941	267308912	210621786	87497484
1495874020363247466	splash2x.raytrace	1800	43	1.200000	1.539000	1.848000	901135061	226	470610	86688522	266826731	210693607	86522596
1495874020872458643	splash2x.raytrace	1800	43	1.200000	1.539000	1.848000	901124195	224	404661	87583056	265468508	209712051	86060955
1495874021381672320	splash2x.raytrace	1800	43	1.200000	1.533000	1.841000	901112295	226	315750	88696243	266154113	209311801	87227314
1495874021890824330	splash2x.raytrace	1800	43	1.200000	1.538000	1.847000	901107692	226	334491	86776762	265327239	208689413	87041241
1495874022399964757	splash2x.raytrace	1800	43	1.200000	1.534000	1.842000	901105000	226	368696	86669812	264852590	209099757	86969618
1495874022909109892	splash2x.raytrace	1800	43	1.200000	1.537000	1.845000	901107943	226	399609	86791960	267279995	209869528	87841320
1495874023418200027	splash2x.raytrace	1800	43	1.200000	1.539000	1.848000	901222365	226	411417	86227690	267339314	209940330	87664148
1495874023927290329	splash2x.raytrace	1800	43	1.200000	1.535000	1.843000	901074645	220	513556	86781639	269194071	212520357	87737133
1495874024436419631	splash2x.raytrace	1800	43	1.200000	1.540000	1.849000	901090015	224	551440	86967443	270754263	213853822	88180349
1495874024945559433	splash2x.raytrace	1800	43	1.200000	1.545000	1.855000	901069199	224	520199	86348307	270964742	213304885	88363154
1495874025454671609	splash2x.raytrace	1800	43	1.200000	1.541000	1.850000	901222930	226	463432	85366892	266975376	210046217	87360904
1495874025963810036	splash2x.raytrace	1800	43	1.200000	1.537000	1.845000	901205816	226	461910	85240684	266354731	209889593	86959982
1495874026472971213	splash2x.raytrace	1800	43	1.200000	1.534000	1.842000	901215257	226	483687	85527146	266601857	210807229	86947081
1495874026982147598	splash2x.raytrace	1800	43	1.200000	1.536000	1.844000	901215768	226	308902	89789614	266172186	209515615	86683138
1495874027491359608	splash2x.raytrace	1800	43	1.200000	1.537000	1.845000	901197000	226	271722	88311248	265460177	208450340	86379433
1495874028000560493	splash2x.raytrace	1800	43	1.200000	1.533000	1.841000	901200865	224	442426	87430178	267181011	210617201	86577950
1495874028509795087	splash2x.raytrace	1800	43	1.200000	1.534000	1.842000	901198520	226	366776	86353733	266635728	209009229	87904615
1495874029018907430	splash2x.raytrace	1800	43	1.200000	1.536000	1.844000	901214470	224	365396	87644153	267312392	209612095	88147258
1495874029528055815	splash2x.raytrace	1800	43	1.200000	1.536000	1.844000	901210510	226	512343	86617965	268987546	212200129	87766192
1495874030037282826	splash2x.raytrace	1800	43	1.200000	1.539000	1.848000	901315045	226	491299	86890883	269300942	212281892	87914981
1495874030546476294	splash2x.raytrace	1800	43	1.200000	1.540000	1.849000	901203307	226	503596	86805379	270020387	212743801	88104687
1495874031055658929	splash2x.raytrace	1800	43	1.200000	1.541000	1.850000	901213375	226	472387	86361006	268773159	211400084	87707147
1495874031564875606	splash2x.raytrace	1800	43	1.200000	1.539000	1.848000	901211645	226	423804	85886260	267623891	210366089	87388126
1495874032073988324	splash2x.raytrace	1800	43	1.200000	1.536000	1.844000	901208498	224	433387	85819468	266108624	210136067	85868144
1495874032583125418	splash2x.raytrace	1800	43	1.200000	1.530000	1.837000	901214569	226	319047	87702904	267143143	210118581	84724276
1495874033092307011	splash2x.raytrace	1800	43	1.200000	1.533000	1.841000	901239711	224	473659	87666297	268684840	211903270	86259742
1495874033601501313	splash2x.raytrace	1800	43	1.200000	1.539000	1.848000	901217225	228	438737	86892249	267976363	210958680	87390819
1495874034110626365	splash2x.raytrace	1800	43	1.200000	1.540000	1.849000	901072310	224	376455	86870049	267787364	210326104	87219120
1495874034619839208	splash2x.raytrace	1800	43	1.200000	1.534000	1.842000	901060212	226	401890	86568530	267440974	210688771	86835673
1495874035128998552	splash2x.raytrace	1800	43	1.200000	1.536000	1.844000	901068208	226	460541	86448673	267786202	211280989	87084098
1495874035638096895	splash2x.raytrace	1800	43	1.200000	1.539000	1.848000	901083990	226	499729	86232570	268360312	211953724	87025736
1495874036147428114	splash2x.raytrace	1800	43	1.200000	1.540000	1.849000	901079222	224	453399	86407830	268776048	211908868	86532880
1495874036656581540	splash2x.raytrace	1800	43	1.200000	1.530000	1.837000	901081020	226	313165	87643374	267945411	210061986	84037346
1495874037165683801	splash2x.raytrace	1800	43	1.200000	1.531000	1.838000	901077748	224	403954	87732121	268560702	211045300	85337490
1495874037674894019	splash2x.raytrace	1800	43	1.200000	1.533000	1.841000	901147717	228	386304	87681932	268706262	211549711	85002894
1495874038184027779	splash2x.raytrace	1800	43	1.200000	1.534000	1.842000	901081088	224	536522	87170356	269748297	213410765	85281822
1495874038693209248	splash2x.raytrace	1800	43	1.200000	1.537000	1.845000	901088305	226	472025	87812314	269405806	212653535	84078281
1495874039202972257	splash2x.water_nsquared	1800	42	1.200000	1.527000	1.833000	617224146	39948	2727079	57779350	151996107	156276816	20992293
1495874039712954724	splash2x.water_nsquared	1800	42	1.200000	1.157000	1.388000	901095771	83738	5370696	78480183	198067665	235057567	15327926
1495874040222657609	splash2x.water_nsquared	1800	42	1.200000	1.164000	1.396000	901133354	82374	5333631	82595924	203749700	238129619	15136612
1495874040732020285	splash2x.water_nsquared	1800	42	1.100000	1.172000	1.404000	901220710	54380	4509677	115841801	241791072	268221733	12490949
1495874041241152462	splash2x.water_nsquared	1800	43	1.200000	1.718000	2.065000	901050941	224	1468856	194969008	626928861	529330512	15698010
1495874041750231014	splash2x.water_nsquared	1800	43	1.200000	1.760000	2.115000	901053238	226	1497062	195757712	625702674	529821451	15662429
1495874042259326483	splash2x.water_nsquared	1800	44	1.200000	1.758000	2.113000	901106485	224	1498856	196180790	624873418	528879936	15612437
1495874042768654701	splash2x.water_nsquared	1800	44	1.200000	1.756000	2.110000	901220962	226	1464711	196178886	625548977	528403897	15626222
1495874043277852628	splash2x.water_nsquared	1800	44	1.200000	1.760000	2.115000	901110727	226	1656331	193273937	623382111	528811626	15587117
1495874043787011346	splash2x.water_nsquared	1800	44	1.200000	1.759000	2.114000	901110616	224	1883912	195748098	606758814	519046799	14935114
1495874044296357106	splash2x.water_nsquared	1800	44	1.200000	1.744000	2.096000	901067649	222	1882474	199776191	593937628	509266757	14376734
1495874044805527325	splash2x.water_nsquared	1800	44	1.200000	1.736000	2.086000	901121455	224	1766679	201437332	587225444	501535319	14082999
1495874045314636751	splash2x.water_nsquared	1800	44	1.200000	1.727000	2.075000	901121795	226	1757239	206705329	574186317	494043175	13547828
1495874045823703637	splash2x.water_nsquared	1800	44	1.200000	1.718000	2.065000	901187378	224	1793886	207391209	568021638	487497675	13239061
1495874046332745189	splash2x.water_nsquared	1800	44	1.200000	1.713000	2.059000	901121874	236	1966002	196442979	548342270	475403343	13983475
1495874046841847407	splash2x.water_nsquared	1800	44	1.200000	1.665000	1.999000	901127984	226	2473158	188531827	609377932	526748138	15316490
1495874047350981584	splash2x.water_nsquared	1800	45	1.200000	1.771000	2.128000	901119825	230	2450786	187197686	611133496	527015618	15403857
1495874047860059719	splash2x.water_nsquared	1800	44	1.200000	1.771000	2.128000	901125560	224	2468938	188476348	610079882	528533514	15368135
1495874048369145188	splash2x.water_nsquared	1800	44	1.200000	1.770000	2.127000	901122100	226	2458579	189248315	608851313	527238480	15302280
1495874048878168698	splash2x.water_nsquared	1800	45	1.200000	1.772000	2.129000	901127610	224	2447639	188679248	609563861	526626381	15320270
1495874049387249917	splash2x.water_nsquared	1800	45	1.200000	1.771000	2.128000	901117072	226	2414077	187237834	611512158	526577508	15392837
1495874049896665552	splash2x.water_nsquared	1800	45	1.200000	1.771000	2.128000	901205005	224	2356478	192103127	600995941	520285849	14923504
1495874050405708270	splash2x.water_nsquared	1800	45	1.200000	1.768000	2.125000	901123738	226	2392552	196311085	587685986	510419843	14333388
1495874050914989322	splash2x.water_nsquared	1800	45	1.200000	1.755000	2.109000	901131309	226	2420008	196687231	578738017	502449472	13980331
1495874051424111457	splash2x.water_nsquared	1800	45	1.200000	1.743000	2.095000	901130581	226	2209732	203224721	569197152	495274420	13538698
1495874051933130217	splash2x.water_nsquared	1800	45	1.200000	1.737000	2.087000	901219621	224	2466503	202546976	559532259	488822908	13132112
1495874052442281644	splash2x.water_nsquared	1800	45	1.200000	1.727000	2.075000	901081070	230	2516256	192460491	536441859	471752965	13939190
1495874052951396946	splash2x.water_nsquared	1800	45	1.200000	1.688000	2.027000	901080729	224	2485072	188003598	609506290	526700192	15339358
1495874053460507248	splash2x.water_nsquared	1800	45	1.200000	1.771000	2.128000	901079587	226	2459243	187320526	610844185	527444026	15412324
1495874053969775925	splash2x.water_nsquared	1800	45	1.200000	1.771000	2.128000	901182060	224	2472687	188649636	609640625	528179041	15364248
1495874054478854393	splash2x.water_nsquared	1800	45	1.200000	1.772000	2.129000	901085638	226	2458774	189214852	608429047	526705187	15301072
1495874054988115695	splash2x.water_nsquared	1800	45	1.200000	1.771000	2.128000	901097048	226	2463013	188066222	609448170	526371505	15341756
1495874055497198997	splash2x.water_nsquared	1800	45	1.200000	1.771000	2.128000	901099904	226	2407218	187339582	611486071	526920968	15421102
1495874056006353340	splash2x.water_nsquared	1800	45	1.200000	1.772000	2.129000	901089093	224	2340638	192193192	601326607	520241391	14947204
1495874056515562767	splash2x.water_nsquared	1800	45	1.200000	1.759000	2.114000	901091652	226	2409072	195847583	588044988	510539161	14365528
1495874057024695277	splash2x.water_nsquared	1800	45	1.200000	1.750000	2.103000	901088079	224	2380707	196771122	579516034	502826108	14023613
1495874057533835287	splash2x.water_nsquared	1800	45	1.200000	1.750000	2.103000	901082651	226	2264803	202971249	568613973	495336916	13529932
1495874058042903673	splash2x.water_nsquared	1800	45	1.200000	1.739000	2.090000	901217224	226	2387737	202519067	560814615	488876242	13200320
1495874058552061391	splash2x.water_nsquared	1800	45	1.200000	1.729000	2.078000	901098330	234	2580724	192762196	532874441	469665198	13722472
1495874059061219276	splash2x.water_nsquared	1800	45	1.200000	1.722000	2.069000	901082143	226	2487664	187438363	609776945	526562068	15365281
1495874059570282787	splash2x.water_nsquared	1800	45	1.200000	1.772000	2.129000	901090266	226	2460162	187653415	610683972	527955888	15417487
1495874060079479588	splash2x.water_nsquared	1800	45	1.200000	1.771000	2.128000	901090586	224	2460687	188953112	609481408	527848621	15359184
1495874060588694682	splash2x.water_nsquared	1800	45	1.200000	1.773000	2.131000	901241264	226	2450251	189147704	608621053	526542880	15314042
1495874061097877442	splash2x.water_nsquared	1800	45	1.200000	1.772000	2.129000	901350107	224	2474728	187609025	609925213	526574982	15369466
1495874061607046327	splash2x.water_nsquared	1800	45	1.200000	1.772000	2.129000	901161353	228	2427711	187696154	611034840	527661732	15418883
1495874062116367004	splash2x.water_nsquared	1800	45	1.200000	1.773000	2.131000	901096446	224	2329388	192356876	601715738	520263072	14960577
1495874062625503264	splash2x.water_nsquared	1800	45	1.200000	1.760000	2.115000	901055102	226	2422152	195140465	588714626	510729062	14402966
1495874063134767357	splash2x.water_nsquared	1800	45	1.200000	1.749000	2.102000	901076171	226	2338364	197101575	580283925	503314463	14060875
1495874063643816659	splash2x.water_nsquared	1800	45	1.200000	1.739000	2.090000	901078158	226	2312035	202612861	568494632	495522039	13531774
1495874064152926961	splash2x.water_nsquared	1800	45	1.200000	1.730000	2.079000	901070669	224	2307426	202739548	561949435	489057640	13252129
1495874064662082471	splash2x.water_nsquared	1800	45	1.200000	1.725000	2.073000	901070045	228	2674311	198633159	541595547	482908502	13286154
1495874065171333273	splash2x.water_nsquared	1800	45	1.200000	1.707000	2.050000	901078466	222	2814623	187426138	570655893	521340379	15142678
1495874065680515700	splash2x.water_nsquared	1800	45	1.200000	1.750000	2.103000	901064563	226	2817105	187421877	570172710	522319879	15153490
1495874066189692751	splash2x.water_nsquared	1800	45	1.200000	1.750000	2.103000	901206345	228	2849893	188580517	568553674	522246749	15065957
1495874066698837595	splash2x.water_nsquared	1800	45	1.200000	1.750000	2.101000	901086362	226	2826195	188731618	568919862	521258322	15064600
1495874067207967397	splash2x.water_nsquared	1800	45	1.200000	1.751000	2.104000	901082575	226	2760931	187548296	571724115	521224272	15183652
1495874067717293907	splash2x.water_nsquared	1800	45	1.200000	1.750000	2.103000	901079597	226	2792454	187631557	570389891	522382152	15148502
1495874068226498792	splash2x.water_nsquared	1800	45	1.200000	1.750000	2.103000	901064991	224	2696053	192301455	563489090	515616288	14739393
1495874068735648844	splash2x.water_nsquared	1800	45	1.200000	1.741000	2.092000	901066834	226	2702665	195477596	555811073	507992872	14319603
1495874069244879687	splash2x.water_nsquared	1800	45	1.200000	1.731000	2.080000	901067597	224	2572201	198984634	549432651	501736769	13998290
1495874069754037989	splash2x.water_nsquared	1800	45	1.200000	1.726000	2.074000	901073828	226	2609864	204467817	540200488	495559611	13501676
1495874070263239749	splash2x.water_nsquared	1800	45	1.200000	1.721000	2.068000	901144082	226	2510965	205462348	536563681	489585622	13296613
