#Timestamp	CPU(0) Frequency(MHz)	CPU(0) Temperature(C)	A7 Voltage(V)	A7 Current(A)	A7 Power(W)	CPU(4) Frequency(MHz)	CPU(4) Temperature(C)	A15 Voltage(V)	A15 Current(A)	A15 Power(W)	GPU Frequency(MHz)	GPU Temperature(C)	GPU Voltage(V)	GPU Current(A)	GPU Power(W)	RAM Voltage(V)	RAM Current(A)	RAM Power(W)
1495873805950449730	1400 40 1.200000 0.149000 0.188000 1800 33 1.100000 0.749000 0.896000 600 35 0.900000 0.066000 0.065000 1.200000 0.052000 0.063000
1495873806460310490	1400 41 1.200000 0.096000 0.122000 1800 34 1.100000 1.145000 1.371000 600 36 0.900000 0.067000 0.066000 1.200000 0.012000 0.014000
1495873806970182665	1400 42 1.200000 0.104000 0.132000 1800 34 1.100000 1.149000 1.376000 600 37 0.900000 0.067000 0.066000 1.200000 0.013000 0.015000
1495873807480054841	1400 42 1.200000 0.102000 0.129000 1800 35 1.100000 1.148000 1.375000 600 37 0.900000 0.067000 0.066000 1.200000 0.029000 0.035000
1495873807989696434	1400 42 1.200000 0.099000 0.125000 1800 35 1.100000 1.146000 1.372000 600 38 0.900000 0.067000 0.066000 1.200000 0.066000 0.080000
1495873808499483193	1400 45 1.200000 0.101000 0.128000 1800 36 1.100000 1.139000 1.364000 600 38 0.900000 0.068000 0.067000 1.200000 0.071000 0.086000
1495873809009516327	1400 46 1.200000 0.103000 0.131000 1800 36 1.100000 1.219000 1.460000 600 39 0.900000 0.068000 0.067000 1.200000 0.056000 0.068000
1495873809518776337	1400 47 1.200000 0.103000 0.131000 1800 37 1.200000 1.363000 1.635000 600 39 0.900000 0.069000 0.068000 1.200000 0.049000 0.059000
1495873810027997181	1400 48 1.200000 0.101000 0.128000 1800 37 1.200000 1.437000 1.724000 600 39 0.900000 0.069000 0.068000 1.200000 0.038000 0.046000
1495873810537139774	1400 47 1.200000 0.097000 0.123000 1800 38 1.200000 1.445000 1.734000 600 40 0.900000 0.070000 0.069000 1.200000 0.037000 0.044000
1495873811046546326	1400 48 1.200000 0.098000 0.124000 1800 38 1.200000 1.388000 1.665000 600 40 0.900000 0.070000 0.069000 1.200000 0.034000 0.041000
1495873811555695961	1400 48 1.200000 0.102000 0.129000 1800 38 1.200000 1.396000 1.675000 600 40 0.900000 0.070000 0.069000 1.200000 0.037000 0.044000
1495873812064927846	1400 48 1.200000 0.102000 0.129000 1800 38 1.200000 1.396000 1.675000 600 40 0.900000 0.070000 0.069000 1.200000 0.032000 0.038000
1495873812574349022	1400 49 1.200000 0.104000 0.132000 1800 38 1.200000 1.401000 1.681000 600 41 0.900000 0.070000 0.069000 1.200000 0.034000 0.041000
1495873813083791157	1400 47 1.200000 0.097000 0.123000 1800 38 1.200000 1.349000 1.618000 600 41 0.900000 0.071000 0.070000 1.200000 0.018000 0.021000
1495873813593154625	1400 47 1.200000 0.097000 0.123000 1800 38 1.200000 1.286000 1.543000 600 41 0.900000 0.070000 0.069000 1.200000 0.014000 0.016000
1495873814102603843	1400 47 1.200000 0.096000 0.122000 1800 38 1.200000 1.286000 1.543000 600 41 0.900000 0.070000 0.069000 1.200000 0.015000 0.018000
1495873814612221436	1400 47 1.200000 0.097000 0.123000 1800 38 1.200000 1.295000 1.554000 600 41 0.900000 0.071000 0.070000 1.200000 0.015000 0.018000
1495873815121672738	1400 47 1.200000 0.097000 0.123000 1800 38 1.200000 1.283000 1.539000 600 41 0.900000 0.071000 0.070000 1.200000 0.015000 0.018000
1495873815631129664	1400 47 1.200000 0.098000 0.124000 1800 38 1.200000 1.283000 1.539000 600 41 0.900000 0.071000 0.070000 1.200000 0.017000 0.020000
1495873816140524799	1400 47 1.200000 0.101000 0.128000 1800 38 1.200000 1.276000 1.531000 600 41 0.900000 0.070000 0.069000 1.200000 0.016000 0.019000
1495873816650131975	1400 47 1.200000 0.100000 0.127000 1800 38 1.200000 1.277000 1.532000 600 41 0.900000 0.071000 0.070000 1.200000 0.016000 0.019000
1495873817159508527	1400 47 1.200000 0.099000 0.125000 1800 39 1.200000 1.295000 1.554000 600 41 0.900000 0.071000 0.070000 1.200000 0.017000 0.020000
1495873817668969953	1400 48 1.200000 0.096000 0.122000 1800 38 1.200000 1.285000 1.542000 600 41 0.900000 0.071000 0.070000 1.200000 0.016000 0.019000
1495873818178347630	1400 48 1.200000 0.104000 0.132000 1800 39 1.200000 1.286000 1.543000 600 41 0.900000 0.071000 0.070000 1.200000 0.018000 0.021000
1495873818687758014	1400 48 1.200000 0.105000 0.133000 1800 39 1.200000 1.289000 1.546000 600 41 0.900000 0.071000 0.070000 1.200000 0.016000 0.019000
1495873819197091274	1400 48 1.200000 0.102000 0.129000 1800 39 1.200000 1.286000 1.543000 600 41 0.900000 0.071000 0.070000 1.200000 0.015000 0.018000
1495873819706609576	1400 48 1.200000 0.097000 0.123000 1800 39 1.200000 1.293000 1.551000 600 41 0.900000 0.071000 0.070000 1.200000 0.015000 0.018000
1495873820216026669	1400 48 1.200000 0.099000 0.125000 1800 39 1.200000 1.258000 1.509000 600 41 0.900000 0.071000 0.070000 1.200000 0.015000 0.018000
1495873820725417845	1400 48 1.200000 0.103000 0.131000 1800 39 1.200000 1.273000 1.527000 600 41 0.900000 0.071000 0.070000 1.200000 0.014000 0.016000
1495873821234737063	1400 48 1.200000 0.104000 0.132000 1800 39 1.200000 1.258000 1.509000 600 41 0.900000 0.071000 0.070000 1.200000 0.014000 0.016000
1495873821744116615	1400 48 1.200000 0.103000 0.131000 1800 39 1.200000 1.243000 1.491000 600 41 0.900000 0.071000 0.070000 1.200000 0.012000 0.014000
1495873822253488583	1400 48 1.200000 0.097000 0.123000 1800 39 1.200000 1.259000 1.510000 600 41 0.900000 0.071000 0.070000 1.200000 0.014000 0.016000
1495873822762880926	1400 48 1.200000 0.099000 0.126000 1800 39 1.200000 1.254000 1.504000 600 41 0.900000 0.071000 0.070000 1.200000 0.014000 0.016000
1495873823272307103	1400 48 1.200000 0.097000 0.123000 1800 39 1.200000 1.264000 1.516000 600 41 0.900000 0.071000 0.070000 1.200000 0.014000 0.016000
1495873823781919862	1400 48 1.200000 0.102000 0.129000 1800 39 1.200000 1.256000 1.507000 600 41 0.900000 0.071000 0.070000 1.200000 0.015000 0.018000
1495873824291446330	1400 48 1.200000 0.106000 0.134000 1800 39 1.200000 1.270000 1.524000 600 41 0.900000 0.071000 0.070000 1.200000 0.017000 0.020000
1495873824800693507	1400 48 1.200000 0.103000 0.131000 1800 39 1.200000 1.259000 1.510000 600 41 0.900000 0.071000 0.070000 1.200000 0.016000 0.019000
1495873825310152308	1400 48 1.200000 0.101000 0.128000 1800 39 1.200000 1.247000 1.496000 600 41 0.900000 0.072000 0.071000 1.200000 0.014000 0.016000
1495873825819471443	1400 48 1.200000 0.100000 0.127000 1800 39 1.200000 1.265000 1.518000 600 41 0.900000 0.072000 0.071000 1.200000 0.014000 0.016000
1495873826328728870	1400 48 1.200000 0.101000 0.128000 1800 39 1.200000 1.248000 1.497000 600 41 0.900000 0.071000 0.070000 1.200000 0.014000 0.016000
1495873826838136546	1400 48 1.200000 0.098000 0.124000 1800 39 1.200000 1.254000 1.504000 600 41 0.900000 0.072000 0.071000 1.200000 0.014000 0.016000
1495873827347348098	1400 48 1.200000 0.097000 0.123000 1800 39 1.200000 1.240000 1.488000 600 41 0.900000 0.072000 0.071000 1.200000 0.015000 0.018000
1495873827856729691	1400 48 1.200000 0.098000 0.124000 1800 39 1.200000 1.245000 1.494000 600 41 0.900000 0.072000 0.071000 1.200000 0.013000 0.015000
1495873828366201701	1400 48 1.200000 0.099000 0.126000 1800 39 1.200000 1.245000 1.494000 600 41 0.900000 0.072000 0.071000 1.200000 0.016000 0.019000
1495873828875576628	1400 48 1.200000 0.097000 0.123000 1800 39 1.200000 1.253000 1.503000 600 41 0.900000 0.072000 0.071000 1.200000 0.016000 0.019000
1495873829385463512	1400 48 1.200000 0.102000 0.129000 1800 40 1.200000 1.257000 1.508000 600 42 0.900000 0.072000 0.071000 1.200000 0.022000 0.026000
1495873829895264521	1400 48 1.200000 0.128000 0.162000 1800 39 1.200000 1.266000 1.519000 600 42 0.900000 0.072000 0.071000 1.200000 0.022000 0.026000
1495873830404875822	1400 48 1.200000 0.117000 0.148000 1800 40 1.200000 1.254000 1.504000 600 42 0.900000 0.072000 0.071000 1.200000 0.023000 0.027000
1495873830914598207	1400 48 1.200000 0.114000 0.145000 1800 39 1.200000 1.241000 1.489000 600 42 0.900000 0.072000 0.071000 1.200000 0.025000 0.030000
1495873831424118800	1400 48 1.200000 0.102000 0.129000 1800 39 1.200000 1.252000 1.502000 600 42 0.900000 0.072000 0.071000 1.200000 0.016000 0.019000
1495873831933392185	1400 48 1.200000 0.099000 0.125000 1800 39 1.200000 1.245000 1.494000 600 42 0.900000 0.072000 0.071000 1.200000 0.015000 0.018000
1495873832442789153	1400 48 1.200000 0.102000 0.129000 1800 39 1.200000 1.239000 1.486000 600 42 0.900000 0.072000 0.071000 1.200000 0.021000 0.025000
1495873832952262204	1400 48 1.200000 0.104000 0.132000 1800 39 1.200000 1.251000 1.501000 600 42 0.900000 0.072000 0.071000 1.200000 0.016000 0.019000
1495873833461777589	1400 48 1.200000 0.106000 0.134000 1800 39 1.200000 1.243000 1.491000 600 42 0.900000 0.072000 0.071000 1.200000 0.014000 0.016000
1495873833971312598	1400 49 1.200000 0.103000 0.131000 1800 39 1.200000 1.255000 1.506000 600 42 0.900000 0.072000 0.071000 1.200000 0.016000 0.019000
1495873834480976983	1400 48 1.200000 0.101000 0.128000 1800 39 1.200000 1.266000 1.519000 600 42 0.900000 0.072000 0.071000 1.200000 0.014000 0.016000
1495873834990525742	1400 48 1.200000 0.105000 0.133000 1800 40 1.200000 1.269000 1.522000 600 42 0.900000 0.072000 0.071000 1.200000 0.018000 0.021000
1495873835500052210	1400 49 1.200000 0.099000 0.126000 1800 40 1.200000 1.268000 1.521000 600 42 0.900000 0.072000 0.071000 1.200000 0.014000 0.016000
1495873836009432804	1400 48 1.200000 0.098000 0.124000 1800 40 1.200000 1.235000 1.482000 600 42 0.900000 0.072000 0.071000 1.200000 0.013000 0.015000
1495873836518762230	1400 49 1.200000 0.097000 0.123000 1800 40 1.200000 1.266000 1.519000 600 42 0.900000 0.072000 0.071000 1.200000 0.014000 0.016000
1495873837028158240	1400 48 1.200000 0.098000 0.124000 1800 40 1.200000 1.264000 1.516000 600 42 0.900000 0.072000 0.071000 1.200000 0.016000 0.019000
1495873837537657083	1400 48 1.200000 0.099000 0.126000 1800 40 1.200000 1.271000 1.525000 600 42 0.900000 0.072000 0.071000 1.200000 0.016000 0.019000
1495873838047098009	1400 49 1.200000 0.099000 0.126000 1800 40 1.200000 1.265000 1.518000 600 42 0.900000 0.072000 0.071000 1.200000 0.016000 0.019000
1495873838556795227	1400 48 1.200000 0.103000 0.131000 1800 40 1.200000 1.262000 1.514000 600 42 0.900000 0.072000 0.071000 1.200000 0.017000 0.020000
1495873839066462612	1400 49 1.200000 0.106000 0.134000 1800 40 1.200000 1.268000 1.521000 600 42 0.900000 0.072000 0.071000 1.200000 0.017000 0.020000
1495873839575817955	1400 49 1.200000 0.104000 0.132000 1800 40 1.200000 1.273000 1.527000 600 42 0.900000 0.072000 0.071000 1.200000 0.016000 0.019000
1495873840085348548	1400 49 1.200000 0.097000 0.123000 1800 40 1.200000 1.262000 1.514000 600 42 0.900000 0.072000 0.071000 1.200000 0.016000 0.019000
1495873840594751808	1400 48 1.200000 0.099000 0.125000 1800 40 1.200000 1.268000 1.521000 600 42 0.900000 0.072000 0.071000 1.200000 0.016000 0.019000
1495873841104226442	1400 49 1.200000 0.101000 0.128000 1800 40 1.200000 1.254000 1.504000 600 42 0.900000 0.072000 0.071000 1.200000 0.015000 0.018000
1495873841613577202	1400 49 1.200000 0.103000 0.131000 1800 40 1.200000 1.266000 1.519000 600 42 0.900000 0.072000 0.071000 1.200000 0.017000 0.020000
1495873842123474628	1400 46 1.200000 0.108000 0.137000 1800 39 1.100000 1.173000 1.405000 600 42 0.900000 0.072000 0.071000 1.200000 0.042000 0.051000
1495873842633386971	1400 47 1.200000 0.109000 0.138000 1800 39 1.100000 1.152000 1.380000 600 42 0.900000 0.072000 0.071000 1.200000 0.015000 0.018000
1495873843143124313	1400 47 1.200000 0.106000 0.134000 1800 39 1.100000 1.159000 1.388000 600 42 0.900000 0.072000 0.071000 1.200000 0.011000 0.013000
1495873843652502698	1400 50 1.200000 0.103000 0.131000 1800 39 1.100000 1.160000 1.389000 600 42 0.900000 0.072000 0.071000 1.200000 0.013000 0.015000
1495873844161851875	1400 49 1.200000 0.102000 0.129000 1800 40 1.200000 1.287000 1.544000 600 42 0.900000 0.072000 0.071000 1.200000 0.038000 0.046000
1495873844671182426	1400 48 1.200000 0.101000 0.128000 1800 40 1.200000 1.171000 1.405000 600 42 0.900000 0.072000 0.071000 1.200000 0.074000 0.090000
1495873845180389311	1400 47 1.200000 0.099000 0.126000 1800 40 1.100000 1.096000 1.313000 600 42 0.900000 0.072000 0.071000 1.200000 0.055000 0.066000
1495873845689760363	1400 47 1.200000 0.104000 0.132000 1800 40 1.100000 1.108000 1.327000 600 42 0.900000 0.072000 0.071000 1.200000 0.048000 0.058000
1495873846199077706	1400 47 1.200000 0.102000 0.129000 1800 39 1.200000 1.152000 1.382000 600 42 0.900000 0.072000 0.071000 1.200000 0.044000 0.053000
1495873846708431133	1400 47 1.200000 0.099000 0.125000 1800 39 1.100000 1.146000 1.372000 600 42 0.900000 0.072000 0.071000 1.200000 0.055000 0.066000
1495873847217668809	1400 46 1.200000 0.100000 0.127000 1800 39 1.100000 1.090000 1.305000 600 42 0.900000 0.072000 0.071000 1.200000 0.039000 0.047000
1495873847727449610	1400 46 1.200000 0.103000 0.131000 1800 39 1.100000 1.092000 1.308000 600 42 0.900000 0.072000 0.071000 1.200000 0.042000 0.051000
1495873848236845120	1400 45 1.200000 0.107000 0.136000 1800 39 1.100000 1.089000 1.304000 600 42 0.900000 0.072000 0.071000 1.200000 0.042000 0.051000
1495873848746145838	1400 49 1.200000 0.098000 0.124000 1800 40 1.100000 1.123000 1.345000 600 42 0.900000 0.072000 0.071000 1.200000 0.058000 0.070000
1495873849255279432	1400 50 1.200000 0.097000 0.123000 1800 40 1.200000 1.591000 1.910000 600 43 0.900000 0.072000 0.071000 1.200000 0.024000 0.029000
1495873849765185108	1400 48 1.200000 0.099000 0.126000 1800 40 1.200000 1.226000 1.471000 600 43 0.900000 0.072000 0.071000 1.200000 0.041000 0.049000
1495873850274434743	1400 50 1.200000 0.099000 0.126000 1800 40 1.200000 1.192000 1.430000 600 43 0.900000 0.072000 0.071000 1.200000 0.054000 0.065000
1495873850783678086	1400 50 1.200000 0.100000 0.127000 1800 41 1.200000 1.367000 1.640000 600 43 0.900000 0.072000 0.071000 1.200000 0.046000 0.055000
1495873851292883513	1400 50 1.200000 0.099000 0.126000 1800 41 1.200000 1.358000 1.629000 600 43 0.900000 0.073000 0.072000 1.200000 0.047000 0.057000
1495873851802066231	1400 50 1.200000 0.105000 0.133000 1800 41 1.200000 1.357000 1.628000 600 43 0.900000 0.073000 0.072000 1.200000 0.046000 0.055000
1495873852311244783	1400 50 1.200000 0.104000 0.132000 1800 41 1.200000 1.346000 1.615000 600 43 0.900000 0.073000 0.072000 1.200000 0.044000 0.053000
1495873852820428960	1400 50 1.200000 0.101000 0.128000 1800 41 1.200000 1.337000 1.604000 600 43 0.900000 0.073000 0.072000 1.200000 0.044000 0.053000
1495873853329651970	1400 50 1.200000 0.101000 0.128000 1800 41 1.200000 1.335000 1.602000 600 43 0.900000 0.073000 0.072000 1.200000 0.045000 0.054000
1495873853838956855	1400 49 1.200000 0.105000 0.133000 1800 41 1.200000 1.332000 1.598000 600 43 0.900000 0.073000 0.072000 1.200000 0.045000 0.054000
1495873854348177365	1400 47 1.200000 0.107000 0.136000 1800 40 1.200000 1.250000 1.500000 600 43 0.900000 0.073000 0.072000 1.200000 0.060000 0.072000
1495873854857514208	1400 47 1.200000 0.108000 0.137000 1800 40 1.100000 1.083000 1.297000 600 43 0.900000 0.073000 0.072000 1.200000 0.089000 0.108000
1495873855366791968	1400 47 1.200000 0.105000 0.133000 1800 40 1.100000 1.081000 1.295000 600 43 0.900000 0.072000 0.071000 1.200000 0.091000 0.110000
1495873855876125811	1400 47 1.200000 0.104000 0.132000 1800 40 1.100000 1.074000 1.286000 600 43 0.900000 0.072000 0.071000 1.200000 0.091000 0.110000
1495873856385344196	1400 47 1.200000 0.104000 0.132000 1800 40 1.100000 1.078000 1.291000 600 42 0.900000 0.072000 0.071000 1.200000 0.087000 0.105000
1495873856894608998	1400 46 1.200000 0.104000 0.132000 1800 40 1.100000 1.086000 1.301000 600 43 0.900000 0.072000 0.071000 1.200000 0.090000 0.109000
1495873857403851175	1400 47 1.200000 0.108000 0.137000 1800 40 1.100000 1.082000 1.296000 600 42 0.900000 0.072000 0.071000 1.200000 0.086000 0.104000
1495873857913145185	1400 47 1.200000 0.101000 0.128000 1800 40 1.100000 1.075000 1.287000 600 42 0.900000 0.072000 0.071000 1.200000 0.090000 0.109000
1495873858422386153	1400 47 1.200000 0.102000 0.129000 1800 40 1.100000 1.089000 1.304000 600 42 0.900000 0.072000 0.071000 1.200000 0.090000 0.109000
1495873858931741621	1400 47 1.200000 0.100000 0.127000 1800 40 1.200000 1.079000 1.294000 600 42 0.900000 0.072000 0.071000 1.200000 0.088000 0.107000
1495873859441066506	1400 47 1.200000 0.101000 0.128000 1800 40 1.100000 1.085000 1.299000 600 42 0.900000 0.072000 0.071000 1.200000 0.091000 0.110000
1495873859950317683	1400 47 1.200000 0.101000 0.128000 1800 40 1.100000 1.093000 1.309000 600 42 0.900000 0.072000 0.071000 1.200000 0.091000 0.110000
1495873860460179150	1400 46 1.200000 0.106000 0.134000 1800 40 1.100000 1.071000 1.283000 600 42 0.900000 0.072000 0.071000 1.200000 0.090000 0.109000
1495873860969625119	1400 47 1.200000 0.109000 0.138000 1800 40 1.100000 1.082000 1.296000 600 42 0.900000 0.072000 0.071000 1.200000 0.087000 0.105000
1495873861478875087	1400 47 1.200000 0.106000 0.134000 1800 40 1.100000 1.080000 1.293000 600 42 0.900000 0.072000 0.071000 1.200000 0.086000 0.104000
1495873861988171764	1400 47 1.200000 0.101000 0.128000 1800 40 1.100000 1.077000 1.290000 600 43 0.900000 0.073000 0.072000 1.200000 0.091000 0.110000
1495873862497445232	1400 47 1.200000 0.102000 0.129000 1800 40 1.100000 1.090000 1.305000 600 42 0.900000 0.072000 0.071000 1.200000 0.090000 0.109000
1495873863006789325	1400 47 1.200000 0.104000 0.132000 1800 40 1.100000 1.077000 1.290000 600 42 0.900000 0.072000 0.071000 1.200000 0.091000 0.110000
1495873863516246960	1400 47 1.200000 0.106000 0.134000 1800 40 1.100000 1.100000 1.317000 600 42 0.900000 0.072000 0.071000 1.200000 0.091000 0.110000
1495873864025558761	1400 46 1.200000 0.108000 0.137000 1800 40 1.100000 1.098000 1.315000 600 43 0.900000 0.073000 0.072000 1.200000 0.091000 0.110000
1495873864534999355	1400 46 1.200000 0.106000 0.134000 1800 40 1.100000 1.082000 1.296000 600 42 0.900000 0.072000 0.071000 1.200000 0.090000 0.109000
1495873865044273448	1400 47 1.200000 0.104000 0.132000 1800 40 1.100000 1.083000 1.297000 600 42 0.900000 0.072000 0.071000 1.200000 0.087000 0.105000
1495873865553462416	1400 48 1.200000 0.103000 0.131000 1800 40 1.100000 1.073000 1.285000 600 42 0.900000 0.072000 0.071000 1.200000 0.089000 0.108000
1495873866062671426	1400 50 1.200000 0.101000 0.128000 1800 41 1.200000 1.352000 1.622000 600 43 0.900000 0.073000 0.072000 1.200000 0.045000 0.054000
1495873866571893311	1400 50 1.200000 0.099000 0.126000 1800 41 1.200000 1.344000 1.612000 600 43 0.900000 0.073000 0.072000 1.200000 0.044000 0.053000
1495873867081086822	1400 50 1.200000 0.100000 0.127000 1800 41 1.200000 1.336000 1.603000 600 43 0.900000 0.073000 0.072000 1.200000 0.045000 0.054000
1495873867590257498	1400 51 1.200000 0.100000 0.127000 1800 41 1.200000 1.342000 1.610000 600 43 0.900000 0.073000 0.072000 1.200000 0.044000 0.053000
1495873868099729925	1400 51 1.200000 0.104000 0.132000 1800 41 1.200000 1.342000 1.610000 600 43 0.900000 0.073000 0.072000 1.200000 0.051000 0.061000
1495873868609355101	1400 45 1.200000 0.109000 0.138000 1800 40 1.200000 1.393000 1.671000 600 43 0.900000 0.073000 0.072000 1.200000 0.058000 0.070000
1495873869119410235	1400 48 1.200000 0.179000 0.225000 1800 40 1.100000 0.938000 1.122000 600 43 0.900000 0.073000 0.072000 1.200000 0.037000 0.044000
1495873869629247786	1400 48 1.200000 0.107000 0.136000 1800 40 1.100000 1.155000 1.383000 600 42 0.900000 0.073000 0.072000 1.200000 0.012000 0.014000
1495873870138906670	1400 48 1.200000 0.111000 0.141000 1800 40 1.100000 1.161000 1.390000 600 42 0.900000 0.073000 0.072000 1.200000 0.015000 0.018000
1495873870648104680	1400 46 1.200000 0.108000 0.137000 1800 40 1.200000 1.166000 1.399000 600 42 0.900000 0.073000 0.072000 1.200000 0.020000 0.024000
1495873871157210440	1400 46 1.200000 0.098000 0.124000 1800 40 1.100000 0.975000 1.168000 600 42 0.900000 0.072000 0.071000 1.200000 0.016000 0.019000
1495873871666446409	1400 45 1.200000 0.096000 0.122000 1800 39 1.100000 0.974000 1.166000 600 42 0.900000 0.072000 0.071000 1.200000 0.015000 0.018000
1495873872175572044	1400 45 1.200000 0.096000 0.122000 1800 39 1.100000 0.975000 1.168000 600 42 0.900000 0.072000 0.071000 1.200000 0.014000 0.016000
1495873872684884471	1400 45 1.200000 0.098000 0.124000 1800 39 1.100000 0.973000 1.165000 600 42 0.900000 0.072000 0.071000 1.200000 0.014000 0.016000
1495873873194056772	1400 45 1.200000 0.097000 0.123000 1800 39 1.100000 0.972000 1.164000 600 42 0.900000 0.072000 0.071000 1.200000 0.015000 0.018000
1495873873703272366	1400 45 1.200000 0.096000 0.122000 1800 39 1.100000 0.972000 1.164000 600 42 0.900000 0.072000 0.071000 1.200000 0.014000 0.016000
1495873874212593001	1400 45 1.200000 0.102000 0.129000 1800 39 1.100000 0.972000 1.164000 600 42 0.900000 0.072000 0.071000 1.200000 0.014000 0.016000
1495873874721878011	1400 45 1.200000 0.099000 0.125000 1800 39 1.100000 0.972000 1.164000 600 41 0.900000 0.072000 0.071000 1.200000 0.014000 0.016000
1495873875231267312	1400 45 1.200000 0.097000 0.123000 1800 39 1.100000 0.973000 1.165000 600 42 0.900000 0.072000 0.071000 1.200000 0.016000 0.019000
1495873875740421447	1400 45 1.200000 0.101000 0.128000 1800 39 1.100000 0.973000 1.165000 600 41 0.900000 0.072000 0.071000 1.200000 0.015000 0.018000
1495873876249600624	1400 45 1.200000 0.103000 0.131000 1800 39 1.100000 0.973000 1.165000 600 41 0.900000 0.072000 0.071000 1.200000 0.014000 0.016000
1495873876758757718	1400 45 1.200000 0.104000 0.132000 1800 39 1.100000 0.973000 1.165000 600 41 0.900000 0.072000 0.071000 1.200000 0.015000 0.018000
1495873877267992186	1400 45 1.200000 0.100000 0.127000 1800 39 1.100000 0.972000 1.164000 600 41 0.900000 0.072000 0.071000 1.200000 0.015000 0.018000
1495873877777215738	1400 45 1.200000 0.099000 0.125000 1800 39 1.100000 0.972000 1.164000 600 41 0.900000 0.072000 0.071000 1.200000 0.016000 0.019000
1495873878286366248	1400 50 1.200000 0.099000 0.125000 1800 40 1.100000 1.047000 1.254000 600 42 0.900000 0.072000 0.071000 1.200000 0.034000 0.041000
1495873878795608341	1400 47 1.200000 0.101000 0.128000 1800 40 1.200000 1.374000 1.648000 600 42 0.900000 0.072000 0.071000 1.200000 0.033000 0.040000
1495873879305270517	1400 47 1.200000 0.104000 0.132000 1800 40 1.100000 1.135000 1.359000 600 42 0.900000 0.072000 0.071000 1.200000 0.036000 0.043000
1495873879814449278	1400 50 1.200000 0.101000 0.128000 1800 40 1.100000 1.129000 1.352000 600 42 0.900000 0.072000 0.071000 1.200000 0.063000 0.076000
1495873880324035537	1400 51 1.200000 0.100000 0.127000 1800 40 1.200000 1.351000 1.621000 600 42 0.900000 0.072000 0.071000 1.200000 0.010000 0.012000
1495873880833117381	1400 51 1.200000 0.099000 0.126000 1800 41 1.200000 1.387000 1.664000 600 42 0.900000 0.072000 0.071000 1.200000 0.006000 0.007000
1495873881342245308	1400 51 1.200000 0.098000 0.124000 1800 41 1.200000 1.405000 1.686000 600 42 0.900000 0.073000 0.072000 1.200000 0.005000 0.006000
1495873881851392401	1400 51 1.200000 0.099000 0.126000 1800 41 1.200000 1.393000 1.671000 600 43 0.900000 0.073000 0.072000 1.200000 0.009000 0.010000
1495873882360762994	1400 51 1.200000 0.104000 0.132000 1800 41 1.200000 1.390000 1.668000 600 43 0.900000 0.073000 0.072000 1.200000 0.008000 0.009000
1495873882870064337	1400 52 1.200000 0.106000 0.134000 1800 41 1.200000 1.406000 1.687000 600 43 0.900000 0.073000 0.072000 1.200000 0.005000 0.006000
1495873883379113556	1400 51 1.200000 0.106000 0.134000 1800 41 1.200000 1.409000 1.690000 600 43 0.900000 0.073000 0.072000 1.200000 0.004000 0.004000
1495873883888148525	1400 52 1.200000 0.104000 0.132000 1800 41 1.200000 1.407000 1.688000 600 43 0.900000 0.073000 0.072000 1.200000 0.005000 0.006000
1495873884397211827	1400 52 1.200000 0.098000 0.124000 1800 41 1.200000 1.406000 1.687000 600 43 0.900000 0.073000 0.072000 1.200000 0.004000 0.004000
1495873884906344379	1400 52 1.200000 0.099000 0.126000 1800 41 1.200000 1.405000 1.686000 600 43 0.900000 0.073000 0.072000 1.200000 0.004000 0.004000
1495873885415393889	1400 52 1.200000 0.102000 0.129000 1800 41 1.200000 1.395000 1.674000 600 43 0.900000 0.074000 0.073000 1.200000 0.005000 0.006000
1495873885924551566	1400 52 1.200000 0.106000 0.134000 1800 41 1.200000 1.411000 1.693000 600 43 0.900000 0.073000 0.072000 1.200000 0.006000 0.007000
1495873886433567743	1400 52 1.200000 0.106000 0.134000 1800 41 1.200000 1.411000 1.694000 600 43 0.900000 0.074000 0.073000 1.200000 0.005000 0.006000
1495873886942621670	1400 52 1.200000 0.106000 0.134000 1800 41 1.200000 1.403000 1.683000 600 43 0.900000 0.074000 0.073000 1.200000 0.003000 0.003000
1495873887451694055	1400 52 1.200000 0.104000 0.132000 1800 41 1.200000 1.402000 1.682000 600 43 0.900000 0.073000 0.072000 1.200000 0.006000 0.007000
1495873887961029190	1400 52 1.200000 0.103000 0.131000 1800 41 1.200000 1.409000 1.690000 600 43 0.900000 0.074000 0.073000 1.200000 0.003000 0.003000
1495873888470137700	1400 52 1.200000 0.101000 0.128000 1800 41 1.200000 1.407000 1.688000 600 43 0.900000 0.074000 0.073000 1.200000 0.004000 0.004000
1495873888979230002	1400 52 1.200000 0.099000 0.126000 1800 41 1.200000 1.406000 1.687000 600 43 0.900000 0.074000 0.073000 1.200000 0.003000 0.003000
1495873889488219137	1400 52 1.200000 0.101000 0.128000 1800 41 1.200000 1.408000 1.689000 600 43 0.900000 0.074000 0.073000 1.200000 0.003000 0.003000
1495873889997358314	1400 52 1.200000 0.106000 0.134000 1800 41 1.200000 1.412000 1.695000 600 43 0.900000 0.074000 0.073000 1.200000 0.006000 0.007000
1495873890506472366	1400 52 1.200000 0.106000 0.134000 1800 41 1.200000 1.395000 1.674000 600 43 0.900000 0.073000 0.072000 1.200000 0.008000 0.009000
1495873891015603251	1400 52 1.200000 0.104000 0.132000 1800 41 1.200000 1.408000 1.689000 600 43 0.900000 0.074000 0.073000 1.200000 0.003000 0.003000
1495873891524828720	1400 52 1.200000 0.101000 0.128000 1800 42 1.200000 1.411000 1.693000 600 43 0.900000 0.074000 0.073000 1.200000 0.003000 0.003000
1495873892033941355	1400 52 1.200000 0.101000 0.128000 1800 41 1.200000 1.394000 1.672000 600 43 0.900000 0.074000 0.073000 1.200000 0.005000 0.006000
1495873892543066948	1400 51 1.200000 0.105000 0.133000 1800 41 1.200000 1.300000 1.560000 600 43 0.900000 0.074000 0.073000 1.200000 0.011000 0.013000
1495873893052151000	1400 51 1.200000 0.102000 0.129000 1800 41 1.100000 1.224000 1.466000 600 43 0.900000 0.074000 0.073000 1.200000 0.038000 0.046000
1495873893561341302	1400 50 1.200000 0.101000 0.128000 1800 41 1.200000 1.258000 1.509000 600 43 0.900000 0.074000 0.073000 1.200000 0.032000 0.038000
1495873894070454979	1400 50 1.200000 0.099000 0.126000 1800 41 1.200000 1.296000 1.555000 600 43 0.900000 0.074000 0.073000 1.200000 0.040000 0.048000
1495873894579708822	1400 50 1.200000 0.100000 0.127000 1800 41 1.200000 1.304000 1.564000 600 43 0.900000 0.074000 0.073000 1.200000 0.035000 0.042000
1495873895089714498	1400 48 1.200000 0.148000 0.187000 1800 40 1.100000 1.116000 1.336000 600 43 0.900000 0.073000 0.072000 1.200000 0.036000 0.043000
1495873895599518049	1400 48 1.200000 0.105000 0.133000 1800 41 1.100000 1.156000 1.384000 600 43 0.900000 0.073000 0.072000 1.200000 0.012000 0.014000
1495873896109550391	1400 48 1.200000 0.102000 0.129000 1800 40 1.100000 1.163000 1.393000 600 43 0.900000 0.073000 0.072000 1.200000 0.011000 0.013000
1495873896618913443	1400 50 1.200000 0.112000 0.142000 1800 40 1.100000 1.154000 1.382000 600 43 0.900000 0.073000 0.072000 1.200000 0.010000 0.012000
1495873897128487827	1400 50 1.200000 0.104000 0.132000 1800 41 1.200000 1.423000 1.707000 600 43 0.900000 0.073000 0.072000 1.200000 0.068000 0.082000
1495873897637807795	1400 50 1.200000 0.107000 0.136000 1800 41 1.200000 1.409000 1.692000 600 44 0.900000 0.073000 0.072000 1.200000 0.150000 0.183000
1495873898147149055	1400 51 1.200000 0.109000 0.138000 1800 42 1.200000 1.410000 1.692000 600 44 0.900000 0.073000 0.072000 1.200000 0.150000 0.183000
1495873898656578565	1400 51 1.200000 0.113000 0.143000 1800 42 1.200000 1.409000 1.690000 600 44 0.900000 0.074000 0.073000 1.200000 0.150000 0.183000
1495873899166000283	1400 51 1.200000 0.115000 0.146000 1800 42 1.200000 1.409000 1.690000 600 44 0.900000 0.074000 0.073000 1.200000 0.150000 0.183000
1495873899675438876	1400 51 1.200000 0.114000 0.145000 1800 42 1.200000 1.411000 1.693000 600 45 0.900000 0.074000 0.073000 1.200000 0.150000 0.183000
1495873900184770220	1400 51 1.200000 0.113000 0.143000 1800 42 1.200000 1.408000 1.691000 600 45 0.900000 0.074000 0.073000 1.200000 0.150000 0.183000
1495873900694083605	1400 51 1.200000 0.111000 0.141000 1800 42 1.200000 1.410000 1.692000 600 45 0.900000 0.074000 0.073000 1.200000 0.150000 0.183000
1495873901203399031	1400 51 1.200000 0.111000 0.141000 1800 42 1.200000 1.408000 1.689000 600 45 0.900000 0.074000 0.073000 1.200000 0.150000 0.183000
1495873901712960166	1400 51 1.200000 0.111000 0.141000 1800 43 1.200000 1.410000 1.692000 600 45 0.900000 0.074000 0.073000 1.200000 0.150000 0.183000
1495873902222261176	1400 51 1.200000 0.109000 0.138000 1800 42 1.200000 1.409000 1.690000 600 45 0.900000 0.075000 0.074000 1.200000 0.150000 0.183000
1495873902731558186	1400 52 1.200000 0.109000 0.138000 1800 43 1.200000 1.410000 1.693000 600 45 0.900000 0.075000 0.074000 1.200000 0.150000 0.183000
1495873903240957362	1400 52 1.200000 0.109000 0.138000 1800 43 1.200000 1.410000 1.693000 600 45 0.900000 0.075000 0.074000 1.200000 0.150000 0.183000
1495873903750167164	1400 52 1.200000 0.109000 0.138000 1800 43 1.200000 1.410000 1.692000 600 45 0.900000 0.075000 0.074000 1.200000 0.150000 0.183000
1495873904259524924	1400 52 1.200000 0.111000 0.141000 1800 43 1.200000 1.406000 1.687000 600 45 0.900000 0.074000 0.073000 1.200000 0.150000 0.183000
1495873904768871059	1400 52 1.200000 0.112000 0.142000 1800 43 1.200000 1.409000 1.690000 600 45 0.900000 0.075000 0.074000 1.200000 0.151000 0.184000
1495873905278147527	1400 52 1.200000 0.114000 0.145000 1800 43 1.200000 1.408000 1.689000 600 45 0.900000 0.075000 0.074000 1.200000 0.150000 0.183000
1495873905787574912	1400 52 1.200000 0.117000 0.148000 1800 43 1.200000 1.408000 1.689000 600 45 0.900000 0.075000 0.074000 1.200000 0.150000 0.183000
1495873906296936630	1400 52 1.200000 0.110000 0.140000 1800 43 1.200000 1.409000 1.690000 600 45 0.900000 0.075000 0.074000 1.200000 0.149000 0.181000
1495873906806333765	1400 52 1.200000 0.109000 0.138000 1800 43 1.200000 1.406000 1.688000 600 45 0.900000 0.075000 0.074000 1.200000 0.149000 0.181000
1495873907315644816	1400 52 1.200000 0.109000 0.138000 1800 43 1.200000 1.408000 1.689000 600 45 0.900000 0.075000 0.074000 1.200000 0.150000 0.183000
1495873907825020618	1400 52 1.200000 0.112000 0.142000 1800 43 1.200000 1.406000 1.687000 600 45 0.900000 0.075000 0.074000 1.200000 0.150000 0.183000
1495873908334326211	1400 52 1.200000 0.116000 0.147000 1800 43 1.200000 1.406000 1.687000 600 46 0.900000 0.075000 0.074000 1.200000 0.150000 0.183000
1495873908843543096	1400 52 1.200000 0.116000 0.147000 1800 43 1.200000 1.407000 1.688000 600 46 0.900000 0.075000 0.074000 1.200000 0.150000 0.183000
1495873909352852773	1400 52 1.200000 0.114000 0.145000 1800 43 1.200000 1.406000 1.687000 600 45 0.900000 0.075000 0.074000 1.200000 0.149000 0.181000
1495873909862198033	1400 52 1.200000 0.114000 0.145000 1800 43 1.200000 1.405000 1.686000 600 45 0.900000 0.075000 0.074000 1.200000 0.149000 0.181000
1495873910371505418	1400 52 1.200000 0.111000 0.141000 1800 43 1.200000 1.406000 1.687000 600 45 0.900000 0.075000 0.074000 1.200000 0.149000 0.181000
1495873910880931219	1400 52 1.200000 0.110000 0.140000 1800 43 1.200000 1.405000 1.686000 600 46 0.900000 0.075000 0.074000 1.200000 0.149000 0.181000
1495873911390197187	1400 52 1.200000 0.109000 0.138000 1800 43 1.200000 1.406000 1.687000 600 46 0.900000 0.075000 0.074000 1.200000 0.149000 0.181000
1495873911899961488	1400 52 1.200000 0.116000 0.147000 1800 43 1.200000 1.406000 1.687000 600 46 0.900000 0.075000 0.074000 1.200000 0.150000 0.183000
1495873912409926581	1400 50 1.200000 0.167000 0.211000 1800 42 1.100000 0.955000 1.144000 600 45 0.900000 0.075000 0.074000 1.200000 0.043000 0.052000
1495873912919714007	1400 50 1.200000 0.110000 0.139000 1800 42 1.100000 1.161000 1.390000 600 44 0.900000 0.075000 0.074000 1.200000 0.011000 0.013000
1495873913429527891	1400 50 1.200000 0.108000 0.137000 1800 42 1.100000 1.165000 1.395000 600 44 0.900000 0.074000 0.073000 1.200000 0.011000 0.013000
1495873913939054151	1400 49 1.200000 0.109000 0.138000 1800 42 1.200000 1.186000 1.423000 600 44 0.900000 0.074000 0.073000 1.200000 0.014000 0.016000
1495873914448134119	1400 51 1.200000 0.106000 0.134000 1800 42 1.100000 1.177000 1.410000 600 44 0.900000 0.074000 0.073000 1.200000 0.084000 0.102000
1495873914957355754	1400 51 1.200000 0.109000 0.138000 1800 42 1.200000 1.385000 1.662000 600 44 0.900000 0.074000 0.073000 1.200000 0.021000 0.025000
1495873915466733473	1400 51 1.200000 0.101000 0.128000 1800 42 1.200000 1.392000 1.670000 600 44 0.900000 0.074000 0.073000 1.200000 0.018000 0.021000
1495873915975965233	1400 51 1.200000 0.101000 0.128000 1800 42 1.200000 1.393000 1.671000 600 44 0.900000 0.074000 0.073000 1.200000 0.018000 0.021000
1495873916485159409	1400 51 1.200000 0.099000 0.126000 1800 42 1.200000 1.395000 1.674000 600 44 0.900000 0.074000 0.073000 1.200000 0.018000 0.021000
1495873916994297419	1400 51 1.200000 0.099000 0.126000 1800 42 1.200000 1.395000 1.674000 600 44 0.900000 0.074000 0.073000 1.200000 0.018000 0.021000
1495873917503310180	1400 51 1.200000 0.101000 0.128000 1800 42 1.200000 1.390000 1.668000 600 44 0.900000 0.074000 0.073000 1.200000 0.017000 0.020000
1495873918012517023	1400 51 1.200000 0.100000 0.127000 1800 42 1.200000 1.387000 1.664000 600 44 0.900000 0.074000 0.073000 1.200000 0.020000 0.024000
1495873918521682367	1400 51 1.200000 0.100000 0.127000 1800 42 1.200000 1.383000 1.659000 600 44 0.900000 0.074000 0.073000 1.200000 0.019000 0.023000
1495873919031211168	1400 51 1.200000 0.106000 0.134000 1800 42 1.200000 1.392000 1.670000 600 44 0.900000 0.074000 0.073000 1.200000 0.018000 0.021000
1495873919540349512	1400 51 1.200000 0.102000 0.129000 1800 42 1.200000 1.395000 1.674000 600 44 0.900000 0.074000 0.073000 1.200000 0.019000 0.023000
1495873920049567022	1400 51 1.200000 0.101000 0.128000 1800 42 1.200000 1.395000 1.674000 600 44 0.900000 0.074000 0.073000 1.200000 0.018000 0.021000
1495873920558694365	1400 51 1.200000 0.104000 0.132000 1800 42 1.200000 1.394000 1.672000 600 44 0.900000 0.074000 0.073000 1.200000 0.016000 0.019000
1495873921067862167	1400 51 1.200000 0.106000 0.134000 1800 42 1.200000 1.393000 1.671000 600 44 0.900000 0.074000 0.073000 1.200000 0.016000 0.019000
1495873921577002635	1400 51 1.200000 0.109000 0.138000 1800 42 1.200000 1.384000 1.660000 600 44 0.900000 0.074000 0.073000 1.200000 0.021000 0.025000
1495873922086556062	1400 51 1.200000 0.106000 0.134000 1800 42 1.200000 1.387000 1.664000 600 44 0.900000 0.074000 0.073000 1.200000 0.021000 0.025000
1495873922595759613	1400 51 1.200000 0.104000 0.132000 1800 42 1.100000 1.171000 1.402000 600 44 0.900000 0.074000 0.073000 1.200000 0.069000 0.083000
1495873923105028582	1400 51 1.200000 0.102000 0.129000 1800 42 1.200000 1.382000 1.658000 600 44 0.900000 0.074000 0.073000 1.200000 0.019000 0.023000
1495873923614172384	1400 51 1.200000 0.104000 0.132000 1800 42 1.200000 1.391000 1.669000 600 44 0.900000 0.074000 0.073000 1.200000 0.016000 0.019000
1495873924123374935	1400 51 1.200000 0.100000 0.127000 1800 42 1.200000 1.391000 1.669000 600 44 0.900000 0.074000 0.073000 1.200000 0.017000 0.020000
1495873924632668070	1400 51 1.200000 0.101000 0.128000 1800 42 1.200000 1.393000 1.671000 600 44 0.900000 0.074000 0.073000 1.200000 0.017000 0.020000
1495873925141886914	1400 51 1.200000 0.101000 0.128000 1800 42 1.200000 1.394000 1.674000 600 44 0.900000 0.074000 0.073000 1.200000 0.017000 0.020000
1495873925651178507	1400 51 1.200000 0.099000 0.126000 1800 42 1.200000 1.387000 1.664000 600 44 0.900000 0.074000 0.073000 1.200000 0.018000 0.021000
1495873926160314309	1400 51 1.200000 0.100000 0.127000 1800 42 1.200000 1.384000 1.660000 600 44 0.900000 0.074000 0.073000 1.200000 0.019000 0.023000
1495873926669516236	1400 51 1.200000 0.103000 0.131000 1800 42 1.200000 1.384000 1.660000 600 44 0.900000 0.074000 0.073000 1.200000 0.022000 0.026000
1495873927178653496	1400 51 1.200000 0.103000 0.131000 1800 42 1.200000 1.393000 1.671000 600 44 0.900000 0.074000 0.073000 1.200000 0.018000 0.021000
1495873927687970797	1400 51 1.200000 0.107000 0.136000 1800 42 1.200000 1.393000 1.671000 600 44 0.900000 0.074000 0.073000 1.200000 0.017000 0.020000
1495873928197071724	1400 51 1.200000 0.108000 0.137000 1800 42 1.200000 1.395000 1.674000 600 44 0.900000 0.074000 0.073000 1.200000 0.017000 0.020000
1495873928706323026	1400 51 1.200000 0.102000 0.129000 1800 42 1.200000 1.395000 1.674000 600 44 0.900000 0.074000 0.073000 1.200000 0.016000 0.019000
1495873929215445161	1400 51 1.200000 0.100000 0.127000 1800 42 1.200000 1.395000 1.674000 600 44 0.900000 0.074000 0.073000 1.200000 0.016000 0.019000
1495873929724821796	1400 51 1.200000 0.100000 0.127000 1800 42 1.200000 1.383000 1.659000 600 44 0.900000 0.074000 0.073000 1.200000 0.021000 0.025000
1495873930234028306	1400 51 1.200000 0.105000 0.133000 1800 42 1.200000 1.388000 1.665000 600 44 0.900000 0.074000 0.073000 1.200000 0.021000 0.025000
1495873930743209233	1400 51 1.200000 0.107000 0.136000 1800 42 1.200000 1.176000 1.411000 600 44 0.900000 0.074000 0.073000 1.200000 0.065000 0.079000
1495873931252325368	1400 51 1.200000 0.107000 0.136000 1800 42 1.200000 1.382000 1.659000 600 44 0.900000 0.074000 0.073000 1.200000 0.020000 0.024000
1495873931761570878	1400 51 1.200000 0.106000 0.134000 1800 42 1.200000 1.391000 1.669000 600 44 0.900000 0.074000 0.073000 1.200000 0.016000 0.019000
1495873932270635472	1400 51 1.200000 0.105000 0.133000 1800 42 1.200000 1.392000 1.670000 600 44 0.900000 0.074000 0.073000 1.200000 0.017000 0.020000
1495873932779873565	1400 51 1.200000 0.102000 0.129000 1800 42 1.200000 1.394000 1.672000 600 44 0.900000 0.074000 0.073000 1.200000 0.016000 0.019000
1495873933289067867	1400 51 1.200000 0.100000 0.127000 1800 42 1.200000 1.393000 1.672000 600 44 0.900000 0.074000 0.073000 1.200000 0.015000 0.018000
1495873933798180752	1400 51 1.200000 0.104000 0.132000 1800 42 1.200000 1.391000 1.669000 600 44 0.900000 0.074000 0.073000 1.200000 0.018000 0.021000
1495873934307529637	1400 51 1.200000 0.107000 0.136000 1800 42 1.200000 1.385000 1.662000 600 44 0.900000 0.074000 0.073000 1.200000 0.021000 0.025000
1495873934816888730	1400 51 1.200000 0.107000 0.136000 1800 42 1.200000 1.383000 1.659000 600 44 0.900000 0.074000 0.073000 1.200000 0.019000 0.023000
1495873935326119074	1400 51 1.200000 0.106000 0.134000 1800 42 1.200000 1.393000 1.671000 600 44 0.900000 0.074000 0.073000 1.200000 0.019000 0.023000
1495873935835281000	1400 51 1.200000 0.104000 0.132000 1800 42 1.200000 1.391000 1.669000 600 44 0.900000 0.074000 0.073000 1.200000 0.017000 0.020000
1495873936344452177	1400 52 1.200000 0.102000 0.129000 1800 42 1.200000 1.396000 1.676000 600 44 0.900000 0.074000 0.073000 1.200000 0.016000 0.019000
1495873936853547187	1400 51 1.200000 0.101000 0.128000 1800 42 1.200000 1.394000 1.674000 600 44 0.900000 0.074000 0.073000 1.200000 0.016000 0.019000
1495873937362680198	1400 51 1.200000 0.100000 0.127000 1800 42 1.200000 1.393000 1.671000 600 44 0.900000 0.074000 0.073000 1.200000 0.016000 0.019000
1495873937871984333	1400 51 1.200000 0.102000 0.129000 1800 42 1.200000 1.383000 1.659000 600 44 0.900000 0.074000 0.073000 1.200000 0.021000 0.025000
1495873938381427051	1400 50 1.200000 0.101000 0.128000 1800 42 1.200000 1.387000 1.664000 600 44 0.900000 0.074000 0.073000 1.200000 0.022000 0.026000
1495873938890695144	1400 51 1.200000 0.102000 0.129000 1800 42 1.200000 1.186000 1.423000 600 44 0.900000 0.074000 0.073000 1.200000 0.071000 0.086000
1495873939399904571	1400 51 1.200000 0.099000 0.126000 1800 42 1.200000 1.383000 1.659000 600 44 0.900000 0.074000 0.073000 1.200000 0.019000 0.023000
1495873939909074498	1400 51 1.200000 0.101000 0.128000 1800 42 1.200000 1.393000 1.671000 600 44 0.900000 0.074000 0.073000 1.200000 0.017000 0.020000
1495873940418186758	1400 51 1.200000 0.102000 0.129000 1800 42 1.200000 1.394000 1.674000 600 44 0.900000 0.074000 0.073000 1.200000 0.017000 0.020000
1495873940927417434	1400 51 1.200000 0.106000 0.134000 1800 42 1.200000 1.393000 1.671000 600 44 0.900000 0.074000 0.073000 1.200000 0.017000 0.020000
1495873941436654944	1400 51 1.200000 0.099000 0.126000 1800 42 1.200000 1.394000 1.674000 600 44 0.900000 0.074000 0.073000 1.200000 0.018000 0.021000
1495873941945956371	1400 51 1.200000 0.107000 0.136000 1800 42 1.200000 1.393000 1.671000 600 44 0.900000 0.074000 0.073000 1.200000 0.018000 0.021000
1495873942455099256	1400 51 1.200000 0.103000 0.131000 1800 42 1.200000 1.384000 1.662000 600 44 0.900000 0.074000 0.073000 1.200000 0.021000 0.025000
1495873942964245891	1400 52 1.200000 0.101000 0.128000 1800 42 1.200000 1.383000 1.659000 600 44 0.900000 0.074000 0.073000 1.200000 0.021000 0.025000
1495873943473347860	1400 51 1.200000 0.104000 0.132000 1800 42 1.200000 1.393000 1.672000 600 44 0.900000 0.074000 0.073000 1.200000 0.017000 0.020000
1495873943982542328	1400 51 1.200000 0.105000 0.133000 1800 42 1.200000 1.393000 1.672000 600 44 0.900000 0.074000 0.073000 1.200000 0.017000 0.020000
1495873944491766588	1400 51 1.200000 0.106000 0.134000 1800 42 1.200000 1.395000 1.674000 600 44 0.900000 0.074000 0.073000 1.200000 0.015000 0.018000
1495873945001185348	1400 51 1.200000 0.108000 0.137000 1800 42 1.200000 1.394000 1.674000 600 44 0.900000 0.074000 0.073000 1.200000 0.017000 0.020000
1495873945510272275	1400 51 1.200000 0.106000 0.134000 1800 42 1.200000 1.394000 1.674000 600 44 0.900000 0.074000 0.073000 1.200000 0.015000 0.018000
1495873946019435035	1400 51 1.200000 0.101000 0.128000 1800 42 1.200000 1.384000 1.662000 600 44 0.900000 0.074000 0.073000 1.200000 0.021000 0.025000
1495873946528697754	1400 49 1.200000 0.101000 0.128000 1800 42 1.200000 1.385000 1.663000 600 44 0.900000 0.074000 0.073000 1.200000 0.021000 0.025000
1495873947038504096	1400 49 1.200000 0.181000 0.228000 1800 41 1.100000 0.990000 1.186000 600 44 0.900000 0.074000 0.073000 1.200000 0.066000 0.080000
1495873947548266731	1400 49 1.200000 0.107000 0.136000 1800 41 1.200000 1.162000 1.394000 600 44 0.900000 0.074000 0.073000 1.200000 0.013000 0.015000
1495873948057986740	1400 49 1.200000 0.111000 0.141000 1800 41 1.200000 1.164000 1.396000 600 44 0.900000 0.074000 0.073000 1.200000 0.012000 0.014000
1495873948567402125	1400 48 1.200000 0.111000 0.141000 1800 41 1.200000 1.172000 1.406000 600 44 0.900000 0.074000 0.073000 1.200000 0.011000 0.013000
1495873949077287717	1400 49 1.200000 0.103000 0.131000 1800 41 1.200000 1.128000 1.353000 600 43 0.900000 0.074000 0.073000 1.200000 0.028000 0.034000
1495873949586686644	1400 49 1.200000 0.104000 0.132000 1800 41 1.200000 1.156000 1.387000 600 43 0.900000 0.074000 0.073000 1.200000 0.067000 0.081000
1495873950095971529	1400 50 1.200000 0.103000 0.131000 1800 41 1.200000 1.230000 1.476000 600 43 0.900000 0.074000 0.073000 1.200000 0.047000 0.057000
1495873950605092289	1400 51 1.200000 0.101000 0.128000 1800 42 1.200000 1.260000 1.512000 600 43 0.900000 0.074000 0.073000 1.200000 0.022000 0.026000
1495873951114313341	1400 50 1.200000 0.101000 0.128000 1800 41 1.200000 1.286000 1.543000 600 43 0.900000 0.074000 0.073000 1.200000 0.021000 0.025000
1495873951623373726	1400 51 1.200000 0.100000 0.127000 1800 41 1.200000 1.248000 1.497000 600 43 0.900000 0.074000 0.073000 1.200000 0.022000 0.026000
1495873952132532986	1400 50 1.200000 0.098000 0.124000 1800 41 1.200000 1.277000 1.532000 600 44 0.900000 0.074000 0.073000 1.200000 0.021000 0.025000
1495873952641713621	1400 52 1.200000 0.101000 0.128000 1800 42 1.200000 1.277000 1.532000 600 43 0.900000 0.074000 0.073000 1.200000 0.021000 0.025000
1495873953151029881	1400 50 1.200000 0.104000 0.132000 1800 42 1.200000 1.420000 1.705000 600 44 0.900000 0.074000 0.073000 1.200000 0.014000 0.016000
1495873953660308808	1400 49 1.200000 0.107000 0.136000 1800 41 1.200000 1.075000 1.290000 600 44 0.900000 0.074000 0.073000 1.200000 0.091000 0.111000
1495873954169469235	1400 50 1.200000 0.108000 0.137000 1800 41 1.200000 1.245000 1.494000 600 44 0.900000 0.074000 0.073000 1.200000 0.021000 0.025000
1495873954678720411	1400 51 1.200000 0.107000 0.136000 1800 41 1.200000 1.276000 1.531000 600 43 0.900000 0.074000 0.073000 1.200000 0.021000 0.025000
1495873955187975463	1400 51 1.200000 0.101000 0.128000 1800 41 1.200000 1.292000 1.550000 600 43 0.900000 0.074000 0.073000 1.200000 0.020000 0.024000
1495873955697356598	1400 51 1.200000 0.102000 0.129000 1800 41 1.200000 1.252000 1.502000 600 43 0.900000 0.074000 0.073000 1.200000 0.021000 0.025000
1495873956206669441	1400 50 1.200000 0.103000 0.131000 1800 42 1.200000 1.275000 1.530000 600 43 0.900000 0.074000 0.073000 1.200000 0.021000 0.025000
1495873956715965201	1400 52 1.200000 0.105000 0.133000 1800 41 1.200000 1.268000 1.521000 600 43 0.900000 0.074000 0.073000 1.200000 0.020000 0.024000
1495873957225244711	1400 53 1.200000 0.107000 0.136000 1800 42 1.200000 1.428000 1.715000 600 44 0.900000 0.074000 0.073000 1.200000 0.022000 0.026000
1495873957734534471	1400 48 1.200000 0.107000 0.136000 1800 41 1.200000 1.383000 1.660000 600 44 0.900000 0.074000 0.073000 1.200000 0.031000 0.037000
1495873958243659939	1400 50 1.200000 0.107000 0.136000 1800 41 1.200000 1.152000 1.382000 600 43 0.900000 0.074000 0.073000 1.200000 0.071000 0.086000
1495873958752843075	1400 51 1.200000 0.103000 0.131000 1800 42 1.200000 1.259000 1.510000 600 44 0.900000 0.074000 0.073000 1.200000 0.022000 0.026000
1495873959262023751	1400 51 1.200000 0.101000 0.128000 1800 42 1.200000 1.278000 1.533000 600 44 0.900000 0.074000 0.073000 1.200000 0.022000 0.026000
1495873959771367386	1400 50 1.200000 0.099000 0.126000 1800 41 1.200000 1.262000 1.515000 600 44 0.900000 0.074000 0.073000 1.200000 0.021000 0.025000
1495873960280496146	1400 51 1.200000 0.101000 0.128000 1800 41 1.200000 1.262000 1.514000 600 44 0.900000 0.074000 0.073000 1.200000 0.022000 0.026000
1495873960789902573	1400 51 1.200000 0.101000 0.128000 1800 41 1.200000 1.255000 1.506000 600 43 0.900000 0.074000 0.073000 1.200000 0.022000 0.026000
1495873961299064750	1400 53 1.200000 0.100000 0.127000 1800 42 1.200000 1.412000 1.695000 600 44 0.900000 0.074000 0.073000 1.200000 0.015000 0.018000
1495873961808167135	1400 50 1.200000 0.102000 0.129000 1800 41 1.200000 1.175000 1.410000 600 44 0.900000 0.074000 0.073000 1.200000 0.073000 0.088000
1495873962317387437	1400 51 1.200000 0.101000 0.128000 1800 41 1.200000 1.236000 1.483000 600 44 0.900000 0.074000 0.073000 1.200000 0.050000 0.060000
1495873962826766988	1400 51 1.200000 0.101000 0.128000 1800 41 1.200000 1.240000 1.488000 600 44 0.900000 0.074000 0.073000 1.200000 0.022000 0.026000
1495873963335924957	1400 51 1.200000 0.104000 0.132000 1800 42 1.200000 1.273000 1.527000 600 44 0.900000 0.074000 0.073000 1.200000 0.021000 0.025000
1495873963845013175	1400 50 1.200000 0.106000 0.134000 1800 41 1.200000 1.285000 1.542000 600 44 0.900000 0.074000 0.073000 1.200000 0.022000 0.026000
1495873964354087977	1400 51 1.200000 0.108000 0.137000 1800 41 1.200000 1.277000 1.532000 600 44 0.900000 0.074000 0.073000 1.200000 0.022000 0.026000
1495873964863313196	1400 51 1.200000 0.105000 0.133000 1800 42 1.200000 1.275000 1.530000 600 43 0.900000 0.074000 0.073000 1.200000 0.022000 0.026000
1495873965372470831	1400 52 1.200000 0.102000 0.129000 1800 42 1.200000 1.359000 1.632000 600 44 0.900000 0.074000 0.073000 1.200000 0.019000 0.023000
1495873965881856632	1400 48 1.200000 0.102000 0.129000 1800 41 1.200000 1.283000 1.539000 600 44 0.900000 0.074000 0.073000 1.200000 0.049000 0.059000
1495873966391057934	1400 50 1.200000 0.104000 0.132000 1800 41 1.200000 1.183000 1.419000 600 44 0.900000 0.074000 0.073000 1.200000 0.068000 0.082000
1495873966900268402	1400 51 1.200000 0.104000 0.132000 1800 42 1.200000 1.261000 1.513000 600 44 0.900000 0.074000 0.073000 1.200000 0.021000 0.025000
1495873967409395246	1400 51 1.200000 0.107000 0.136000 1800 42 1.200000 1.291000 1.550000 600 43 0.900000 0.074000 0.073000 1.200000 0.022000 0.026000
1495873967918532423	1400 50 1.200000 0.107000 0.136000 1800 41 1.200000 1.276000 1.531000 600 44 0.900000 0.074000 0.073000 1.200000 0.022000 0.026000
1495873968427669600	1400 51 1.200000 0.101000 0.128000 1800 41 1.200000 1.258000 1.509000 600 44 0.900000 0.074000 0.073000 1.200000 0.023000 0.027000
1495873968936856818	1400 50 1.200000 0.099000 0.126000 1800 42 1.200000 1.281000 1.537000 600 43 0.900000 0.074000 0.073000 1.200000 0.024000 0.029000
1495873969446032453	1400 52 1.200000 0.100000 0.127000 1800 42 1.200000 1.291000 1.549000 600 44 0.900000 0.074000 0.073000 1.200000 0.021000 0.025000
1495873969955542505	1400 47 1.200000 0.104000 0.132000 1800 41 1.200000 1.359000 1.632000 600 44 0.900000 0.074000 0.073000 1.200000 0.016000 0.019000
1495873970465412014	1400 49 1.200000 0.140000 0.177000 1800 41 1.200000 1.097000 1.316000 600 43 0.900000 0.074000 0.073000 1.200000 0.082000 0.099000
1495873970975508731	1400 49 1.200000 0.112000 0.142000 1800 41 1.200000 1.156000 1.387000 600 43 0.900000 0.074000 0.073000 1.200000 0.014000 0.016000
1495873971485355740	1400 49 1.200000 0.109000 0.138000 1800 41 1.200000 1.162000 1.394000 600 43 0.900000 0.074000 0.073000 1.200000 0.014000 0.016000
1495873971995286666	1400 49 1.200000 0.106000 0.134000 1800 41 1.200000 1.169000 1.402000 600 43 0.900000 0.074000 0.073000 1.200000 0.016000 0.019000
1495873972505271842	1400 49 1.200000 0.105000 0.133000 1800 41 1.200000 1.171000 1.405000 600 43 0.900000 0.074000 0.073000 1.200000 0.076000 0.092000
1495873973015313767	1400 49 1.200000 0.104000 0.132000 1800 41 1.200000 1.156000 1.387000 600 43 0.900000 0.074000 0.073000 1.200000 0.048000 0.058000
1495873973525923609	1400 46 1.200000 0.105000 0.133000 1800 41 1.200000 1.155000 1.386000 600 44 0.900000 0.074000 0.073000 1.200000 0.054000 0.065000
1495873974035130410	1400 52 1.200000 0.101000 0.128000 1800 42 1.200000 1.167000 1.400000 600 43 0.900000 0.074000 0.073000 1.200000 0.082000 0.100000
1495873974544074671	1400 53 1.200000 0.099000 0.126000 1800 42 1.200000 1.482000 1.779000 600 44 0.900000 0.074000 0.073000 1.200000 0.004000 0.004000
1495873975052931015	1400 53 1.200000 0.103000 0.131000 1800 42 1.200000 1.466000 1.760000 600 44 0.900000 0.074000 0.073000 1.200000 0.005000 0.006000
1495873975561881983	1400 52 1.200000 0.106000 0.134000 1800 42 1.200000 1.468000 1.763000 600 44 0.900000 0.074000 0.073000 1.200000 0.005000 0.006000
1495873976070786702	1400 53 1.200000 0.107000 0.136000 1800 42 1.200000 1.472000 1.767000 600 44 0.900000 0.074000 0.073000 1.200000 0.005000 0.006000
1495873976579845421	1400 53 1.200000 0.107000 0.136000 1800 42 1.200000 1.479000 1.776000 600 44 0.900000 0.074000 0.073000 1.200000 0.004000 0.004000
1495873977088730265	1400 53 1.200000 0.101000 0.128000 1800 42 1.200000 1.477000 1.773000 600 44 0.900000 0.074000 0.073000 1.200000 0.004000 0.004000
1495873977597811483	1400 53 1.200000 0.104000 0.132000 1800 42 1.200000 1.471000 1.766000 600 44 0.900000 0.074000 0.073000 1.200000 0.005000 0.006000
1495873978106868285	1400 53 1.200000 0.103000 0.131000 1800 42 1.200000 1.451000 1.742000 600 44 0.900000 0.074000 0.073000 1.200000 0.006000 0.007000
1495873978615977837	1400 53 1.200000 0.102000 0.129000 1800 42 1.200000 1.449000 1.740000 600 44 0.900000 0.074000 0.073000 1.200000 0.006000 0.007000
1495873979124975598	1400 53 1.200000 0.105000 0.133000 1800 42 1.200000 1.451000 1.742000 600 44 0.900000 0.074000 0.073000 1.200000 0.008000 0.009000
1495873979633907483	1400 53 1.200000 0.106000 0.134000 1800 42 1.200000 1.443000 1.733000 600 44 0.900000 0.074000 0.073000 1.200000 0.009000 0.010000
1495873980142906285	1400 53 1.200000 0.110000 0.140000 1800 42 1.200000 1.433000 1.721000 600 44 0.900000 0.075000 0.074000 1.200000 0.009000 0.010000
1495873980651894879	1400 53 1.200000 0.108000 0.137000 1800 42 1.200000 1.436000 1.724000 600 44 0.900000 0.074000 0.073000 1.200000 0.008000 0.009000
1495873981160967681	1400 53 1.200000 0.107000 0.136000 1800 42 1.200000 1.435000 1.723000 600 44 0.900000 0.075000 0.074000 1.200000 0.008000 0.009000
1495873981669968441	1400 53 1.200000 0.101000 0.128000 1800 42 1.200000 1.427000 1.713000 600 44 0.900000 0.075000 0.074000 1.200000 0.006000 0.007000
1495873982178894160	1400 53 1.200000 0.100000 0.127000 1800 42 1.200000 1.427000 1.713000 600 44 0.900000 0.074000 0.073000 1.200000 0.007000 0.008000
1495873982687994753	1400 53 1.200000 0.101000 0.128000 1800 42 1.200000 1.431000 1.718000 600 44 0.900000 0.075000 0.074000 1.200000 0.009000 0.010000
1495873983197180764	1400 53 1.200000 0.102000 0.129000 1800 42 1.200000 1.457000 1.749000 600 44 0.900000 0.074000 0.073000 1.200000 0.005000 0.006000
1495873983706287940	1400 53 1.200000 0.101000 0.128000 1800 42 1.200000 1.442000 1.731000 600 44 0.900000 0.074000 0.073000 1.200000 0.006000 0.007000
1495873984215257159	1400 53 1.200000 0.100000 0.127000 1800 42 1.200000 1.465000 1.759000 600 44 0.900000 0.074000 0.073000 1.200000 0.004000 0.004000
1495873984724743086	1400 53 1.200000 0.106000 0.134000 1800 42 1.200000 1.468000 1.763000 600 44 0.900000 0.075000 0.074000 1.200000 0.006000 0.007000
1495873985233890221	1400 53 1.200000 0.104000 0.132000 1800 42 1.200000 1.437000 1.725000 600 44 0.900000 0.075000 0.074000 1.200000 0.008000 0.009000
1495873985742949314	1400 53 1.200000 0.102000 0.129000 1800 43 1.200000 1.432000 1.719000 600 44 0.900000 0.075000 0.074000 1.200000 0.007000 0.008000
1495873986251942116	1400 53 1.200000 0.104000 0.132000 1800 42 1.200000 1.445000 1.735000 600 44 0.900000 0.075000 0.074000 1.200000 0.007000 0.008000
1495873986761012335	1400 53 1.200000 0.107000 0.136000 1800 42 1.200000 1.428000 1.715000 600 44 0.900000 0.075000 0.074000 1.200000 0.008000 0.009000
1495873987269962304	1400 53 1.200000 0.108000 0.137000 1800 42 1.200000 1.417000 1.701000 600 44 0.900000 0.075000 0.074000 1.200000 0.009000 0.010000
1495873987778885439	1400 53 1.200000 0.106000 0.134000 1800 42 1.200000 1.436000 1.724000 600 44 0.900000 0.075000 0.074000 1.200000 0.006000 0.007000
1495873988287885116	1400 53 1.200000 0.105000 0.133000 1800 42 1.200000 1.429000 1.716000 600 44 0.900000 0.075000 0.074000 1.200000 0.006000 0.007000
1495873988796966376	1400 53 1.200000 0.104000 0.132000 1800 42 1.200000 1.430000 1.717000 600 44 0.900000 0.075000 0.074000 1.200000 0.005000 0.006000
1495873989306001137	1400 53 1.200000 0.101000 0.128000 1800 43 1.200000 1.451000 1.742000 600 44 0.900000 0.075000 0.074000 1.200000 0.007000 0.008000
1495873989815156147	1400 53 1.200000 0.104000 0.132000 1800 42 1.200000 1.431000 1.718000 600 44 0.900000 0.075000 0.074000 1.200000 0.008000 0.009000
1495873990324156866	1400 53 1.200000 0.101000 0.128000 1800 42 1.200000 1.440000 1.729000 600 45 0.900000 0.075000 0.074000 1.200000 0.007000 0.008000
1495873990833056626	1400 53 1.200000 0.102000 0.129000 1800 43 1.200000 1.455000 1.747000 600 44 0.900000 0.075000 0.074000 1.200000 0.009000 0.010000
1495873991341992845	1400 53 1.200000 0.101000 0.128000 1800 43 1.200000 1.444000 1.734000 600 44 0.900000 0.074000 0.073000 1.200000 0.009000 0.010000
1495873991851326188	1400 53 1.200000 0.106000 0.134000 1800 43 1.200000 1.451000 1.742000 600 44 0.900000 0.075000 0.074000 1.200000 0.009000 0.010000
1495873992360306074	1400 53 1.200000 0.104000 0.132000 1800 42 1.200000 1.435000 1.723000 600 44 0.900000 0.075000 0.074000 1.200000 0.010000 0.012000
1495873992869254167	1400 53 1.200000 0.101000 0.128000 1800 43 1.200000 1.442000 1.731000 600 44 0.900000 0.075000 0.074000 1.200000 0.009000 0.010000
1495873993378090553	1400 53 1.200000 0.104000 0.132000 1800 42 1.200000 1.434000 1.722000 600 44 0.900000 0.075000 0.074000 1.200000 0.010000 0.012000
1495873993887088188	1400 53 1.200000 0.107000 0.136000 1800 43 1.200000 1.446000 1.736000 600 44 0.900000 0.075000 0.074000 1.200000 0.008000 0.009000
1495873994396111532	1400 53 1.200000 0.109000 0.138000 1800 43 1.200000 1.442000 1.731000 600 44 0.900000 0.075000 0.074000 1.200000 0.007000 0.008000
1495873994905224542	1400 53 1.200000 0.101000 0.128000 1800 43 1.200000 1.430000 1.717000 600 44 0.900000 0.075000 0.074000 1.200000 0.008000 0.009000
1495873995414177511	1400 53 1.200000 0.100000 0.127000 1800 43 1.200000 1.441000 1.730000 600 44 0.900000 0.075000 0.074000 1.200000 0.008000 0.009000
1495873995923071980	1400 53 1.200000 0.102000 0.129000 1800 42 1.200000 1.431000 1.718000 600 44 0.900000 0.075000 0.074000 1.200000 0.009000 0.010000
1495873996432026574	1400 53 1.200000 0.101000 0.128000 1800 43 1.200000 1.442000 1.731000 600 44 0.900000 0.075000 0.074000 1.200000 0.009000 0.010000
1495873996941127375	1400 53 1.200000 0.100000 0.127000 1800 43 1.200000 1.423000 1.709000 600 44 0.900000 0.075000 0.074000 1.200000 0.012000 0.014000
1495873997450065136	1400 53 1.200000 0.107000 0.136000 1800 43 1.200000 1.406000 1.688000 600 44 0.900000 0.075000 0.074000 1.200000 0.012000 0.014000
1495873997958992355	1400 53 1.200000 0.108000 0.137000 1800 43 1.200000 1.433000 1.721000 600 44 0.900000 0.074000 0.073000 1.200000 0.013000 0.015000
1495873998468021282	1400 53 1.200000 0.108000 0.137000 1800 43 1.200000 1.431000 1.718000 600 44 0.900000 0.074000 0.073000 1.200000 0.013000 0.015000
1495873998977121375	1400 53 1.200000 0.106000 0.134000 1800 43 1.200000 1.425000 1.711000 600 45 0.900000 0.075000 0.074000 1.200000 0.013000 0.015000
1495873999486200802	1400 52 1.200000 0.105000 0.133000 1800 42 1.200000 1.414000 1.698000 600 44 0.900000 0.075000 0.074000 1.200000 0.018000 0.021000
1495873999995152521	1400 52 1.200000 0.102000 0.129000 1800 42 1.200000 1.397000 1.676000 600 44 0.900000 0.075000 0.074000 1.200000 0.021000 0.025000
1495874000504258864	1400 52 1.200000 0.104000 0.132000 1800 42 1.200000 1.377000 1.653000 600 45 0.900000 0.075000 0.074000 1.200000 0.024000 0.029000
1495874001013335125	1400 49 1.200000 0.104000 0.132000 1800 42 1.200000 1.305000 1.567000 600 44 0.900000 0.075000 0.074000 1.200000 0.038000 0.046000
1495874001522364593	1400 49 1.200000 0.109000 0.138000 1800 42 1.200000 1.139000 1.366000 600 44 0.900000 0.074000 0.073000 1.200000 0.064000 0.077000
1495874002031342395	1400 48 1.200000 0.107000 0.136000 1800 41 1.200000 1.083000 1.299000 600 44 0.900000 0.074000 0.073000 1.200000 0.013000 0.015000
1495874002541448071	1400 48 1.200000 0.104000 0.132000 1800 41 1.200000 1.145000 1.374000 600 43 0.900000 0.074000 0.073000 1.200000 0.024000 0.029000
1495874003051300664	1400 49 1.200000 0.108000 0.137000 1800 41 1.200000 1.152000 1.382000 600 44 0.900000 0.074000 0.073000 1.200000 0.025000 0.030000
1495874003561062089	1400 49 1.200000 0.107000 0.136000 1800 41 1.200000 1.161000 1.393000 600 44 0.900000 0.074000 0.073000 1.200000 0.014000 0.016000
1495874004070218933	1400 50 1.200000 0.105000 0.133000 1800 41 1.200000 1.169000 1.402000 600 44 0.900000 0.074000 0.073000 1.200000 0.015000 0.018000
1495874004579281985	1400 51 1.200000 0.099000 0.126000 1800 41 1.200000 1.515000 1.819000 600 44 0.900000 0.074000 0.073000 1.200000 0.015000 0.018000
1495874005088490245	1400 51 1.200000 0.102000 0.129000 1800 42 1.200000 1.533000 1.841000 600 45 0.900000 0.074000 0.073000 1.200000 0.006000 0.007000
1495874005597532797	1400 51 1.200000 0.101000 0.128000 1800 42 1.200000 1.537000 1.845000 600 45 0.900000 0.074000 0.073000 1.200000 0.006000 0.007000
1495874006106647432	1400 52 1.200000 0.101000 0.128000 1800 42 1.200000 1.532000 1.839000 600 45 0.900000 0.074000 0.073000 1.200000 0.003000 0.003000
1495874006615732276	1400 52 1.200000 0.102000 0.129000 1800 42 1.200000 1.534000 1.842000 600 45 0.900000 0.074000 0.073000 1.200000 0.003000 0.003000
1495874007125162327	1400 52 1.200000 0.104000 0.132000 1800 42 1.200000 1.535000 1.843000 600 45 0.900000 0.074000 0.073000 1.200000 0.006000 0.007000
1495874007634216588	1400 52 1.200000 0.107000 0.136000 1800 42 1.200000 1.531000 1.838000 600 45 0.900000 0.074000 0.073000 1.200000 0.011000 0.013000
1495874008143269473	1400 52 1.200000 0.100000 0.127000 1800 42 1.200000 1.533000 1.841000 600 45 0.900000 0.074000 0.073000 1.200000 0.010000 0.012000
1495874008652369108	1400 52 1.200000 0.107000 0.136000 1800 42 1.200000 1.534000 1.842000 600 45 0.900000 0.075000 0.074000 1.200000 0.017000 0.020000
1495874009161555743	1400 52 1.200000 0.106000 0.134000 1800 42 1.200000 1.530000 1.837000 600 45 0.900000 0.075000 0.074000 1.200000 0.012000 0.014000
1495874009670679503	1400 52 1.200000 0.104000 0.132000 1800 42 1.200000 1.532000 1.841000 600 45 0.900000 0.075000 0.074000 1.200000 0.008000 0.009000
1495874010179901180	1400 52 1.200000 0.103000 0.131000 1800 42 1.200000 1.536000 1.844000 600 45 0.900000 0.075000 0.074000 1.200000 0.003000 0.003000
1495874010689050815	1400 52 1.200000 0.106000 0.134000 1800 43 1.200000 1.536000 1.844000 600 45 0.900000 0.075000 0.074000 1.200000 0.009000 0.010000
1495874011198113450	1400 52 1.200000 0.108000 0.137000 1800 43 1.200000 1.523000 1.829000 600 46 0.900000 0.075000 0.074000 1.200000 0.020000 0.024000
1495874011707283752	1400 52 1.200000 0.111000 0.141000 1800 43 1.200000 1.530000 1.837000 600 46 0.900000 0.075000 0.074000 1.200000 0.016000 0.019000
1495874012216639846	1400 52 1.200000 0.101000 0.128000 1800 43 1.200000 1.532000 1.839000 600 46 0.900000 0.075000 0.074000 1.200000 0.014000 0.016000
1495874012725932647	1400 52 1.200000 0.101000 0.128000 1800 43 1.200000 1.537000 1.845000 600 45 0.900000 0.075000 0.074000 1.200000 0.010000 0.012000
1495874013234957324	1400 52 1.200000 0.102000 0.129000 1800 43 1.200000 1.535000 1.843000 600 46 0.900000 0.075000 0.074000 1.200000 0.007000 0.008000
1495874013744221334	1400 52 1.200000 0.103000 0.131000 1800 43 1.200000 1.536000 1.844000 600 46 0.900000 0.075000 0.074000 1.200000 0.008000 0.009000
1495874014253389969	1400 52 1.200000 0.106000 0.134000 1800 43 1.200000 1.535000 1.843000 600 46 0.900000 0.075000 0.074000 1.200000 0.010000 0.012000
1495874014762526271	1400 52 1.200000 0.109000 0.138000 1800 43 1.200000 1.539000 1.848000 600 46 0.900000 0.075000 0.074000 1.200000 0.008000 0.009000
1495874015271730073	1400 52 1.200000 0.109000 0.138000 1800 43 1.200000 1.535000 1.843000 600 46 0.900000 0.075000 0.074000 1.200000 0.010000 0.012000
1495874015780994875	1400 52 1.200000 0.106000 0.134000 1800 43 1.200000 1.540000 1.849000 600 46 0.900000 0.075000 0.074000 1.200000 0.009000 0.010000
1495874016290054176	1400 52 1.200000 0.105000 0.133000 1800 43 1.200000 1.527000 1.833000 600 46 0.900000 0.075000 0.074000 1.200000 0.014000 0.017000
1495874016799173312	1400 52 1.200000 0.103000 0.131000 1800 43 1.200000 1.534000 1.842000 600 46 0.900000 0.075000 0.074000 1.200000 0.019000 0.023000
1495874017308176405	1400 52 1.200000 0.100000 0.127000 1800 43 1.200000 1.534000 1.842000 600 46 0.900000 0.075000 0.074000 1.200000 0.011000 0.013000
1495874017817416832	1400 52 1.200000 0.101000 0.128000 1800 43 1.200000 1.530000 1.837000 600 46 0.900000 0.075000 0.074000 1.200000 0.014000 0.016000
1495874018326515009	1400 52 1.200000 0.101000 0.128000 1800 43 1.200000 1.538000 1.847000 600 46 0.900000 0.075000 0.074000 1.200000 0.007000 0.008000
1495874018835692061	1400 52 1.200000 0.101000 0.128000 1800 43 1.200000 1.540000 1.851000 600 46 0.900000 0.075000 0.074000 1.200000 0.006000 0.007000
1495874019344919612	1400 52 1.200000 0.101000 0.128000 1800 43 1.200000 1.538000 1.847000 600 46 0.900000 0.075000 0.074000 1.200000 0.007000 0.008000
1495874019854205039	1400 52 1.200000 0.104000 0.132000 1800 43 1.200000 1.542000 1.851000 600 46 0.900000 0.075000 0.074000 1.200000 0.008000 0.009000
1495874020363247466	1400 52 1.200000 0.103000 0.131000 1800 43 1.200000 1.539000 1.848000 600 46 0.900000 0.075000 0.074000 1.200000 0.008000 0.009000
1495874020872458643	1400 52 1.200000 0.101000 0.128000 1800 43 1.200000 1.539000 1.848000 600 46 0.900000 0.075000 0.074000 1.200000 0.011000 0.013000
1495874021381672320	1400 52 1.200000 0.106000 0.134000 1800 43 1.200000 1.533000 1.841000 600 46 0.900000 0.075000 0.074000 1.200000 0.012000 0.014000
1495874021890824330	1400 52 1.200000 0.111000 0.141000 1800 43 1.200000 1.538000 1.847000 600 46 0.900000 0.075000 0.074000 1.200000 0.007000 0.008000
1495874022399964757	1400 52 1.200000 0.107000 0.136000 1800 43 1.200000 1.534000 1.842000 600 46 0.900000 0.075000 0.074000 1.200000 0.005000 0.006000
1495874022909109892	1400 52 1.200000 0.105000 0.133000 1800 43 1.200000 1.537000 1.845000 600 46 0.900000 0.075000 0.074000 1.200000 0.011000 0.013000
1495874023418200027	1400 52 1.200000 0.102000 0.129000 1800 43 1.200000 1.539000 1.848000 600 46 0.900000 0.075000 0.074000 1.200000 0.011000 0.013000
1495874023927290329	1400 52 1.200000 0.104000 0.132000 1800 43 1.200000 1.535000 1.843000 600 46 0.900000 0.075000 0.074000 1.200000 0.010000 0.012000
1495874024436419631	1400 52 1.200000 0.106000 0.134000 1800 43 1.200000 1.540000 1.849000 600 46 0.900000 0.075000 0.074000 1.200000 0.009000 0.010000
1495874024945559433	1400 52 1.200000 0.107000 0.136000 1800 43 1.200000 1.545000 1.855000 600 46 0.900000 0.075000 0.074000 1.200000 0.007000 0.008000
1495874025454671609	1400 52 1.200000 0.101000 0.128000 1800 43 1.200000 1.541000 1.850000 600 46 0.900000 0.075000 0.074000 1.200000 0.007000 0.008000
1495874025963810036	1400 52 1.200000 0.101000 0.128000 1800 43 1.200000 1.537000 1.845000 600 46 0.900000 0.075000 0.074000 1.200000 0.011000 0.013000
1495874026472971213	1400 52 1.200000 0.102000 0.129000 1800 43 1.200000 1.534000 1.842000 600 46 0.900000 0.075000 0.074000 1.200000 0.012000 0.014000
1495874026982147598	1400 52 1.200000 0.101000 0.128000 1800 43 1.200000 1.536000 1.844000 600 46 0.900000 0.075000 0.074000 1.200000 0.009000 0.010000
1495874027491359608	1400 52 1.200000 0.100000 0.127000 1800 43 1.200000 1.537000 1.845000 600 46 0.900000 0.075000 0.074000 1.200000 0.004000 0.004000
1495874028000560493	1400 52 1.200000 0.102000 0.129000 1800 43 1.200000 1.533000 1.841000 600 46 0.900000 0.075000 0.074000 1.200000 0.011000 0.013000
1495874028509795087	1400 52 1.200000 0.107000 0.136000 1800 43 1.200000 1.534000 1.842000 600 46 0.900000 0.075000 0.074000 1.200000 0.011000 0.013000
1495874029018907430	1400 52 1.200000 0.109000 0.138000 1800 43 1.200000 1.536000 1.844000 600 46 0.900000 0.075000 0.074000 1.200000 0.013000 0.015000
1495874029528055815	1400 52 1.200000 0.108000 0.137000 1800 43 1.200000 1.536000 1.844000 600 46 0.900000 0.075000 0.074000 1.200000 0.012000 0.014000
1495874030037282826	1400 52 1.200000 0.102000 0.129000 1800 43 1.200000 1.539000 1.848000 600 46 0.900000 0.075000 0.074000 1.200000 0.007000 0.008000
1495874030546476294	1400 53 1.200000 0.101000 0.128000 1800 43 1.200000 1.540000 1.849000 600 46 0.900000 0.075000 0.074000 1.200000 0.006000 0.007000
1495874031055658929	1400 52 1.200000 0.106000 0.134000 1800 43 1.200000 1.541000 1.850000 600 46 0.900000 0.075000 0.074000 1.200000 0.007000 0.008000
1495874031564875606	1400 52 1.200000 0.108000 0.137000 1800 43 1.200000 1.539000 1.848000 600 46 0.900000 0.075000 0.074000 1.200000 0.007000 0.008000
1495874032073988324	1400 52 1.200000 0.110000 0.140000 1800 43 1.200000 1.536000 1.844000 600 46 0.900000 0.075000 0.074000 1.200000 0.010000 0.012000
1495874032583125418	1400 52 1.200000 0.107000 0.136000 1800 43 1.200000 1.530000 1.837000 600 46 0.900000 0.075000 0.074000 1.200000 0.003000 0.003000
1495874033092307011	1400 53 1.200000 0.107000 0.136000 1800 43 1.200000 1.533000 1.841000 600 46 0.900000 0.075000 0.074000 1.200000 0.006000 0.007000
1495874033601501313	1400 53 1.200000 0.104000 0.132000 1800 43 1.200000 1.539000 1.848000 600 46 0.900000 0.075000 0.074000 1.200000 0.007000 0.008000
1495874034110626365	1400 52 1.200000 0.104000 0.132000 1800 43 1.200000 1.540000 1.849000 600 46 0.900000 0.075000 0.074000 1.200000 0.008000 0.009000
1495874034619839208	1400 52 1.200000 0.102000 0.129000 1800 43 1.200000 1.534000 1.842000 600 46 0.900000 0.075000 0.074000 1.200000 0.007000 0.008000
1495874035128998552	1400 53 1.200000 0.102000 0.129000 1800 43 1.200000 1.536000 1.844000 600 46 0.900000 0.075000 0.074000 1.200000 0.009000 0.010000
1495874035638096895	1400 53 1.200000 0.109000 0.138000 1800 43 1.200000 1.539000 1.848000 600 46 0.900000 0.075000 0.074000 1.200000 0.011000 0.013000
1495874036147428114	1400 52 1.200000 0.107000 0.136000 1800 43 1.200000 1.540000 1.849000 600 46 0.900000 0.075000 0.074000 1.200000 0.011000 0.013000
1495874036656581540	1400 53 1.200000 0.105000 0.133000 1800 43 1.200000 1.530000 1.837000 600 46 0.900000 0.076000 0.075000 1.200000 0.009000 0.010000
1495874037165683801	1400 52 1.200000 0.104000 0.132000 1800 43 1.200000 1.531000 1.838000 600 46 0.900000 0.075000 0.074000 1.200000 0.005000 0.006000
1495874037674894019	1400 52 1.200000 0.104000 0.132000 1800 43 1.200000 1.533000 1.841000 600 46 0.900000 0.075000 0.074000 1.200000 0.008000 0.009000
1495874038184027779	1400 53 1.200000 0.107000 0.136000 1800 43 1.200000 1.534000 1.842000 600 46 0.900000 0.075000 0.074000 1.200000 0.006000 0.007000
1495874038693209248	1400 53 1.200000 0.101000 0.128000 1800 43 1.200000 1.537000 1.845000 600 46 0.900000 0.075000 0.074000 1.200000 0.006000 0.007000
1495874039202972257	1400 50 1.200000 0.154000 0.194000 1800 42 1.200000 1.527000 1.833000 600 45 0.900000 0.075000 0.074000 1.200000 0.019000 0.023000
1495874039712954724	1400 50 1.200000 0.106000 0.134000 1800 42 1.200000 1.157000 1.388000 600 45 0.900000 0.075000 0.074000 1.200000 0.013000 0.015000
1495874040222657609	1400 50 1.200000 0.104000 0.132000 1800 42 1.200000 1.164000 1.396000 600 44 0.900000 0.075000 0.074000 1.200000 0.011000 0.013000
1495874040732020285	1400 52 1.200000 0.106000 0.134000 1800 42 1.100000 1.172000 1.404000 600 44 0.900000 0.075000 0.074000 1.200000 0.020000 0.024000
1495874041241152462	1400 56 1.200000 0.102000 0.129000 1800 43 1.200000 1.718000 2.065000 600 45 0.900000 0.075000 0.074000 1.200000 0.004000 0.004000
1495874041750231014	1400 56 1.200000 0.104000 0.132000 1800 43 1.200000 1.760000 2.115000 600 45 0.900000 0.075000 0.074000 1.200000 0.004000 0.004000
1495874042259326483	1400 56 1.200000 0.109000 0.138000 1800 44 1.200000 1.758000 2.113000 600 46 0.900000 0.076000 0.075000 1.200000 0.004000 0.004000
1495874042768654701	1400 57 1.200000 0.102000 0.129000 1800 44 1.200000 1.756000 2.110000 600 46 0.900000 0.076000 0.075000 1.200000 0.005000 0.006000
1495874043277852628	1400 57 1.200000 0.105000 0.133000 1800 44 1.200000 1.760000 2.115000 600 46 0.900000 0.076000 0.075000 1.200000 0.006000 0.007000
1495874043787011346	1400 57 1.200000 0.102000 0.129000 1800 44 1.200000 1.759000 2.114000 600 46 0.900000 0.076000 0.075000 1.200000 0.007000 0.008000
1495874044296357106	1400 57 1.200000 0.107000 0.136000 1800 44 1.200000 1.744000 2.096000 600 46 0.900000 0.076000 0.075000 1.200000 0.007000 0.008000
1495874044805527325	1400 57 1.200000 0.110000 0.140000 1800 44 1.200000 1.736000 2.086000 600 46 0.900000 0.076000 0.075000 1.200000 0.006000 0.007000
1495874045314636751	1400 57 1.200000 0.112000 0.142000 1800 44 1.200000 1.727000 2.075000 600 46 0.900000 0.077000 0.076000 1.200000 0.005000 0.006000
1495874045823703637	1400 57 1.200000 0.109000 0.138000 1800 44 1.200000 1.718000 2.065000 600 46 0.900000 0.076000 0.075000 1.200000 0.004000 0.004000
1495874046332745189	1400 57 1.200000 0.108000 0.137000 1800 44 1.200000 1.713000 2.059000 600 46 0.900000 0.076000 0.075000 1.200000 0.005000 0.006000
1495874046841847407	1400 57 1.200000 0.106000 0.134000 1800 44 1.200000 1.665000 1.999000 600 46 0.900000 0.076000 0.075000 1.200000 0.005000 0.006000
1495874047350981584	1400 57 1.200000 0.106000 0.134000 1800 45 1.200000 1.771000 2.128000 600 46 0.900000 0.076000 0.075000 1.200000 0.006000 0.007000
1495874047860059719	1400 57 1.200000 0.103000 0.131000 1800 44 1.200000 1.771000 2.128000 600 46 0.900000 0.077000 0.076000 1.200000 0.006000 0.007000
1495874048369145188	1400 58 1.200000 0.105000 0.133000 1800 44 1.200000 1.770000 2.127000 600 46 0.900000 0.076000 0.075000 1.200000 0.004000 0.004000
1495874048878168698	1400 58 1.200000 0.106000 0.134000 1800 45 1.200000 1.772000 2.129000 600 46 0.900000 0.077000 0.076000 1.200000 0.005000 0.006000
1495874049387249917	1400 58 1.200000 0.105000 0.133000 1800 45 1.200000 1.771000 2.128000 600 46 0.900000 0.077000 0.076000 1.200000 0.004000 0.004000
1495874049896665552	1400 58 1.200000 0.110000 0.140000 1800 45 1.200000 1.771000 2.128000 600 47 0.900000 0.077000 0.076000 1.200000 0.005000 0.006000
1495874050405708270	1400 57 1.200000 0.107000 0.136000 1800 45 1.200000 1.768000 2.125000 600 47 0.900000 0.077000 0.076000 1.200000 0.005000 0.006000
1495874050914989322	1400 57 1.200000 0.107000 0.136000 1800 45 1.200000 1.755000 2.109000 600 46 0.900000 0.077000 0.076000 1.200000 0.005000 0.006000
1495874051424111457	1400 57 1.200000 0.107000 0.136000 1800 45 1.200000 1.743000 2.095000 600 46 0.900000 0.077000 0.076000 1.200000 0.006000 0.007000
1495874051933130217	1400 57 1.200000 0.105000 0.133000 1800 45 1.200000 1.737000 2.087000 600 47 0.900000 0.077000 0.076000 1.200000 0.007000 0.008000
1495874052442281644	1400 57 1.200000 0.105000 0.133000 1800 45 1.200000 1.727000 2.075000 600 47 0.900000 0.077000 0.076000 1.200000 0.004000 0.004000
1495874052951396946	1400 58 1.200000 0.103000 0.131000 1800 45 1.200000 1.688000 2.027000 600 47 0.900000 0.077000 0.076000 1.200000 0.021000 0.025000
1495874053460507248	1400 58 1.200000 0.109000 0.138000 1800 45 1.200000 1.771000 2.128000 600 47 0.900000 0.077000 0.076000 1.200000 0.004000 0.004000
1495874053969775925	1400 58 1.200000 0.106000 0.134000 1800 45 1.200000 1.771000 2.128000 600 47 0.900000 0.077000 0.076000 1.200000 0.004000 0.004000
1495874054478854393	1400 58 1.200000 0.107000 0.136000 1800 45 1.200000 1.772000 2.129000 600 47 0.900000 0.077000 0.076000 1.200000 0.004000 0.004000
1495874054988115695	1400 58 1.200000 0.109000 0.138000 1800 45 1.200000 1.771000 2.128000 600 47 0.900000 0.077000 0.076000 1.200000 0.006000 0.007000
1495874055497198997	1400 58 1.200000 0.109000 0.138000 1800 45 1.200000 1.771000 2.128000 600 47 0.900000 0.077000 0.076000 1.200000 0.006000 0.007000
1495874056006353340	1400 58 1.200000 0.112000 0.142000 1800 45 1.200000 1.772000 2.129000 600 47 0.900000 0.077000 0.076000 1.200000 0.007000 0.008000
1495874056515562767	1400 58 1.200000 0.105000 0.133000 1800 45 1.200000 1.759000 2.114000 600 47 0.900000 0.077000 0.076000 1.200000 0.006000 0.007000
1495874057024695277	1400 58 1.200000 0.106000 0.134000 1800 45 1.200000 1.750000 2.103000 600 47 0.900000 0.077000 0.076000 1.200000 0.004000 0.004000
1495874057533835287	1400 58 1.200000 0.106000 0.134000 1800 45 1.200000 1.750000 2.103000 600 47 0.900000 0.077000 0.076000 1.200000 0.005000 0.006000
1495874058042903673	1400 57 1.200000 0.107000 0.136000 1800 45 1.200000 1.739000 2.090000 600 47 0.900000 0.077000 0.076000 1.200000 0.005000 0.006000
1495874058552061391	1400 58 1.200000 0.110000 0.140000 1800 45 1.200000 1.729000 2.078000 600 47 0.900000 0.077000 0.076000 1.200000 0.005000 0.006000
1495874059061219276	1400 58 1.200000 0.111000 0.141000 1800 45 1.200000 1.722000 2.069000 600 47 0.900000 0.077000 0.076000 1.200000 0.012000 0.014000
1495874059570282787	1400 58 1.200000 0.112000 0.142000 1800 45 1.200000 1.772000 2.129000 600 47 0.900000 0.077000 0.076000 1.200000 0.006000 0.007000
1495874060079479588	1400 58 1.200000 0.110000 0.139000 1800 45 1.200000 1.771000 2.128000 600 47 0.900000 0.077000 0.076000 1.200000 0.007000 0.008000
1495874060588694682	1400 58 1.200000 0.105000 0.133000 1800 45 1.200000 1.773000 2.131000 600 47 0.900000 0.077000 0.076000 1.200000 0.007000 0.008000
1495874061097877442	1400 58 1.200000 0.105000 0.133000 1800 45 1.200000 1.772000 2.129000 600 47 0.900000 0.077000 0.076000 1.200000 0.005000 0.006000
1495874061607046327	1400 58 1.200000 0.105000 0.133000 1800 45 1.200000 1.772000 2.129000 600 47 0.900000 0.077000 0.076000 1.200000 0.004000 0.004000
1495874062116367004	1400 58 1.200000 0.106000 0.134000 1800 45 1.200000 1.773000 2.131000 600 47 0.900000 0.077000 0.076000 1.200000 0.004000 0.004000
1495874062625503264	1400 58 1.200000 0.104000 0.132000 1800 45 1.200000 1.760000 2.115000 600 47 0.900000 0.077000 0.076000 1.200000 0.004000 0.004000
1495874063134767357	1400 58 1.200000 0.104000 0.132000 1800 45 1.200000 1.749000 2.102000 600 47 0.900000 0.077000 0.076000 1.200000 0.004000 0.004000
1495874063643816659	1400 58 1.200000 0.105000 0.133000 1800 45 1.200000 1.739000 2.090000 600 47 0.900000 0.077000 0.076000 1.200000 0.004000 0.004000
1495874064152926961	1400 58 1.200000 0.105000 0.133000 1800 45 1.200000 1.730000 2.079000 600 47 0.900000 0.077000 0.076000 1.200000 0.004000 0.004000
1495874064662082471	1400 58 1.200000 0.105000 0.133000 1800 45 1.200000 1.725000 2.073000 600 47 0.900000 0.077000 0.076000 1.200000 0.007000 0.008000
1495874065171333273	1400 58 1.200000 0.110000 0.140000 1800 45 1.200000 1.707000 2.050000 600 47 0.900000 0.077000 0.076000 1.200000 0.010000 0.012000
1495874065680515700	1400 58 1.200000 0.111000 0.141000 1800 45 1.200000 1.750000 2.103000 600 47 0.900000 0.077000 0.076000 1.200000 0.004000 0.004000
1495874066189692751	1400 58 1.200000 0.112000 0.142000 1800 45 1.200000 1.750000 2.103000 600 47 0.900000 0.077000 0.076000 1.200000 0.004000 0.004000
1495874066698837595	1400 58 1.200000 0.110000 0.140000 1800 45 1.200000 1.750000 2.101000 600 47 0.900000 0.077000 0.076000 1.200000 0.004000 0.004000
1495874067207967397	1400 58 1.200000 0.109000 0.138000 1800 45 1.200000 1.751000 2.104000 600 47 0.900000 0.077000 0.076000 1.200000 0.005000 0.006000
1495874067717293907	1400 58 1.200000 0.107000 0.136000 1800 45 1.200000 1.750000 2.103000 600 47 0.900000 0.077000 0.076000 1.200000 0.006000 0.007000
1495874068226498792	1400 58 1.200000 0.106000 0.134000 1800 45 1.200000 1.750000 2.103000 600 47 0.900000 0.077000 0.076000 1.200000 0.007000 0.008000
1495874068735648844	1400 58 1.200000 0.110000 0.140000 1800 45 1.200000 1.741000 2.092000 600 47 0.900000 0.077000 0.076000 1.200000 0.006000 0.007000
1495874069244879687	1400 58 1.200000 0.113000 0.143000 1800 45 1.200000 1.731000 2.080000 600 47 0.900000 0.077000 0.076000 1.200000 0.005000 0.006000
1495874069754037989	1400 58 1.200000 0.105000 0.133000 1800 45 1.200000 1.726000 2.074000 600 47 0.900000 0.077000 0.076000 1.200000 0.003000 0.003000
1495874070263239749	1400 58 1.200000 0.104000 0.132000 1800 45 1.200000 1.721000 2.068000 600 47 0.900000 0.077000 0.076000 1.200000 0.004000 0.004000
1495874070772000510	1400 50 1.200000 0.104000 0.132000 1800 45 1.200000 1.715000 2.061000 600 47 0.900000 0.077000 0.076000 1.200000 0.003000 0.003000
1495874071280703145	1400 44 1.200000 0.101000 0.128000 1800 42 1.100000 0.446000 0.533000 600 45 0.900000 0.076000 0.075000 1.200000 0.003000 0.003000
