#Timestamp	Benchmark	CPU(4) Frequency(MHz)	CPU(4) Temperature(C)	A15 Voltage(V)	A15 Current(A)	A15 Power(W)	CPU_CYCLES	EXCEPTION_RETURN	BRANCH_MISPRED	BRANCH_PRED	DATA_MEM_ACCESS	L1I_CACHE_ACCESS	L2D_CACHE_ACCESS
1496409762179024568	parsec.dedup	1000	34	0.900000	0.325000	0.317000	353990625	32531	2262498	35377827	86791559	99544675	6483650
1496409762689342284	parsec.dedup	1000	34	0.900000	0.532000	0.514000	554190792	53972	3618650	50496121	127799737	153644796	10453883
1496409763199749460	parsec.dedup	1000	34	0.900000	0.537000	0.519000	552613026	53563	3587683	51527010	129027633	153918064	10339340
1496409763709815010	parsec.dedup	1000	34	0.900000	0.537000	0.520000	552934472	51436	3536606	55701823	134411206	156068910	10095351
1496409764219119895	parsec.dedup	1000	34	0.900000	0.538000	0.521000	550695577	50372	2038348	42064380	148913960	131182575	12633998
1496409764729020113	parsec.dedup	1000	34	0.900000	0.563000	0.546000	514193162	46699	1506950	39378055	150794948	120534397	12362126
1496409765238961413	parsec.dedup	1000	34	0.900000	0.530000	0.513000	704947121	54107	1936244	50818108	178482441	163344700	14640156
1496409765748866797	parsec.dedup	1000	34	0.900000	0.719000	0.698000	776669448	44232	3468603	66462838	302391609	233199311	15354102
1496409766259051015	parsec.dedup	1000	35	0.900000	0.757000	0.734000	951303190	38183	5050943	87473064	400090852	302016023	18402340
1496409766768460149	parsec.dedup	1000	35	0.900000	0.932000	0.905000	971087785	20069	4543998	95786060	491452202	339861989	11001063
1496409767277786076	parsec.dedup	1000	35	0.900000	1.043000	1.013000	957593624	17929	3567250	90887545	493143417	326031216	10744297
1496409767787233711	parsec.dedup	1000	35	0.900000	0.999000	0.970000	969303102	14013	3300673	99088012	491591796	317086797	11332504
1496409768296551637	parsec.dedup	1000	35	0.900000	0.976000	0.947000	951237762	17416	2667983	98637170	466736120	291774958	9839229
1496409768805770147	parsec.dedup	1000	35	0.900000	0.991000	0.962000	941226248	22643	3320508	87736529	468579490	313691977	11876310
1496409769315136282	parsec.dedup	1000	35	0.900000	1.019000	0.989000	965107778	31412	4195334	96732048	448228477	313032537	14133598
1496409769824640167	parsec.dedup	1000	35	0.900000	0.949000	0.921000	958182278	30768	4057694	92837414	455482451	317024264	14079283
1496409770334023552	parsec.dedup	1000	35	0.900000	0.936000	0.908000	979639292	48009	5939291	105837951	416860201	320496343	18614956
1496409770843964977	parsec.dedup	1000	35	0.900000	0.952000	0.924000	998046489	55180	6531038	111689026	419869688	328559620	20226478
1496409771353586404	parsec.dedup	1000	35	0.900000	0.948000	0.920000	997182912	41166	7422264	124324806	409160621	332656518	19496181
1496409771862922455	parsec.dedup	1000	35	0.900000	0.946000	0.918000	1001474123	9185	9163074	151941617	427514188	352313508	17054841
1496409772372031132	parsec.dedup	1000	35	0.900000	0.965000	0.937000	995630382	7327	9691187	154967963	439065797	361154990	17301618
1496409772881108517	parsec.dedup	1000	35	0.900000	0.970000	0.941000	1001604198	4165	9455223	164199768	478972791	374252578	17146193
1496409773390109986	parsec.dedup	1000	35	0.900000	1.009000	0.979000	1001467011	3842	9954733	169801666	474294372	377319126	15857248
1496409773899229705	parsec.dedup	1000	35	0.900000	1.004000	0.974000	1001479179	3856	9763963	168456618	480576766	380888727	15979053
1496409774408203465	parsec.dedup	1000	35	0.900000	1.011000	0.981000	1001472096	4029	9789000	163940117	479745790	380315022	16787090
1496409774917203017	parsec.dedup	1000	35	0.900000	1.016000	0.986000	1001487684	3275	11052273	186211974	451789545	386884599	13759718
1496409775426399777	parsec.dedup	1000	35	0.900000	1.016000	0.986000	1001481378	3993	10751135	168058432	479305208	389366980	15866857
1496409775935516162	parsec.dedup	1000	35	0.900000	1.022000	0.992000	1001529113	5414	11254970	201641786	409470836	373630287	11224184
1496409776444595714	parsec.dedup	1000	35	0.900000	0.980000	0.951000	1001514430	10000	10755600	187765630	400484017	362247562	12873103
1496409776953671058	parsec.dedup	1000	35	0.900000	0.962000	0.934000	1001482287	5325	11705980	192849334	408055318	375009606	13242573
1496409777462634318	parsec.dedup	1000	35	0.900000	0.983000	0.955000	1001527429	8648	10894009	196000557	395023944	364112416	11982574
1496409777971771870	parsec.dedup	1000	35	0.900000	0.966000	0.938000	1001474549	5727	11233299	200327014	410661042	371793076	11121992
1496409778480813172	parsec.dedup	1000	35	0.900000	0.977000	0.949000	1001459064	4869	11342582	199477055	402946006	372377574	13830363
1496409778989911807	parsec.dedup	1000	35	0.900000	0.980000	0.951000	1001486368	5194	11241989	201291320	408561624	371447474	11680277
1496409779498893526	parsec.dedup	1000	35	0.900000	0.977000	0.948000	1001633087	5559	11458444	198237677	409277287	372546317	11314724
1496409780007955745	parsec.dedup	1000	35	0.900000	0.974000	0.945000	1001623671	6396	11240148	199770710	401417688	370879983	11770984
1496409780517000047	parsec.dedup	1000	35	0.900000	0.974000	0.945000	1001325477	4702	11209994	203413186	410156332	373768415	11343245
1496409781026200473	parsec.dedup	1000	35	0.900000	0.984000	0.956000	1001330269	6281	10667524	190042902	396134180	361591358	11582037
1496409781535501858	parsec.dedup	1000	35	0.900000	0.965000	0.937000	1001320116	9203	10427604	188740230	386569102	360695547	11655779
1496409782044848285	parsec.dedup	1000	35	0.900000	0.970000	0.941000	1001319949	10990	10275832	181677051	383818760	355778470	11957915
1496409782554059420	parsec.dedup	1000	35	0.900000	0.965000	0.937000	1001358469	10371	10868812	181625859	382671962	360832525	12485518
1496409783063271680	parsec.dedup	1000	35	0.900000	0.959000	0.931000	1001673026	12364	10476004	173950589	376648000	353741092	12603115
1496409783572862481	parsec.dedup	1000	35	0.900000	0.957000	0.929000	1001552385	11457	10245448	180403480	384386134	350847175	11933695
1496409784082301074	parsec.dedup	1000	35	0.900000	0.942000	0.914000	1001538313	8699	10937372	187396727	389706487	366022913	11245161
1496409784591880626	parsec.dedup	1000	35	0.900000	0.969000	0.940000	1001557272	11768	10472903	178632616	377827821	356978016	12117944
1496409785101316719	parsec.dedup	1000	35	0.900000	0.959000	0.931000	952329137	12252	9441159	154608832	344796801	328148823	12853811
1496409785610721395	parsec.dedup	1000	35	0.900000	0.790000	0.766000	510797309	24876	2207380	37536271	106272597	125109983	8947268
1496409786120333446	parsec.dedup	1000	34	0.900000	0.502000	0.486000	509405030	25222	2204932	37270271	105964832	124527703	9088298
1496409786629783289	parsec.dedup	1000	34	0.900000	0.502000	0.485000	509586879	25410	2190749	37271655	106070269	124611760	9028182
1496409787139985840	parsec.dedup	1000	34	0.900000	0.501000	0.484000	656975901	24326	2360845	46816777	141211868	148718343	13260311
1496409787649961724	parsec.facesim	1000	34	0.900000	0.508000	0.491000	387819738	9800	1078935	31323507	78162428	83324777	5252934
1496409788160546107	parsec.facesim	1000	34	0.900000	0.472000	0.460000	514758293	48082	3320947	49774819	123424510	143974482	9511104
1496409788670950074	parsec.facesim	1000	34	0.900000	0.534000	0.516000	553189231	54215	3590068	50737113	127708694	152897407	10377978
1496409789181328541	parsec.facesim	1000	34	0.900000	0.536000	0.519000	552621353	53730	3602013	51999377	129435249	154005539	10328643
1496409789691849507	parsec.facesim	1000	34	0.900000	0.537000	0.519000	552126510	53095	3572033	53878330	131829047	154912431	10177767
1496409790202189891	parsec.facesim	1000	34	0.900000	0.540000	0.522000	570892548	49297	3239430	64363360	156800267	162088515	10032963
1496409790711776900	parsec.facesim	1000	34	0.900000	0.644000	0.624000	503607910	7265	743799	85880144	210131931	138424711	4343826
1496409791220999410	parsec.facesim	1000	34	0.900000	0.599000	0.581000	504185100	16597	879569	80457393	209553157	156995553	5467083
1496409791730639461	parsec.facesim	1000	34	0.900000	0.508000	0.491000	505213469	26970	692618	39821288	125740355	101047376	8158731
1496409792240134555	parsec.facesim	1000	34	0.900000	0.550000	0.533000	501689770	4322	8766929	86800960	96893833	178739958	3319098
1496409792749474023	parsec.facesim	1000	34	0.900000	0.515000	0.498000	502122803	6806	2706961	58619904	95611132	103647698	4380231
1496409793258680908	parsec.facesim	1000	34	0.900000	0.528000	0.511000	501506830	3497	6141028	77404969	96716132	146981971	2843463
1496409793767934501	parsec.facesim	1000	34	0.900000	0.500000	0.484000	501590505	3963	4667788	66151881	97549207	126322445	3819909
1496409794277324219	parsec.facesim	1000	34	0.900000	0.515000	0.498000	503033115	11012	2849648	62030473	121770354	121054625	5673064
1496409794786619854	parsec.facesim	1000	34	0.900000	0.510000	0.493000	502058702	6014	1684026	51691846	110643478	90322401	3284870
1496409795296488488	parsec.facesim	1000	34	0.900000	0.493000	0.477000	502447807	8588	1775156	52782635	108455677	94432810	3390624
1496409795805752623	parsec.facesim	1000	33	0.900000	0.488000	0.472000	502669956	9464	1777618	53720818	110205211	96394074	3535678
1496409796315204717	parsec.facesim	1000	33	0.900000	0.489000	0.473000	502318571	8048	1753596	52253956	107637773	93004992	3217220
1496409796824472977	parsec.facesim	1000	33	0.900000	0.495000	0.480000	502667426	9692	1642200	53399343	107248857	94626801	3916911
1496409797333749153	parsec.facesim	1000	33	0.900000	0.502000	0.485000	501086568	253	10431288	110417893	118452098	222564234	2681181
1496409797843057955	parsec.facesim	1000	33	0.900000	0.540000	0.523000	501072265	646	8768827	95451923	284061239	239094655	19929206
1496409798352470006	parsec.facesim	1000	34	0.900000	0.539000	0.522000	501365959	256	136059	25975507	777441386	233206701	81081200
1496409798861828349	parsec.facesim	1000	34	0.900000	0.820000	0.796000	501655925	1581	8298469	93069029	306816572	239793933	23943236
1496409799371568484	parsec.facesim	1000	34	0.900000	0.823000	0.798000	502119340	5138	11001791	112352282	128136568	235593368	2710028
1496409799881423160	parsec.facesim	1000	34	0.900000	0.540000	0.522000	625308266	47397	1468263	41325619	245884102	166555163	10776346
1496409800390783295	parsec.facesim	1000	34	0.900000	0.521000	0.504000	1001408526	456	1130190	50200350	506816636	279312639	14813521
1496409800900129429	parsec.facesim	1000	34	0.900000	0.999000	0.970000	1001410134	454	1131743	50765741	513869554	281774048	15090331
1496409801409386939	parsec.facesim	1000	34	0.900000	1.007000	0.977000	780351340	1400	819513	41429630	397089131	216526145	10731611
1496409801918658616	parsec.facesim	1000	34	0.900000	1.003000	0.973000	972732816	525	978136	49645793	438085243	250510129	18397374
1496409802427928001	parsec.facesim	1000	34	0.900000	0.974000	0.945000	1001462862	462	1005978	51378655	451142894	259569375	19115862
1496409802937369469	parsec.facesim	1000	34	0.900000	0.973000	0.944000	1001412651	454	976498	51711183	454162172	260820356	19023977
1496409803446564271	parsec.facesim	1000	35	0.900000	0.976000	0.947000	933272602	481	647875	50560712	382419426	225767892	17877443
1496409803956048031	parsec.facesim	1000	35	0.900000	0.866000	0.840000	971955260	1939	162163	18846594	293289019	163620394	34490814
1496409804465727665	parsec.facesim	1000	35	0.900000	0.897000	0.870000	987243315	1014	113733	12087566	293966200	159806064	38491750
1496409804975172758	parsec.facesim	1000	35	0.900000	0.929000	0.902000	983695056	996	111579	11948576	292097566	158733929	38046907
1496409805484496351	parsec.facesim	1000	35	0.900000	0.905000	0.878000	986696164	1052	116418	12039610	293606594	159659908	38409093
1496409805993979153	parsec.facesim	1000	35	0.900000	0.911000	0.884000	989782062	1023	114050	12111244	295033308	160680363	38848682
1496409806503534287	parsec.facesim	1000	35	0.900000	0.936000	0.908000	987304817	1040	116249	12105136	295834953	160665943	38635616
1496409807012989464	parsec.facesim	1000	36	0.900000	0.894000	0.868000	987716053	1031	115703	12116393	295263828	160480115	38487800
1496409807522698765	parsec.facesim	1000	35	0.900000	0.917000	0.890000	984817867	1020	116304	12077215	292737178	159099515	38172607
1496409808032117316	parsec.facesim	1000	36	0.900000	0.919000	0.892000	985130199	1004	111171	11966938	291848446	158605112	38041860
1496409808541538909	parsec.facesim	1000	36	0.900000	0.930000	0.903000	989942527	1008	112947	12067721	294518491	160020184	38353331
1496409809051116627	parsec.facesim	1000	36	0.900000	0.901000	0.874000	992655970	1049	113763	12074102	296430835	161087392	38613783
1496409809560427221	parsec.facesim	1000	36	0.900000	0.925000	0.898000	986808361	995	109966	12039580	294334075	159890082	38371999
1496409810069849439	parsec.facesim	1000	36	0.900000	0.925000	0.898000	986201993	1017	110584	12023295	293853811	159670119	38299590
1496409810579115865	parsec.facesim	1000	36	0.900000	0.893000	0.867000	997574662	750	666156	34098019	381943781	214888656	27819437
1496409811088330709	parsec.facesim	1000	36	0.900000	0.965000	0.937000	1001459298	456	928314	50837156	445625707	254802545	18956800
1496409811597574636	parsec.facesim	1000	36	0.900000	0.974000	0.945000	1001470050	458	927468	51999352	455970342	258722509	18870786
1496409812106809312	parsec.facesim	1000	36	0.900000	0.975000	0.946000	963354967	438	908432	49091804	430565492	246261283	18166692
1496409812616174614	parsec.facesim	1000	35	0.900000	0.798000	0.774000	702623883	926	507260	69801829	292971655	177348849	9414502
1496409813125567915	parsec.facesim	1000	35	0.900000	0.625000	0.606000	505529217	1565	830146	94978638	216795066	144045513	5449896
1496409813635026967	parsec.facesim	1000	35	0.900000	0.477000	0.462000	396498591	3167	656529	38257946	73575521	67604445	7950492
1496409814145558308	parsec.freqmine	1000	34	0.900000	0.442000	0.429000	505479586	47281	3270029	48906742	121319986	141447931	9382007
1496409814655774109	parsec.freqmine	1000	34	0.900000	0.534000	0.517000	553729978	53760	3607007	50981990	128409451	153763425	10397374
1496409815166032534	parsec.freqmine	1000	34	0.900000	0.537000	0.520000	552849775	53401	3598712	51838089	129280348	153971813	10334291
1496409815676444001	parsec.freqmine	1000	34	0.900000	0.538000	0.521000	552308640	52683	3579660	53900871	132036906	155323350	10218033
1496409816186838593	parsec.freqmine	1000	34	0.900000	0.539000	0.522000	574982129	50118	3340972	53561042	130655155	149627449	9961102
1496409816696408560	parsec.freqmine	1000	33	0.900000	0.489000	0.473000	502448458	1533	426259	28700119	56082754	34897617	749301
1496409817205528529	parsec.freqmine	1000	33	0.900000	0.434000	0.420000	502093485	1471	466384	28688934	55992170	35487304	746264
1496409817715041997	parsec.freqmine	1000	33	0.900000	0.434000	0.420000	502440749	1583	481285	28714766	56199271	35891905	783018
1496409818224261299	parsec.freqmine	1000	33	0.900000	0.434000	0.420000	502663738	1477	460485	28663970	55939660	35389481	783472
1496409818733382059	parsec.freqmine	1000	33	0.900000	0.433000	0.420000	502166054	1464	457574	28604881	55821322	35276915	782711
1496409819242637361	parsec.freqmine	1000	33	0.900000	0.435000	0.421000	502504099	1471	450971	28625745	55850041	35209803	782314
1496409819751927454	parsec.freqmine	1000	33	0.900000	0.433000	0.419000	502476685	1473	428887	28612578	55845792	34838194	790609
1496409820261247714	parsec.freqmine	1000	33	0.900000	0.434000	0.420000	502254245	1467	404217	28589868	55786152	34409110	780305
1496409820770492557	parsec.freqmine	1000	33	0.900000	0.434000	0.420000	502218188	1472	460983	28623286	55861968	35365078	780497
1496409821279878442	parsec.freqmine	1000	33	0.900000	0.434000	0.420000	502590953	1475	480305	28643732	55919887	35703976	792628
1496409821789144827	parsec.freqmine	1000	33	0.900000	0.434000	0.420000	502316897	1475	484966	28639116	55883363	35773457	785817
1496409822298479462	parsec.freqmine	1000	33	0.900000	0.434000	0.420000	502419673	1479	466868	28645885	55912723	35495784	788142
1496409822807752514	parsec.freqmine	1000	32	0.900000	0.434000	0.420000	502540609	1474	475163	28644599	55911799	35606127	787603
1496409823317068523	parsec.freqmine	1000	33	0.900000	0.434000	0.420000	502511994	1474	418964	28638766	55912166	34747102	779543
1496409823826489075	parsec.freqmine	1000	32	0.900000	0.433000	0.419000	502279371	1471	457734	28620900	55863367	35294516	778765
1496409824335696418	parsec.freqmine	1000	32	0.900000	0.435000	0.421000	502489798	1470	403050	28606061	55834636	34425994	786514
1496409824845058345	parsec.freqmine	1000	32	0.900000	0.432000	0.418000	502177552	1476	458273	28624793	55874586	35332313	778587
1496409825354279188	parsec.freqmine	1000	32	0.900000	0.433000	0.419000	502432285	1476	437828	28632196	55883637	35019475	781932
1496409825863385782	parsec.freqmine	1000	32	0.900000	0.433000	0.419000	502492362	1479	423925	28624533	55868845	34792129	783312
1496409826372639250	parsec.freqmine	1000	32	0.900000	0.434000	0.420000	502098390	1467	442951	28607946	55834360	35067955	784596
1496409826881966177	parsec.freqmine	1000	32	0.900000	0.432000	0.418000	965291147	5144	4363642	53703117	234159060	294827399	7801886
1496409827391360937	parsec.freqmine	1000	33	0.900000	0.999000	0.971000	964560334	10474	4262528	64832237	211571191	246277020	20836368
1496409827901153279	parsec.freqmine	1000	33	0.900000	0.807000	0.783000	996573923	35413	2733993	122263852	224255093	130624694	39219602
1496409828410609747	parsec.freqmine	1000	33	0.900000	0.760000	0.737000	933170437	3900	7075476	135606952	399457818	257782625	14841148
1496409828920051007	parsec.freqmine	1000	34	0.900000	0.789000	0.766000	1001406987	474	11464113	165652113	591220080	426691089	5464567
1496409829429246809	parsec.freqmine	1000	34	0.900000	1.019000	0.989000	1001420304	468	11395461	165954046	587055932	422311700	5596504
1496409829938484402	parsec.freqmine	1000	34	0.900000	1.032000	1.003000	1001434078	464	11434912	165391450	594448316	426852114	5242487
1496409830447765120	parsec.freqmine	1000	34	0.900000	1.032000	1.003000	1001426435	464	10831929	168360848	606272315	424654074	4729071
1496409830956953339	parsec.freqmine	1000	34	0.900000	1.035000	1.006000	1001413425	452	10712651	168849992	616930180	429882037	4378608
1496409831466296099	parsec.freqmine	1000	34	0.900000	1.041000	1.011000	1001404312	454	10715757	168310943	615909946	428974106	4569289
1496409831975489067	parsec.freqmine	1000	34	0.900000	1.041000	1.010000	1001422658	454	10673580	167896049	615795635	428101128	4894908
1496409832484803911	parsec.freqmine	1000	34	0.900000	1.042000	1.012000	1001449553	454	10968143	165783431	608266676	427803252	5462693
1496409832993991129	parsec.freqmine	1000	35	0.900000	1.040000	1.009000	1001413943	460	11087448	166981031	603018089	427540874	5698278
1496409833503143639	parsec.freqmine	1000	35	0.900000	1.042000	1.012000	1001392738	454	11143992	167613190	606565377	431438579	5397032
1496409834012547899	parsec.freqmine	1000	35	0.900000	1.042000	1.012000	1001408593	456	11120387	167023506	603353952	427499042	5268160
1496409834521909784	parsec.freqmine	1000	35	0.900000	1.035000	1.006000	1001429306	458	10963373	167179850	611351229	429821827	5449030
1496409835031118544	parsec.freqmine	1000	35	0.900000	1.047000	1.017000	1001407718	454	11003890	166792364	614700181	430445289	4667674
1496409835540297971	parsec.freqmine	1000	35	0.900000	1.043000	1.012000	1001604263	458	11277375	166502909	609197378	431946039	4575155
1496409836049537981	parsec.freqmine	1000	35	0.900000	1.039000	1.008000	1001402779	452	11781952	164193376	592481244	429536522	5247569
1496409836558840574	parsec.freqmine	1000	35	0.900000	1.036000	1.005000	1001415655	452	11227982	164269315	603914428	428469623	5865704
1496409837068137542	parsec.freqmine	1000	35	0.900000	1.039000	1.008000	1001599091	450	10948003	165711058	604043709	423463551	5720537
1496409837577483594	parsec.freqmine	1000	35	0.900000	1.037000	1.007000	1001650952	454	11005608	165016117	606445907	425575462	5644759
1496409838086796479	parsec.freqmine	1000	35	0.900000	1.045000	1.015000	1001592995	446	11311596	164294807	609845860	430623699	4801823
1496409838596059614	parsec.freqmine	1000	35	0.900000	1.042000	1.012000	1001592172	448	11404923	162893258	597019247	425062408	5543358
1496409839105220666	parsec.freqmine	1000	35	0.900000	1.038000	1.008000	1001877153	450	11519134	162513099	598525349	427859818	5863847
1496409839614456467	parsec.freqmine	1000	35	0.900000	1.036000	1.006000	1001592750	452	10928532	163801590	583647000	408239375	6242153
1496409840123647811	parsec.freqmine	1000	35	0.900000	1.019000	0.989000	999081928	528	6806350	165878991	415383878	255659187	12908965
1496409840632810154	parsec.freqmine	1000	35	0.900000	0.878000	0.852000	1001601162	608	9811599	158362715	472806045	342151741	10167400
1496409841142131164	parsec.freqmine	1000	35	0.900000	0.997000	0.968000	985200098	2811	12760824	137764754	325285810	335906992	13650606
1496409841651527174	parsec.freqmine	1000	35	0.900000	0.927000	0.900000	1001607623	1942	13163150	145394354	342325104	363129530	14425403
1496409842160791101	parsec.freqmine	1000	35	0.900000	0.938000	0.911000	970247033	2048	13681387	137838531	325448193	368279841	13932465
1496409842671302817	parsec.streamcluster	1000	35	0.900000	0.594000	0.579000	384146630	34824	2425385	37652508	92880197	106904194	7050352
1496409843181518951	parsec.streamcluster	1000	34	0.900000	0.536000	0.519000	553975281	53900	3625213	50449612	127658354	153719668	10422606
1496409843692026876	parsec.streamcluster	1000	34	0.900000	0.536000	0.519000	553691353	53532	3603797	51726475	129243935	154301218	10363499
1496409844202277551	parsec.streamcluster	1000	34	0.900000	0.537000	0.520000	553096399	52857	3575322	53556651	131648545	155285515	10243883
1496409844712779601	parsec.streamcluster	1000	34	0.900000	0.538000	0.521000	553958489	51324	3545910	55808169	134628512	156339946	10121736
1496409845222675152	parsec.streamcluster	1000	34	0.900000	0.553000	0.536000	822439412	17662	1740110	54097251	309799837	209756768	27870782
1496409845732200453	parsec.streamcluster	1000	35	0.900000	1.069000	1.039000	1001622990	898	1635010	43504877	376961408	250943123	43439552
1496409846241661588	parsec.streamcluster	1000	35	0.900000	1.074000	1.043000	1001636427	904	1631206	43460963	376877779	250832806	43448560
1496409846751254931	parsec.streamcluster	1000	35	0.900000	1.074000	1.043000	1001681700	895	1638677	43547834	376919281	250923911	43450199
1496409847260638024	parsec.streamcluster	1000	36	0.900000	1.075000	1.044000	1001472312	867	1629803	43580692	376931332	250822219	43433083
1496409847770197617	parsec.streamcluster	1000	36	0.900000	1.074000	1.043000	1001592774	932	1634260	43516979	376804831	250794901	43425142
1496409848279644002	parsec.streamcluster	1000	36	0.900000	1.075000	1.044000	1001447256	873	1624448	43495990	376922617	250681658	43424387
1496409848789126928	parsec.streamcluster	1000	36	0.900000	1.074000	1.043000	1001475014	931	1635745	43540319	376628619	250668580	43419552
1496409849298487688	parsec.streamcluster	1000	36	0.900000	1.074000	1.042000	1001473639	884	1495065	43033193	374712704	246316396	45312850
1496409849807915531	parsec.streamcluster	1000	36	0.900000	1.078000	1.047000	1001450619	802	1460604	42916261	374462719	245357739	45545869
1496409850317347874	parsec.streamcluster	1000	36	0.900000	1.076000	1.044000	1001445381	892	1441522	42913337	373933046	244581102	45327968
1496409850826864592	parsec.streamcluster	1000	36	0.900000	1.074000	1.043000	1001451489	960	1395745	42759181	373888024	243391616	44754713
1496409851336404602	parsec.streamcluster	1000	36	0.900000	1.075000	1.044000	1001589117	948	1393920	42905081	373861650	243255363	44735761
1496409851845928028	parsec.streamcluster	1000	36	0.900000	1.073000	1.041000	1001435963	922	1354098	42577688	373414991	242198644	44548759
1496409852355288705	parsec.streamcluster	1000	37	0.900000	1.071000	1.041000	1001485256	965	1348849	42677697	372623590	241480522	43756139
1496409852864813964	parsec.streamcluster	1000	37	0.900000	1.072000	1.041000	1001711376	906	1320578	42391228	371890306	240447162	43559312
1496409853374175516	parsec.streamcluster	1000	37	0.900000	1.067000	1.037000	1001442516	952	1324975	42501757	372718662	240930104	43669160
1496409853883595817	parsec.streamcluster	1000	37	0.900000	1.067000	1.037000	1001486130	922	1323105	42419754	372151909	240622139	43591986
1496409854393049785	parsec.streamcluster	1000	37	0.900000	1.067000	1.037000	1001586891	947	1324427	42555007	372161219	240579716	43598900
1496409854902503587	parsec.streamcluster	1000	37	0.900000	1.067000	1.037000	1001481975	951	1316980	42446965	371351278	240055649	43873420
1496409855411988513	parsec.streamcluster	1000	37	0.900000	1.068000	1.038000	1001477859	981	1307115	42328456	371295570	239698808	43807077
1496409855921581939	parsec.streamcluster	1000	37	0.900000	1.068000	1.037000	1001601465	971	1309477	42337941	371737799	240040109	43871818
1496409856431145074	parsec.streamcluster	1000	37	0.900000	1.069000	1.039000	1001445290	950	1310255	42397811	371542335	239850599	43835466
1496409856940574750	parsec.streamcluster	1000	37	0.900000	1.069000	1.039000	719990414	3705	1118486	32283386	262332219	173960680	30098189
1496409857449995844	splash2x.barnes	1000	36	0.900000	0.572000	0.558000	508288085	47837	3276145	49214652	122088362	142233366	9393309
1496409857960078019	splash2x.barnes	1000	36	0.900000	0.536000	0.519000	553446309	54087	3607951	50960274	128147468	153345975	10395897
1496409858470444611	splash2x.barnes	1000	35	0.900000	0.537000	0.519000	553287469	53648	3601232	51999005	129480089	154001646	10342353
1496409858980498620	splash2x.barnes	1000	35	0.900000	0.537000	0.520000	552099050	53074	3575691	53726734	131625976	154814783	10224600
1496409859490629920	splash2x.barnes	1000	35	0.900000	0.540000	0.523000	579572742	50812	3442593	55138587	137707896	158894694	10493650
1496409860000267263	splash2x.barnes	1000	35	0.900000	0.538000	0.520000	624232884	17337	2157232	52894485	142092179	140315218	12457818
1496409860509729523	splash2x.barnes	1000	35	0.900000	0.566000	0.549000	1001238658	3506	3079015	61848236	267230662	207840870	18263614
1496409861018956200	splash2x.barnes	1000	35	0.900000	0.859000	0.834000	1001406303	452	2290026	60418306	351953496	247009118	16016016
1496409861528215001	splash2x.barnes	1000	35	0.900000	1.005000	0.975000	1001407704	456	2187251	60439487	352305315	245957410	16758285
1496409862037531053	splash2x.barnes	1000	35	0.900000	1.008000	0.978000	1001413785	454	2206807	60473998	352616916	246409837	16761953
1496409862546871938	splash2x.barnes	1000	35	0.900000	1.009000	0.979000	1001406510	462	2201619	60458764	352530331	246348145	16974542
1496409863056189698	splash2x.barnes	1000	35	0.900000	1.009000	0.979000	1001410119	454	2169375	60491071	352600789	246030091	16806879
1496409863565389583	splash2x.barnes	1000	35	0.900000	1.009000	0.979000	1001414085	458	2164021	60391216	352268709	245680290	17061725
1496409864074660384	splash2x.barnes	1000	35	0.900000	1.009000	0.979000	1001480304	458	2164079	60422332	352279581	245622882	17239148
1496409864583859978	splash2x.barnes	1000	35	0.900000	1.009000	0.979000	1001478762	458	2153246	60415439	352162226	245348052	17067878
1496409865093108613	splash2x.barnes	1000	35	0.900000	1.008000	0.978000	1001565660	454	2131027	60415703	352154831	244710089	17265948
1496409865602333123	splash2x.barnes	1000	35	0.900000	1.008000	0.978000	1001407863	458	2295187	60381486	351392522	246253503	15732940
1496409866111659925	splash2x.barnes	1000	35	0.900000	1.004000	0.974000	1001400288	456	2376003	60428103	351464491	247253039	15079624
1496409866620820101	splash2x.barnes	1000	35	0.900000	1.002000	0.972000	1001409432	462	2366922	60381184	351571389	247315364	14998035
1496409867130229278	splash2x.barnes	1000	35	0.900000	1.002000	0.972000	1001417166	452	2305470	59459738	344106306	242498652	15096274
1496409867639739663	splash2x.barnes	1000	35	0.900000	0.963000	0.935000	812981959	3031	1920442	65676242	208230060	157528337	12217086
1496409868149026297	splash2x.barnes	1000	35	0.900000	0.915000	0.888000	1001588646	454	2299558	60542336	352733727	247496598	14919304
1496409868658227683	splash2x.barnes	1000	35	0.900000	1.005000	0.975000	1001560734	458	2222214	60487872	352525327	246552018	16245659
1496409869167424734	splash2x.barnes	1000	35	0.900000	1.007000	0.977000	1001550204	452	2190330	60348076	351928209	245899371	16877247
1496409869676703619	splash2x.barnes	1000	35	0.900000	1.009000	0.979000	1001555655	456	2202517	60340927	351785520	246113990	16820501
1496409870186055463	splash2x.barnes	1000	35	0.900000	1.008000	0.979000	1001555973	454	2166379	60395180	352033252	245873266	16910869
1496409870695319764	splash2x.barnes	1000	35	0.900000	1.008000	0.978000	1001558043	464	2179984	60368876	352066829	245799650	16628669
1496409871204535399	splash2x.barnes	1000	35	0.900000	1.008000	0.978000	1001663025	454	2166909	60384644	352082069	245621071	17129358
1496409871713951826	splash2x.barnes	1000	35	0.900000	1.009000	0.979000	1001680734	456	2160384	60378146	351871688	245148897	16948644
1496409872223216794	splash2x.barnes	1000	35	0.900000	1.008000	0.978000	1001546874	448	2136510	60348009	351959726	244828695	16786061
1496409872732624346	splash2x.barnes	1000	35	0.900000	1.008000	0.978000	1001550375	450	2263320	60515443	352157215	246634912	15449515
1496409873242048814	splash2x.barnes	1000	35	0.900000	1.004000	0.974000	1001551746	446	2312782	60583352	352895437	247577727	14487012
1496409873751452615	splash2x.barnes	1000	35	0.900000	1.002000	0.972000	1001546349	450	2314410	60571288	352892361	247693476	14539896
1496409874260712917	splash2x.barnes	1000	35	0.900000	1.004000	0.974000	1001667840	454	2389982	60518463	352539508	248384365	14140319
1496409874770102885	splash2x.barnes	1000	35	0.900000	1.003000	0.973000	713323019	1232	1569970	48472549	214541140	154781365	9804842
1496409875279390228	splash2x.barnes	1000	35	0.900000	0.742000	0.719000	977723406	1972	2332120	69461839	294330199	213966187	14907582
1496409875788582488	splash2x.barnes	1000	35	0.900000	1.005000	0.975000	1001420376	458	2265621	60556364	352837829	247199509	15643833
1496409876297804540	splash2x.barnes	1000	35	0.900000	1.007000	0.977000	1001412483	450	2165437	60303268	351923369	245275744	16743355
1496409876807129800	splash2x.barnes	1000	35	0.900000	1.008000	0.978000	1001411175	458	2195673	60352495	351924597	245916980	16417417
1496409877316417977	splash2x.barnes	1000	35	0.900000	1.008000	0.978000	1001399520	450	2161014	60307938	351862779	245377012	17088469
1496409877825774987	splash2x.barnes	1000	35	0.900000	1.008000	0.978000	1001508018	462	2151626	60367381	352031289	245291003	16690298
1496409878335079080	splash2x.barnes	1000	35	0.900000	1.008000	0.979000	1001405595	454	2154208	60335497	351974737	245267214	16532347
1496409878844343673	splash2x.barnes	1000	35	0.900000	1.009000	0.979000	1001398411	464	2155264	60357599	351804046	245147853	16720492
1496409879353450017	splash2x.barnes	1000	35	0.900000	1.008000	0.978000	1001373326	454	2146074	60427116	352301066	245364690	16472034
1496409879862712068	splash2x.barnes	1000	35	0.900000	1.008000	0.978000	1001372799	458	2132778	60339116	351779074	244712914	16945968
1496409880372080203	splash2x.barnes	1000	35	0.900000	1.008000	0.978000	1001376282	452	2278755	60531102	352618643	247053538	14814233
1496409880881496005	splash2x.barnes	1000	35	0.900000	1.004000	0.974000	1001376342	458	2358782	60681418	353239266	248506854	13908196
1496409881390690015	splash2x.barnes	1000	35	0.900000	1.002000	0.972000	914313674	420	2059870	54027787	312235612	220066598	13019101
1496409881899966900	splash2x.barnes	1000	35	0.900000	1.000000	0.971000	785025803	2814	1828236	63828281	199775082	151366412	11564209
1496409882409242535	splash2x.barnes	1000	35	0.900000	0.664000	0.644000	1001599236	464	2273266	60580857	353085798	247260174	14936841
1496409882918436878	splash2x.barnes	1000	35	0.900000	0.985000	0.956000	1001382123	454	2225674	60603265	353179396	246975206	15787538
1496409883427688763	splash2x.barnes	1000	35	0.900000	1.005000	0.975000	1001416878	458	2184898	60442242	352661435	246169727	16538704
1496409883936926732	splash2x.barnes	1000	35	0.900000	1.008000	0.978000	1001581950	454	2201959	60509807	352732479	246647853	16358823
1496409884446250617	splash2x.barnes	1000	35	0.900000	1.008000	0.978000	1001557956	456	2166800	60503918	352778497	246009324	16810001
1496409884955437002	splash2x.barnes	1000	35	0.900000	1.010000	0.980000	1001392512	446	2175464	60457093	352786661	245999787	16664959
1496409885464708928	splash2x.barnes	1000	35	0.900000	1.009000	0.979000	1001404341	448	2159765	60454288	352608044	245736958	16773784
1496409885974039355	splash2x.barnes	1000	35	0.900000	1.010000	0.980000	1001407449	444	2149932	60503241	352808013	245729792	16561102
1496409886483234740	splash2x.barnes	1000	35	0.900000	1.009000	0.979000	1001414903	456	2153232	60494202	352746139	245588696	16630233
1496409886992451125	splash2x.barnes	1000	35	0.900000	1.009000	0.979000	1001414245	446	2265381	60639318	352931611	247044210	15319867
1496409887501798052	splash2x.barnes	1000	35	0.900000	1.002000	0.972000	1001400954	458	2279247	60606571	352956745	247200411	14480562
1496409888011057520	splash2x.barnes	1000	35	0.900000	1.005000	0.975000	1001626392	456	2291234	60635511	353415290	247875068	14261761
1496409888520225113	splash2x.barnes	1000	35	0.900000	1.004000	0.974000	1001411880	456	2354882	60578636	352958847	248320863	13707968
1496409889029386957	splash2x.barnes	1000	35	0.900000	1.003000	0.973000	672891988	3239	1491337	40043981	208437894	152972109	10028866
1496409889539302966	splash2x.fmm	1000	35	0.900000	0.985000	0.957000	381000193	35147	2443777	37716876	92791065	106980999	6950929
1496409890049770224	splash2x.fmm	1000	34	0.900000	0.352000	0.343000	553924754	54119	3615101	50552713	127788838	153553889	10405414
1496409890559676233	splash2x.fmm	1000	34	0.900000	0.537000	0.520000	553485613	53709	3598221	51716869	129297264	154123208	10302876
1496409891069770701	splash2x.fmm	1000	34	0.900000	0.537000	0.520000	553161345	52936	3583208	53504133	131528691	155177089	10201787
1496409891579712085	splash2x.fmm	1000	34	0.900000	0.538000	0.521000	558504022	52142	3542204	55592083	134810094	156697925	10185804
1496409892089187094	splash2x.fmm	1000	34	0.900000	0.540000	0.523000	531217238	14980	1071830	35132352	88097299	84244490	4587112
1496409892598480354	splash2x.fmm	1000	34	0.900000	0.494000	0.478000	607576074	34089	1076050	38639374	113708843	104904376	8497836
1496409893108598780	splash2x.fmm	1000	34	0.900000	0.565000	0.548000	784640543	96009	2325569	59362390	187263151	191693361	13011799
1496409893618018415	splash2x.fmm	1000	34	0.900000	0.588000	0.570000	504682367	14433	4793962	45859835	89430729	152006169	13615723
1496409894127388675	splash2x.fmm	1000	34	0.900000	0.530000	0.514000	907987018	458	817157	34169430	173136882	181834659	8433350
1496409894636625560	splash2x.fmm	1000	34	0.900000	0.895000	0.869000	1001440320	458	557350	35575547	185466020	215281176	6955438
1496409895146219194	splash2x.fmm	1000	34	0.900000	0.889000	0.863000	1001420487	454	534541	37552206	193725710	225204839	7192761
1496409895655483704	splash2x.fmm	1000	34	0.900000	0.903000	0.876000	1001402712	454	525637	38730438	198816117	230736610	7272920
1496409896164764381	splash2x.fmm	1000	34	0.900000	0.924000	0.897000	1001454918	456	538679	36875665	190917261	221794898	7033679
1496409896674027932	splash2x.fmm	1000	34	0.900000	0.911000	0.884000	1001412738	456	518219	43440815	219411403	256494670	7614348
1496409897183187109	splash2x.fmm	1000	35	0.900000	0.993000	0.964000	971694972	451	453460	63145816	244091371	284313769	8741845
1496409897692675202	splash2x.fmm	1000	35	0.900000	0.855000	0.830000	994405096	783	3550569	54881913	176503722	210122036	14302528
1496409898201945879	splash2x.fmm	1000	35	0.900000	0.904000	0.877000	1001448546	454	546237	35457996	184958034	214534501	6882264
1496409898711334930	splash2x.fmm	1000	35	0.900000	0.899000	0.872000	1001413458	460	540451	37168536	192214379	223262182	7085421
1496409899220529649	splash2x.fmm	1000	35	0.900000	0.918000	0.891000	1001385738	452	534436	38349042	197149322	229048612	7167998
1496409899729907159	splash2x.fmm	1000	35	0.900000	0.922000	0.895000	1001403135	456	548784	37728895	194540674	226281592	7164811
1496409900239170710	splash2x.fmm	1000	35	0.900000	0.915000	0.888000	1001406480	454	533485	38004761	195833960	227632739	7177689
1496409900748386637	splash2x.fmm	1000	35	0.900000	0.926000	0.899000	955924593	445	449463	56195135	271128367	318797770	8608658
1496409901257714605	splash2x.fmm	1000	35	0.900000	0.922000	0.895000	999422577	547	3424282	66816281	172492507	205211220	14729447
1496409901767075115	splash2x.fmm	1000	35	0.900000	0.886000	0.860000	1001550756	460	585926	35226205	185044897	213561350	6958686
1496409902276498625	splash2x.fmm	1000	35	0.900000	0.894000	0.868000	1001388927	458	548671	36562204	189663314	220383914	7021762
1496409902785945843	splash2x.fmm	1000	35	0.900000	0.910000	0.883000	1001390958	460	536142	37178734	192182619	223178818	7080658
1496409903295148103	splash2x.fmm	1000	35	0.900000	0.913000	0.886000	1001663073	454	532015	37631059	194225382	225402585	7057915
1496409903804421530	splash2x.fmm	1000	35	0.900000	0.911000	0.884000	1001403606	458	545049	36695263	190227816	220947151	7065170
1496409904313770998	splash2x.fmm	1000	35	0.900000	0.909000	0.882000	1001402382	454	470647	53288746	262168357	308391656	8362142
1496409904823151216	splash2x.fmm	1000	35	0.900000	1.036000	1.005000	959248947	513	3271496	69521487	169733861	220210505	14141638
1496409905332331768	splash2x.fmm	1000	35	0.900000	0.877000	0.851000	1001444547	473	708309	36786004	202076264	215196347	7970770
1496409905841786444	splash2x.fmm	1000	35	0.900000	0.891000	0.865000	1001397963	454	555061	36123463	187842899	218117568	6937087
1496409906351112954	splash2x.fmm	1000	35	0.900000	0.908000	0.881000	1001392920	458	548995	37179977	192200754	223517018	7119470
1496409906860375339	splash2x.fmm	1000	35	0.900000	0.922000	0.895000	1001384583	460	558891	38367515	197311157	229327622	7157798
1496409907369597058	splash2x.fmm	1000	35	0.900000	0.913000	0.886000	1001393421	454	547198	36816630	190687803	221666900	7043219
1496409907878896818	splash2x.fmm	1000	35	0.900000	0.951000	0.923000	1001394660	458	497206	47967525	239073945	280351354	7884963
1496409908388285286	splash2x.fmm	1000	35	0.900000	0.898000	0.871000	945197802	462	774165	56598901	200190909	233292917	12098162
1496409908897660129	splash2x.fmm	1000	35	0.900000	0.805000	0.781000	1000962309	538	3162370	55206226	195442304	231049921	10435224
1496409909406947181	splash2x.fmm	1000	35	0.900000	0.892000	0.866000	1001378568	454	565190	35594195	185581177	215688258	6942334
1496409909916416774	splash2x.fmm	1000	35	0.900000	0.898000	0.871000	1001377359	458	533561	37482025	193506329	224678052	7134595
1496409910425607076	splash2x.fmm	1000	35	0.900000	0.915000	0.888000	1001377023	456	544263	37436343	193448396	224490879	7022159
1496409910934994585	splash2x.fmm	1000	35	0.900000	0.922000	0.895000	1001362308	454	530969	41728823	212095882	247640763	7374706
1496409911444283970	splash2x.fmm	1000	35	0.900000	0.905000	0.878000	967319675	453	446122	61518377	250286619	292122504	8766903
1496409911953576897	splash2x.fmm	1000	35	0.900000	1.025000	0.995000	453531080	6396	795008	34546133	84912866	85610679	6086036
1496409912462875782	splash2x.radiosity	1000	35	0.900000	0.753000	0.730000	553967166	53286	3622999	51178650	128975556	154025735	10356332
1496409912972939874	splash2x.radiosity	1000	34	0.900000	0.500000	0.485000	553336591	53804	3596203	51056485	128483674	153814439	10341558
1496409913483189425	splash2x.radiosity	1000	34	0.900000	0.535000	0.518000	553175691	53162	3580235	52446764	130187148	154454993	10276809
1496409913993387017	splash2x.radiosity	1000	34	0.900000	0.536000	0.519000	552435673	52920	3565468	53964199	132084439	155213513	10185881
1496409914503394567	splash2x.radiosity	1000	34	0.900000	0.537000	0.519000	571134392	58415	3062937	52848293	139454550	152335341	10356101
1496409915013329326	splash2x.radiosity	1000	34	0.900000	0.566000	0.549000	510193107	58139	1298468	44629387	137836251	126688219	11121473
1496409915523201419	splash2x.radiosity	1000	34	0.900000	0.552000	0.535000	511313738	65424	1498221	44305038	142650714	128154634	8439453
1496409916033149053	splash2x.radiosity	1000	34	0.900000	0.520000	0.504000	508570080	73738	1447586	47153282	150401595	130648365	9033723
1496409916543052854	splash2x.radiosity	1000	34	0.900000	0.528000	0.512000	505249623	75587	1230404	43654154	145404033	116094839	12029374
1496409917053488320	splash2x.radiosity	1000	34	0.900000	0.517000	0.501000	513922089	28330	491983	21234377	80198467	54275301	23251828
1496409917562848164	splash2x.radiosity	1000	34	0.900000	0.487000	0.472000	1001318168	3980	6589493	158261469	356035181	411016881	7293332
1496409918071950340	splash2x.radiosity	1000	34	0.900000	1.050000	1.019000	1001663641	493	9167413	187457445	360776824	482332014	11728322
1496409918581053309	splash2x.radiosity	1000	34	0.900000	1.086000	1.055000	1001406546	495	9342781	187767300	356884271	483379263	11836567
1496409919090036861	splash2x.radiosity	1000	35	0.900000	1.088000	1.057000	1001409165	491	8936003	185387546	364474177	480010479	10611911
1496409919599068746	splash2x.radiosity	1000	35	0.900000	1.085000	1.053000	1001404877	566	7462573	179678146	374961449	458679911	7471386
1496409920108077965	splash2x.radiosity	1000	35	0.900000	1.083000	1.051000	1001418924	554	7104788	176381110	375906940	451808298	7569110
1496409920617187934	splash2x.radiosity	1000	35	0.900000	1.071000	1.039000	1001407103	609	8420602	175967760	374865978	459100678	6549991
1496409921126265569	splash2x.radiosity	1000	35	0.900000	1.066000	1.035000	1001408477	616	8668557	175853265	371986311	458266610	6609427
1496409921635240454	splash2x.radiosity	1000	35	0.900000	1.067000	1.037000	1001509466	580	8408096	175671239	376579801	458610195	6869822
1496409922144253090	splash2x.radiosity	1000	35	0.900000	1.064000	1.033000	1001507824	627	7602614	173413821	382519189	447430577	7220676
1496409922653374767	splash2x.radiosity	1000	35	0.900000	1.069000	1.037000	1001336299	628	7531169	176425766	381201812	450289267	6406260
1496409923162478360	splash2x.radiosity	1000	35	0.900000	1.068000	1.037000	1001321882	549	7910528	180849061	374306850	459506056	5708507
1496409923671671995	splash2x.radiosity	1000	35	0.900000	1.067000	1.037000	1001317870	537	7559600	178736298	379756449	453891523	4864748
1496409924180743547	splash2x.radiosity	1000	35	0.900000	1.061000	1.030000	1001312981	598	7370425	176133747	380432944	446388375	4280883
1496409924690032390	splash2x.radiosity	1000	35	0.900000	1.062000	1.032000	1001322410	684	8153642	173179467	371661310	450584185	5339080
1496409925199183609	splash2x.radiosity	1000	35	0.900000	1.057000	1.027000	1001313054	715	6942680	167871608	380582677	430636088	5677068
1496409925708339286	splash2x.radiosity	1000	35	0.900000	1.059000	1.028000	1001392541	834	7483982	158933420	375279099	420567996	5803502
1496409926217424046	splash2x.radiosity	1000	35	0.900000	1.048000	1.018000	1001315736	668	8479012	170638615	370842097	449156289	7854012
1496409926726539181	splash2x.radiosity	1000	35	0.900000	1.063000	1.033000	1001326462	674	8272069	166977507	375397271	439840463	5679097
1496409927235660066	splash2x.radiosity	1000	35	0.900000	1.049000	1.018000	1001328366	691	7424112	167819654	386839185	433906230	5373492
1496409927744865910	splash2x.radiosity	1000	35	0.900000	1.059000	1.029000	1001321604	698	8283641	165839463	377428715	436817343	5367795
1496409928253991045	splash2x.radiosity	1000	35	0.900000	1.049000	1.018000	1001323246	699	7544254	168241118	384027390	435726812	5900975
1496409928763033555	splash2x.radiosity	1000	35	0.900000	1.064000	1.034000	1001316166	615	7447718	172885143	382895332	441195230	7529215
1496409929272066774	splash2x.radiosity	1000	35	0.900000	1.065000	1.034000	1001464531	610	7134049	179215308	381453202	447024272	5310656
1496409929781273534	splash2x.radiosity	1000	35	0.900000	1.060000	1.030000	1001312074	751	7866059	165824297	374919767	434126969	6328554
1496409930290359461	splash2x.radiosity	1000	35	0.900000	1.055000	1.025000	1001327630	725	7880460	169958067	375950921	438991157	5284085
1496409930799476304	splash2x.radiosity	1000	35	0.900000	1.056000	1.026000	1001310675	743	6874491	168844796	377962627	426122234	3625808
1496409931308479482	splash2x.radiosity	1000	35	0.900000	1.034000	1.005000	1001314386	740	6711043	169869622	382686367	426641833	4260352
1496409931817736867	splash2x.radiosity	1000	35	0.900000	1.048000	1.017000	1001348310	748	6752485	161716673	392159661	422888789	4419835
1496409932326889960	splash2x.radiosity	1000	35	0.900000	1.051000	1.020000	1001321501	700	7516986	151240185	393191750	424244314	6559646
1496409932836177928	splash2x.radiosity	1000	35	0.900000	1.056000	1.025000	1001337890	675	7287955	154823655	390979050	421909553	6953340
1496409933345211230	splash2x.radiosity	1000	35	0.900000	1.063000	1.032000	1001318795	681	7411428	160093720	390104307	428256776	5997563
1496409933854377282	splash2x.radiosity	1000	35	0.900000	1.053000	1.023000	1001315636	758	6657583	163525167	397170451	425213544	5874918
1496409934363320918	splash2x.radiosity	1000	35	0.900000	1.064000	1.034000	1001317154	735	6792022	157188046	394155608	417066358	5405323
1496409934872454928	splash2x.radiosity	1000	35	0.900000	1.055000	1.025000	1001312535	678	8012295	167831420	382569757	441130160	5519265
1496409935381537480	splash2x.radiosity	1000	35	0.900000	1.049000	1.019000	1001320769	859	6529638	157226720	390258908	415093015	4821016
1496409935890631157	splash2x.radiosity	1000	35	0.900000	1.053000	1.023000	1001315210	740	7845582	166196461	380152632	435008654	6365872
1496409936399731375	splash2x.radiosity	1000	35	0.900000	1.058000	1.027000	1001306824	746	7648108	162940688	382445064	430519357	7250021
1496409936908734219	splash2x.radiosity	1000	35	0.900000	1.055000	1.025000	1001402960	728	8249519	165211457	382005164	439845917	7365424
1496409937417770771	splash2x.radiosity	1000	35	0.900000	1.061000	1.031000	1001307855	792	7412774	168631869	384112293	432506594	6833859
1496409937926970573	splash2x.radiosity	1000	35	0.900000	1.055000	1.025000	1001286888	798	7660213	173666584	370611150	437879067	6548511
1496409938436137166	splash2x.radiosity	1000	35	0.900000	1.046000	1.016000	1001460147	803	7500697	169830032	372095931	430913602	5774897
1496409938945243468	splash2x.radiosity	1000	35	0.900000	1.039000	1.008000	1001442950	1038	6086644	163769115	384335652	411980234	4231341
1496409939454288020	splash2x.radiosity	1000	35	0.900000	1.039000	1.009000	1001291215	990	6737958	161391741	382964826	414017163	3721968
1496409939963267822	splash2x.radiosity	1000	35	0.900000	1.037000	1.007000	1001451809	928	8059618	154089255	378555923	424994897	7461341
1496409940472300332	splash2x.radiosity	1000	35	0.900000	1.043000	1.013000	1001590705	974	7773679	156431370	372647909	419623226	7256339
1496409940981623509	splash2x.radiosity	1000	35	0.900000	1.038000	1.008000	1001462454	1195	6631850	156344567	377175890	408142771	6239984
1496409941490650936	splash2x.radiosity	1000	35	0.900000	1.028000	0.999000	1001144769	1032	7566111	147228486	362203041	401751099	8985600
1496409941999764071	splash2x.radiosity	1000	35	0.900000	1.037000	1.007000	1001213633	1055	6570559	142146027	348487043	374131660	9721542
1496409942508891831	splash2x.radiosity	1000	35	0.900000	1.014000	0.984000	1000988721	1025	4726522	107169861	286605691	276575138	17163606
1496409943018126050	splash2x.radiosity	1000	35	0.900000	0.975000	0.946000	872744655	1287	1759923	81782316	184085442	116412671	20220887
1496409943527207268	splash2x.radiosity	1000	35	0.900000	0.842000	0.817000	501004337	258	1314259	133139730	132794500	38638814	15378796
1496409944036316320	splash2x.radiosity	1000	34	0.900000	0.469000	0.453000	500944453	254	1324898	138357197	137982550	39335428	13487988
1496409944545373747	splash2x.radiosity	1000	34	0.900000	0.469000	0.454000	500945709	254	1051576	125751553	125728520	31155224	18032280
1496409945054496174	splash2x.radiosity	1000	34	0.900000	0.468000	0.453000	459567582	3170	1169231	59204992	123667105	117636737	3599697
1496409945564447016	splash2x.raytrace	1000	34	0.900000	0.533000	0.517000	432852687	40493	2788426	42380065	104741283	121439895	7914289
1496409946074848941	splash2x.raytrace	1000	34	0.900000	0.533000	0.517000	553561384	54056	3619748	50731393	127883318	153422895	10341952
1496409946584981575	splash2x.raytrace	1000	34	0.900000	0.536000	0.518000	553046156	53616	3601531	51886587	129263831	153868528	10268123
1496409947095263917	splash2x.raytrace	1000	33	0.900000	0.536000	0.519000	552484671	53247	3574078	53393810	131238350	154657062	10183983
1496409947605508884	splash2x.raytrace	1000	34	0.900000	0.537000	0.520000	574939806	54187	3593367	55821262	136668043	159138877	10585571
1496409948115025477	splash2x.raytrace	1000	33	0.900000	0.542000	0.525000	748641505	4282	1916005	95414881	221921893	198470345	46975330
1496409948624246696	splash2x.raytrace	1000	34	0.900000	0.866000	0.840000	1001324958	596	535752	97998388	282956093	217381703	91784992
1496409949133384039	splash2x.raytrace	1000	34	0.900000	1.100000	1.069000	1001328492	541	609688	97092987	285097460	220375801	93119060
1496409949642607507	splash2x.raytrace	1000	34	0.900000	1.100000	1.069000	1001317496	493	514217	97521948	284700135	218337120	91806343
1496409950151875559	splash2x.raytrace	1000	34	0.900000	1.099000	1.068000	1001308325	558	472347	96783639	286219876	219035549	91474707
1496409950661321069	splash2x.raytrace	1000	35	0.900000	1.100000	1.069000	1001580983	548	463710	95472183	285790939	219502438	92843404
1496409951170555954	splash2x.raytrace	1000	35	0.900000	1.101000	1.070000	1001427505	589	604355	93753768	285697674	221034527	93857562
1496409951679937839	splash2x.raytrace	1000	35	0.900000	1.102000	1.071000	1001410722	642	586128	93894623	286771568	221344338	94002915
1496409952189174265	splash2x.raytrace	1000	35	0.900000	1.104000	1.073000	1001404113	537	422111	96389689	285612670	219927479	94401964
1496409952698490692	splash2x.raytrace	1000	35	0.900000	1.104000	1.073000	1001416119	584	438302	95357616	286650668	220471627	94152980
1496409953207713202	splash2x.raytrace	1000	35	0.900000	1.104000	1.073000	1001406678	611	451573	95868006	287912689	221324777	92854934
1496409953717093795	splash2x.raytrace	1000	35	0.900000	1.103000	1.072000	1001409149	577	474993	96498573	286718709	220529407	93162885
1496409954226430680	splash2x.raytrace	1000	35	0.900000	1.104000	1.073000	1001468833	534	485206	96371567	285313347	219694913	92941402
1496409954735772857	splash2x.raytrace	1000	35	0.900000	1.104000	1.073000	1001485586	583	560800	94272457	286227715	220892902	94430249
1496409955245078617	splash2x.raytrace	1000	35	0.900000	1.104000	1.073000	1001389270	521	511177	95945299	286133568	220590273	94661926
1496409955754423293	splash2x.raytrace	1000	35	0.900000	1.103000	1.072000	1001418408	544	491066	96312224	284278281	219335870	94088328
1496409956263682720	splash2x.raytrace	1000	35	0.900000	1.102000	1.071000	1001411630	567	503025	96662197	287349361	222065225	95227204
1496409956773018188	splash2x.raytrace	1000	35	0.900000	1.110000	1.078000	1001424293	578	491927	95573876	286416300	220219758	94917945
1496409957282288157	splash2x.raytrace	1000	35	0.900000	1.105000	1.074000	1001416616	581	478799	95352498	286358147	220342806	94924534
1496409957791625583	splash2x.raytrace	1000	35	0.900000	1.108000	1.076000	1001444446	618	520095	94803700	288293638	222150063	95073940
1496409958300916093	splash2x.raytrace	1000	35	0.900000	1.105000	1.072000	1001450925	611	472645	96328437	288737532	222378650	93488496
1496409958810201811	splash2x.raytrace	1000	35	0.900000	1.108000	1.076000	1001403320	527	460709	95767687	287253026	220645507	94607367
1496409959319451321	splash2x.raytrace	1000	35	0.900000	1.104000	1.073000	1001405641	522	455417	94685487	285195980	219137206	94649038
1496409959828669373	splash2x.raytrace	1000	35	0.900000	1.104000	1.073000	1001416451	512	406929	93821160	283974976	217113741	94476256
1496409960337927550	splash2x.raytrace	1000	35	0.900000	1.105000	1.074000	1001554168	519	421735	93227643	285290011	217867297	95193440
1496409960847485684	splash2x.raytrace	1000	35	0.900000	1.105000	1.074000	1001417153	525	443443	93665666	285794670	218983823	95344553
1496409961356771528	splash2x.raytrace	1000	35	0.900000	1.105000	1.074000	1001454126	543	547905	94630045	288487269	221759243	95647170
1496409961866241621	splash2x.raytrace	1000	35	0.900000	1.110000	1.078000	1001425880	558	585427	94742312	289230932	223147042	96009565
1496409962375449839	splash2x.raytrace	1000	35	0.900000	1.111000	1.079000	1001421753	510	590577	94147940	288636379	222108388	96104497
1496409962884679266	splash2x.raytrace	1000	35	0.900000	1.109000	1.077000	1001415405	580	516023	93950040	289848192	222447158	95745649
1496409963393902526	splash2x.raytrace	1000	35	0.900000	1.107000	1.076000	1001405818	551	554909	94419813	288785800	222995119	94971713
1496409963903114953	splash2x.raytrace	1000	35	0.900000	1.108000	1.076000	1001417111	519	481295	94479570	286513026	221091428	94708435
1496409964412457838	splash2x.raytrace	1000	35	0.900000	1.102000	1.071000	1001415392	529	395804	95821159	287250988	221327061	94545779
1496409964921865431	splash2x.raytrace	1000	35	0.900000	1.102000	1.071000	1001478533	529	385047	94417535	285020241	218697682	94578642
1496409965431178107	splash2x.raytrace	1000	35	0.900000	1.104000	1.073000	1001399828	515	470524	94068785	286027131	219943303	95161579
1496409965940403784	splash2x.raytrace	1000	35	0.900000	1.105000	1.074000	1001367069	545	452354	93753170	286017630	219918463	94954846
1496409966449664877	splash2x.raytrace	1000	35	0.900000	1.103000	1.072000	1001394487	539	486299	93006003	285852023	219452585	94647321
1496409966958867637	splash2x.raytrace	1000	35	0.900000	1.111000	1.079000	1001406894	549	598254	94027089	289788700	222514031	96286561
1496409967468067689	splash2x.raytrace	1000	35	0.900000	1.112000	1.080000	1001374466	502	628094	93774775	290876508	223625582	96624723
1496409967977531157	splash2x.raytrace	1000	35	0.900000	1.108000	1.076000	1001385146	522	553652	93483111	289253655	222332684	95787912
1496409968487109209	splash2x.raytrace	1000	35	0.900000	1.109000	1.077000	1001385394	530	543150	93426525	290299429	223441131	96099118
1496409968996510302	splash2x.raytrace	1000	35	0.900000	1.110000	1.078000	1001499321	561	556083	93751661	290947767	224430393	96022229
1496409969505744145	splash2x.raytrace	1000	35	0.900000	1.111000	1.079000	1001389265	516	406121	95424309	284674514	219279029	93920967
1496409970015112655	splash2x.raytrace	1000	35	0.900000	1.101000	1.070000	1001422464	541	465268	93650394	286248859	219759542	94766529
1496409970524351998	splash2x.raytrace	1000	35	0.900000	1.096000	1.065000	1001432035	526	456267	94636379	287196042	220355571	95347263
1496409971033548925	splash2x.raytrace	1000	35	0.900000	1.104000	1.073000	1001465119	537	532004	94468461	289073185	222014190	96110502
1496409971542970226	splash2x.raytrace	1000	35	0.900000	1.107000	1.076000	1001470090	511	540255	94413150	288822654	221886855	96019258
1496409972052359570	splash2x.raytrace	1000	35	0.900000	1.112000	1.080000	1001494591	483	569965	94272080	290095841	223019859	96474969
1496409972561670538	splash2x.raytrace	1000	35	0.900000	1.110000	1.078000	1001460555	522	560359	93716090	289594431	222093439	96254823
1496409973071139548	splash2x.raytrace	1000	35	0.900000	1.109000	1.077000	1001638141	519	536582	94039771	289551486	222389511	96007798
1496409973580352516	splash2x.raytrace	1000	35	0.900000	1.107000	1.074000	1001592813	553	530523	93492202	289543712	223107360	95548053
1496409974089589526	splash2x.raytrace	1000	35	0.900000	1.107000	1.076000	1001602567	601	462358	94327743	287562451	221537590	92278337
1496409974598823578	splash2x.raytrace	1000	35	0.900000	1.099000	1.068000	1001605590	649	488679	95095893	288662073	222333580	92801544
1496409975108122296	splash2x.raytrace	1000	35	0.900000	1.103000	1.072000	1001747392	525	516930	94370703	287928993	221277996	94845669
1496409975617354348	splash2x.raytrace	1000	35	0.900000	1.106000	1.075000	1001586882	577	453717	94045423	287992274	221088384	95232671
1496409976126604358	splash2x.raytrace	1000	35	0.900000	1.105000	1.074000	1001585462	528	466877	93999521	288126099	221395974	94963231
1496409976635786618	splash2x.raytrace	1000	35	0.900000	1.105000	1.074000	1001599594	544	566962	93734246	289521705	223432410	95594454
1496409977145102836	splash2x.raytrace	1000	35	0.900000	1.109000	1.077000	1001585708	501	582325	94175483	290400410	224277674	95579672
1496409977654579429	splash2x.raytrace	1000	35	0.900000	1.109000	1.077000	1001591372	559	505847	94543897	289948648	223298974	93945951
1496409978163851773	splash2x.raytrace	1000	35	0.900000	1.103000	1.072000	1001714424	627	430088	94644420	288211847	221452629	92250058
1496409978673224282	splash2x.raytrace	1000	35	0.900000	1.101000	1.070000	1001742446	879	457608	94526877	286560716	219906277	90983374
1496409979182473459	splash2x.raytrace	1000	35	0.900000	1.099000	1.068000	1001424836	738	568038	94313233	288753969	222368328	92955301
1496409979691817969	splash2x.raytrace	1000	35	0.900000	1.101000	1.070000	1001417025	694	596160	94849638	290254904	224557513	91938738
1496409980201106729	splash2x.raytrace	1000	35	0.900000	1.105000	1.074000	668355187	3771	543159	63346661	190235257	149181442	55692512
1496409980711279363	splash2x.water_nsquared	1000	35	0.900000	1.039000	1.009000	539821388	50631	3495013	52128132	129409925	151114755	10003393
1496409981221747538	splash2x.water_nsquared	1000	35	0.900000	0.535000	0.517000	553389870	53706	3607912	50921994	128193100	153575236	10381953
1496409981731934505	splash2x.water_nsquared	1000	34	0.900000	0.536000	0.519000	553317349	53298	3594740	52187337	129901072	154554172	10282915
1496409982242373597	splash2x.water_nsquared	1000	34	0.900000	0.539000	0.522000	551953460	52585	3577173	53794016	131834282	155087766	10203887
1496409982752688897	splash2x.water_nsquared	1000	34	0.900000	0.538000	0.521000	575949660	51251	3387680	57246807	136923534	157170460	10262887
1496409983262251156	splash2x.water_nsquared	1000	34	0.900000	0.540000	0.523000	787089001	880	2033663	164841817	441820059	399749510	12576965
1496409983771698124	splash2x.water_nsquared	1000	35	0.900000	0.832000	0.807000	1001403556	456	1725712	210452846	667908631	567379237	17026453
1496409984281043176	splash2x.water_nsquared	1000	35	0.900000	1.288000	1.251000	1001403767	448	1691141	211613762	665085916	564827200	16927715
1496409984790260103	splash2x.water_nsquared	1000	35	0.900000	1.286000	1.251000	1001528069	462	1697332	212824076	661872419	562114174	16722138
1496409985299482738	splash2x.water_nsquared	1000	35	0.900000	1.287000	1.252000	1001398363	454	1744571	213548453	658974865	560584547	16495022
1496409985808661415	splash2x.water_nsquared	1000	36	0.900000	1.283000	1.247000	1001401495	454	1728216	214126525	656566340	557985730	16419231
1496409986317941216	splash2x.water_nsquared	1000	36	0.900000	1.282000	1.246000	1001397819	452	1757955	215025267	653164993	555996128	16254309
1496409986827184768	splash2x.water_nsquared	1000	36	0.900000	1.278000	1.242000	1001400546	452	1646119	217060002	651503445	554377280	16175870
1496409987336460445	splash2x.water_nsquared	1000	36	0.900000	1.278000	1.242000	1001398876	446	1692495	218308312	648402518	552658306	16061296
1496409987845658496	splash2x.water_nsquared	1000	36	0.900000	1.276000	1.240000	1001394435	450	1805895	218943277	644657783	551133352	15819711
1496409988354936340	splash2x.water_nsquared	1000	36	0.900000	1.278000	1.242000	870267904	394	1596140	189836691	553466485	471965321	13706492
1496409988864214641	splash2x.water_nsquared	1000	36	0.900000	0.734000	0.711000	561370949	308	1402484	120068854	329588833	287328446	8900136
1496409989373399401	splash2x.water_nsquared	1000	36	0.900000	0.800000	0.776000	1001436372	452	2652686	201848542	656388812	567494239	16900561
1496409989882688286	splash2x.water_nsquared	1000	36	0.900000	1.300000	1.263000	1001402880	460	2660285	203307283	651856307	564940026	16839721
1496409990391982338	splash2x.water_nsquared	1000	36	0.900000	1.300000	1.263000	1001398423	456	2642638	205200708	649519343	563463049	16525562
1496409990901316598	splash2x.water_nsquared	1000	36	0.900000	1.298000	1.261000	1001401784	462	2632849	206380207	645455135	560260089	16389946
1496409991410564983	splash2x.water_nsquared	1000	36	0.900000	1.296000	1.259000	1001402229	454	2629625	207885381	643448829	558810476	16179716
1496409991919899326	splash2x.water_nsquared	1000	36	0.900000	1.295000	1.258000	1001572021	462	2668058	209061372	639587784	556404621	16090405
1496409992429092170	splash2x.water_nsquared	1000	36	0.900000	1.293000	1.256000	1001400399	452	2679034	209664722	637566183	554739246	15917134
1496409992938205513	splash2x.water_nsquared	1000	36	0.900000	1.289000	1.252000	1001392161	458	2727178	209776198	635141598	553073377	15841254
1496409993447531773	splash2x.water_nsquared	1000	36	0.900000	1.289000	1.252000	1001417679	450	2675020	210396464	633421565	551029056	15793083
1496409993956842408	splash2x.water_nsquared	1000	36	0.900000	1.283000	1.247000	1001382802	454	2517829	213328673	632531102	549846387	15708647
1496409994466074043	splash2x.water_nsquared	1000	36	0.900000	1.283000	1.247000	762924918	362	1961489	164722713	473127326	410937803	11647181
1496409994975287678	splash2x.water_nsquared	1000	36	0.900000	0.735000	0.712000	718304180	387	2325914	146148813	428597877	380911903	11919887
1496409995484497980	splash2x.water_nsquared	1000	36	0.900000	1.301000	1.265000	1001511525	458	2609960	203304366	655527822	566759836	16842728
1496409995993813323	splash2x.water_nsquared	1000	36	0.900000	1.300000	1.263000	1001428038	460	2656819	203709210	650503529	563213233	16798872
1496409996503108166	splash2x.water_nsquared	1000	36	0.900000	1.299000	1.262000	1001400335	454	2690217	204613005	648362331	561933734	16485236
1496409997012434676	splash2x.water_nsquared	1000	36	0.900000	1.297000	1.261000	1001393557	458	2695460	205288217	645128262	559411959	16336163
1496409997521721311	splash2x.water_nsquared	1000	36	0.900000	1.294000	1.257000	1001383677	454	2626590	207686493	643191932	558298873	16189241
1496409998031060238	splash2x.water_nsquared	1000	36	0.900000	1.290000	1.253000	1001564311	458	2632312	208664618	639663924	555763831	16114211
1496409998540267706	splash2x.water_nsquared	1000	36	0.900000	1.289000	1.252000	1001395410	458	2623562	210024359	637190335	554015389	15945737
1496409999049464758	splash2x.water_nsquared	1000	36	0.900000	1.289000	1.252000	1001669971	460	2693661	211001555	633977032	552722867	15873110
1496409999558629185	splash2x.water_nsquared	1000	37	0.900000	1.290000	1.253000	1001386104	454	2720169	211077765	632561356	551288038	15669755
1496410000067774945	splash2x.water_nsquared	1000	37	0.900000	1.288000	1.251000	611135819	290	1422089	135733592	375345680	325404725	9098218
1496410000577072455	splash2x.water_nsquared	1000	36	0.900000	1.284000	1.248000	870777390	441	2688170	171867166	537463346	473485955	14977222
1496410001086425840	splash2x.water_nsquared	1000	36	0.900000	0.732000	0.710000	1001389265	448	2611423	204155134	653817446	566000949	16780593
1496410001595612267	splash2x.water_nsquared	1000	36	0.900000	1.302000	1.266000	1001391082	450	2641404	205087684	649068792	562904184	16681071
1496410002104870860	splash2x.water_nsquared	1000	36	0.900000	1.298000	1.261000	1001687380	454	2673488	206295202	646120150	560936384	16425871
1496410002614095828	splash2x.water_nsquared	1000	36	0.900000	1.297000	1.260000	1001409443	452	2684413	206934697	643667028	558896311	16244609
1496410003123347672	splash2x.water_nsquared	1000	36	0.900000	1.293000	1.256000	1001445924	444	2697372	207444701	641291584	557033148	16162200
1496410003632563932	splash2x.water_nsquared	1000	36	0.900000	1.293000	1.256000	1001413073	448	2681922	207953776	639173785	554964341	16050724
1496410004141824150	splash2x.water_nsquared	1000	37	0.900000	1.292000	1.255000	1001405045	446	2547798	210436758	637637850	553559701	15964995
1496410004651080702	splash2x.water_nsquared	1000	36	0.900000	1.292000	1.255000	1001400283	450	2585071	211436524	634627513	551658233	15869419
1496410005160537003	splash2x.water_nsquared	1000	36	0.900000	1.287000	1.250000	1001408072	446	2673672	212413905	631674877	550305355	15630603
1496410005669865638	splash2x.water_nsquared	1000	37	0.900000	1.285000	1.250000	963934517	446	2628689	202868832	601864676	524463892	15071738
1496410006179024357	splash2x.water_nsquared	1000	36	0.900000	1.286000	1.249000	527152470	291	1624767	114448541	311986460	276318102	7852351
1496410006688298117	splash2x.water_nsquared	1000	36	0.900000	0.738000	0.715000	1001418664	462	3102927	203524923	617841872	566223830	16528649
1496410007197525127	splash2x.water_nsquared	1000	36	0.900000	1.289000	1.252000	1001575882	454	3122234	205330278	614722797	564740772	16374875
1496410007707027720	splash2x.water_nsquared	1000	36	0.900000	1.288000	1.251000	1001404950	458	3098400	206850165	612182649	562604428	16235209
1496410008216363105	splash2x.water_nsquared	1000	36	0.900000	1.288000	1.251000	1001573911	448	3058913	208561187	610534498	560556326	16120466
1496410008725632198	splash2x.water_nsquared	1000	36	0.900000	1.286000	1.249000	1001579031	460	3078436	209815212	607473594	558381180	15973953
1496410009234890791	splash2x.water_nsquared	1000	36	0.900000	1.286000	1.249000	1001551550	454	3071912	211343621	605971073	556812438	15865757
1496410009744150051	splash2x.water_nsquared	1000	36	0.900000	1.280000	1.244000	1001541448	458	3042839	212228234	604726429	555022985	15783289
1496410010253426936	splash2x.water_nsquared	1000	37	0.900000	1.277000	1.241000	1001545785	458	3048842	212757386	603351935	553559659	15702587
1496410010762615530	splash2x.water_nsquared	1000	37	0.900000	1.277000	1.241000	1001547110	460	3021394	213415824	601882649	551773144	15621931
1496410011271912415	splash2x.water_nsquared	1000	37	0.900000	1.276000	1.240000	1001549005	454	2835490	216553944	601741191	550724551	15568820
1496410011781302716	splash2x.water_nsquared	1000	37	0.900000	1.278000	1.243000	764957778	364	2108862	169098563	457160697	416110328	11649307
1496410012290636476	splash2x.water_nsquared	1000	36	0.900000	1.279000	1.244000	273587258	3070	1087067	55748287	142532707	134871522	3956160
