#Timestamp	CPU(0) Frequency(MHz)	CPU(0) Temperature(C)	A7 Voltage(V)	A7 Current(A)	A7 Power(W)	CPU(4) Frequency(MHz)	CPU(4) Temperature(C)	A15 Voltage(V)	A15 Current(A)	A15 Power(W)	GPU Frequency(MHz)	GPU Temperature(C)	GPU Voltage(V)	GPU Current(A)	GPU Power(W)	RAM Voltage(V)	RAM Current(A)	RAM Power(W)
1496409762179024568	1400 37 1.200000 0.209000 0.262000 1000 34 0.900000 0.325000 0.317000 600 36 0.900000 0.068000 0.067000 1.200000 0.048000 0.058000
1496409762689342284	1400 37 1.200000 0.101000 0.128000 1000 34 0.900000 0.532000 0.514000 600 36 0.900000 0.068000 0.067000 1.200000 0.020000 0.024000
1496409763199749460	1400 37 1.200000 0.102000 0.129000 1000 34 0.900000 0.537000 0.519000 600 37 0.900000 0.068000 0.067000 1.200000 0.015000 0.018000
1496409763709815010	1400 37 1.200000 0.100000 0.127000 1000 34 0.900000 0.537000 0.520000 600 36 0.900000 0.068000 0.067000 1.200000 0.015000 0.018000
1496409764219119895	1400 37 1.200000 0.097000 0.123000 1000 34 0.900000 0.538000 0.521000 600 36 0.900000 0.068000 0.067000 1.200000 0.017000 0.020000
1496409764729020113	1400 36 1.200000 0.099000 0.126000 1000 34 0.900000 0.563000 0.546000 600 36 0.900000 0.068000 0.067000 1.200000 0.034000 0.041000
1496409765238961413	1400 36 1.200000 0.099000 0.126000 1000 34 0.900000 0.530000 0.513000 600 37 0.900000 0.068000 0.067000 1.200000 0.058000 0.070000
1496409765748866797	1400 36 1.200000 0.101000 0.128000 1000 34 0.900000 0.719000 0.698000 600 37 0.900000 0.067000 0.066000 1.200000 0.061000 0.074000
1496409766259051015	1400 39 1.200000 0.102000 0.129000 1000 35 0.900000 0.757000 0.734000 600 37 0.900000 0.067000 0.066000 1.200000 0.060000 0.073000
1496409766768460149	1400 39 1.200000 0.096000 0.122000 1000 35 0.900000 0.932000 0.905000 600 37 0.900000 0.068000 0.067000 1.200000 0.056000 0.068000
1496409767277786076	1400 40 1.200000 0.093000 0.118000 1000 35 0.900000 1.043000 1.013000 600 37 0.900000 0.068000 0.067000 1.200000 0.042000 0.051000
1496409767787233711	1400 40 1.200000 0.093000 0.118000 1000 35 0.900000 0.999000 0.970000 600 38 0.900000 0.069000 0.068000 1.200000 0.040000 0.048000
1496409768296551637	1400 40 1.200000 0.094000 0.119000 1000 35 0.900000 0.976000 0.947000 600 38 0.900000 0.068000 0.067000 1.200000 0.040000 0.048000
1496409768805770147	1400 40 1.200000 0.094000 0.119000 1000 35 0.900000 0.991000 0.962000 600 38 0.900000 0.068000 0.067000 1.200000 0.035000 0.042000
1496409769315136282	1400 40 1.200000 0.093000 0.118000 1000 35 0.900000 1.019000 0.989000 600 38 0.900000 0.069000 0.068000 1.200000 0.038000 0.046000
1496409769824640167	1400 40 1.200000 0.097000 0.123000 1000 35 0.900000 0.949000 0.921000 600 38 0.900000 0.069000 0.068000 1.200000 0.035000 0.042000
1496409770334023552	1400 39 1.200000 0.096000 0.122000 1000 35 0.900000 0.936000 0.908000 600 38 0.900000 0.069000 0.068000 1.200000 0.036000 0.043000
1496409770843964977	1400 40 1.200000 0.097000 0.123000 1000 35 0.900000 0.952000 0.924000 600 38 0.900000 0.069000 0.068000 1.200000 0.027000 0.032000
1496409771353586404	1400 40 1.200000 0.094000 0.119000 1000 35 0.900000 0.948000 0.920000 600 38 0.900000 0.069000 0.068000 1.200000 0.025000 0.030000
1496409771862922455	1400 40 1.200000 0.094000 0.119000 1000 35 0.900000 0.946000 0.918000 600 38 0.900000 0.069000 0.068000 1.200000 0.025000 0.030000
1496409772372031132	1400 40 1.200000 0.098000 0.124000 1000 35 0.900000 0.965000 0.937000 600 38 0.900000 0.069000 0.068000 1.200000 0.034000 0.041000
1496409772881108517	1400 40 1.200000 0.096000 0.122000 1000 35 0.900000 0.970000 0.941000 600 38 0.900000 0.069000 0.068000 1.200000 0.032000 0.038000
1496409773390109986	1400 40 1.200000 0.095000 0.120000 1000 35 0.900000 1.009000 0.979000 600 38 0.900000 0.069000 0.068000 1.200000 0.023000 0.027000
1496409773899229705	1400 40 1.200000 0.098000 0.124000 1000 35 0.900000 1.004000 0.974000 600 38 0.900000 0.069000 0.068000 1.200000 0.021000 0.025000
1496409774408203465	1400 40 1.200000 0.100000 0.127000 1000 35 0.900000 1.011000 0.981000 600 38 0.900000 0.069000 0.068000 1.200000 0.023000 0.027000
1496409774917203017	1400 40 1.200000 0.100000 0.127000 1000 35 0.900000 1.016000 0.986000 600 38 0.900000 0.069000 0.068000 1.200000 0.023000 0.027000
1496409775426399777	1400 40 1.200000 0.099000 0.126000 1000 35 0.900000 1.016000 0.986000 600 38 0.900000 0.069000 0.068000 1.200000 0.022000 0.026000
1496409775935516162	1400 40 1.200000 0.094000 0.119000 1000 35 0.900000 1.022000 0.992000 600 38 0.900000 0.069000 0.068000 1.200000 0.022000 0.026000
1496409776444595714	1400 40 1.200000 0.094000 0.119000 1000 35 0.900000 0.980000 0.951000 600 38 0.900000 0.069000 0.068000 1.200000 0.020000 0.024000
1496409776953671058	1400 40 1.200000 0.092000 0.117000 1000 35 0.900000 0.962000 0.934000 600 38 0.900000 0.069000 0.068000 1.200000 0.019000 0.023000
1496409777462634318	1400 40 1.200000 0.099000 0.126000 1000 35 0.900000 0.983000 0.955000 600 38 0.900000 0.069000 0.068000 1.200000 0.019000 0.023000
1496409777971771870	1400 40 1.200000 0.099000 0.126000 1000 35 0.900000 0.966000 0.938000 600 38 0.900000 0.069000 0.068000 1.200000 0.020000 0.024000
1496409778480813172	1400 40 1.200000 0.099000 0.126000 1000 35 0.900000 0.977000 0.949000 600 38 0.900000 0.069000 0.068000 1.200000 0.022000 0.026000
1496409778989911807	1400 40 1.200000 0.099000 0.126000 1000 35 0.900000 0.980000 0.951000 600 38 0.900000 0.068000 0.067000 1.200000 0.024000 0.029000
1496409779498893526	1400 40 1.200000 0.096000 0.122000 1000 35 0.900000 0.977000 0.948000 600 38 0.900000 0.069000 0.068000 1.200000 0.022000 0.026000
1496409780007955745	1400 40 1.200000 0.093000 0.118000 1000 35 0.900000 0.974000 0.945000 600 38 0.900000 0.069000 0.068000 1.200000 0.021000 0.025000
1496409780517000047	1400 40 1.200000 0.093000 0.118000 1000 35 0.900000 0.974000 0.945000 600 38 0.900000 0.069000 0.068000 1.200000 0.019000 0.023000
1496409781026200473	1400 40 1.200000 0.094000 0.119000 1000 35 0.900000 0.984000 0.956000 600 38 0.900000 0.069000 0.068000 1.200000 0.022000 0.026000
1496409781535501858	1400 40 1.200000 0.094000 0.119000 1000 35 0.900000 0.965000 0.937000 600 38 0.900000 0.069000 0.068000 1.200000 0.017000 0.020000
1496409782044848285	1400 40 1.200000 0.093000 0.118000 1000 35 0.900000 0.970000 0.941000 600 38 0.900000 0.069000 0.068000 1.200000 0.018000 0.021000
1496409782554059420	1400 40 1.200000 0.093000 0.118000 1000 35 0.900000 0.965000 0.937000 600 38 0.900000 0.068000 0.067000 1.200000 0.016000 0.019000
1496409783063271680	1400 39 1.200000 0.095000 0.120000 1000 35 0.900000 0.959000 0.931000 600 38 0.900000 0.069000 0.068000 1.200000 0.020000 0.024000
1496409783572862481	1400 40 1.200000 0.119000 0.150000 1000 35 0.900000 0.957000 0.929000 600 38 0.900000 0.069000 0.068000 1.200000 0.038000 0.046000
1496409784082301074	1400 40 1.200000 0.100000 0.127000 1000 35 0.900000 0.942000 0.914000 600 38 0.900000 0.069000 0.068000 1.200000 0.017000 0.020000
1496409784591880626	1400 40 1.200000 0.101000 0.128000 1000 35 0.900000 0.969000 0.940000 600 38 0.900000 0.068000 0.067000 1.200000 0.018000 0.021000
1496409785101316719	1400 40 1.200000 0.098000 0.124000 1000 35 0.900000 0.959000 0.931000 600 38 0.900000 0.069000 0.068000 1.200000 0.017000 0.020000
1496409785610721395	1400 37 1.200000 0.096000 0.122000 1000 35 0.900000 0.790000 0.766000 600 37 0.900000 0.069000 0.068000 1.200000 0.019000 0.023000
1496409786120333446	1400 36 1.200000 0.094000 0.119000 1000 34 0.900000 0.502000 0.486000 600 37 0.900000 0.068000 0.067000 1.200000 0.015000 0.018000
1496409786629783289	1400 36 1.200000 0.096000 0.122000 1000 34 0.900000 0.502000 0.485000 600 37 0.900000 0.068000 0.067000 1.200000 0.019000 0.023000
1496409787139985840	1400 37 1.200000 0.098000 0.124000 1000 34 0.900000 0.501000 0.484000 600 37 0.900000 0.067000 0.066000 1.200000 0.016000 0.019000
1496409787649961724	1400 37 1.200000 0.110000 0.140000 1000 34 0.900000 0.508000 0.491000 600 36 0.900000 0.068000 0.067000 1.200000 0.050000 0.060000
1496409788160546107	1400 37 1.200000 0.186000 0.234000 1000 34 0.900000 0.472000 0.460000 600 36 0.900000 0.068000 0.067000 1.200000 0.049000 0.059000
1496409788670950074	1400 37 1.200000 0.111000 0.141000 1000 34 0.900000 0.534000 0.516000 600 36 0.900000 0.067000 0.066000 1.200000 0.026000 0.031000
1496409789181328541	1400 37 1.200000 0.095000 0.121000 1000 34 0.900000 0.536000 0.519000 600 36 0.900000 0.068000 0.067000 1.200000 0.013000 0.015000
1496409789691849507	1400 36 1.200000 0.095000 0.121000 1000 34 0.900000 0.537000 0.519000 600 36 0.900000 0.068000 0.067000 1.200000 0.014000 0.017000
1496409790202189891	1400 37 1.200000 0.095000 0.121000 1000 34 0.900000 0.540000 0.522000 600 36 0.900000 0.067000 0.066000 1.200000 0.016000 0.019000
1496409790711776900	1400 38 1.200000 0.093000 0.118000 1000 34 0.900000 0.644000 0.624000 600 36 0.900000 0.067000 0.066000 1.200000 0.035000 0.042000
1496409791220999410	1400 38 1.200000 0.092000 0.117000 1000 34 0.900000 0.599000 0.581000 600 35 0.900000 0.067000 0.066000 1.200000 0.029000 0.035000
1496409791730639461	1400 37 1.200000 0.093000 0.118000 1000 34 0.900000 0.508000 0.491000 600 36 0.900000 0.068000 0.067000 1.200000 0.060000 0.073000
1496409792240134555	1400 37 1.200000 0.099000 0.126000 1000 34 0.900000 0.550000 0.533000 600 36 0.900000 0.067000 0.066000 1.200000 0.047000 0.057000
1496409792749474023	1400 37 1.200000 0.099000 0.126000 1000 34 0.900000 0.515000 0.498000 600 35 0.900000 0.067000 0.066000 1.200000 0.054000 0.065000
1496409793258680908	1400 37 1.200000 0.095000 0.120000 1000 34 0.900000 0.528000 0.511000 600 36 0.900000 0.067000 0.066000 1.200000 0.048000 0.058000
1496409793767934501	1400 37 1.200000 0.092000 0.117000 1000 34 0.900000 0.500000 0.484000 600 35 0.900000 0.067000 0.066000 1.200000 0.045000 0.054000
1496409794277324219	1400 37 1.200000 0.092000 0.117000 1000 34 0.900000 0.515000 0.498000 600 35 0.900000 0.067000 0.066000 1.200000 0.036000 0.043000
1496409794786619854	1400 37 1.200000 0.095000 0.120000 1000 34 0.900000 0.510000 0.493000 600 35 0.900000 0.067000 0.066000 1.200000 0.045000 0.054000
1496409795296488488	1400 37 1.200000 0.098000 0.124000 1000 34 0.900000 0.493000 0.477000 600 35 0.900000 0.067000 0.066000 1.200000 0.042000 0.051000
1496409795805752623	1400 37 1.200000 0.099000 0.126000 1000 33 0.900000 0.488000 0.472000 600 35 0.900000 0.067000 0.066000 1.200000 0.034000 0.041000
1496409796315204717	1400 37 1.200000 0.096000 0.122000 1000 33 0.900000 0.489000 0.473000 600 35 0.900000 0.067000 0.066000 1.200000 0.035000 0.042000
1496409796824472977	1400 37 1.200000 0.092000 0.117000 1000 33 0.900000 0.495000 0.480000 600 35 0.900000 0.067000 0.066000 1.200000 0.032000 0.038000
1496409797333749153	1400 36 1.200000 0.092000 0.117000 1000 33 0.900000 0.502000 0.485000 600 35 0.900000 0.067000 0.066000 1.200000 0.031000 0.037000
1496409797843057955	1400 37 1.200000 0.096000 0.122000 1000 33 0.900000 0.540000 0.523000 600 35 0.900000 0.067000 0.066000 1.200000 0.033000 0.040000
1496409798352470006	1400 38 1.200000 0.091000 0.116000 1000 34 0.900000 0.539000 0.522000 600 35 0.900000 0.067000 0.066000 1.200000 0.034000 0.041000
1496409798861828349	1400 38 1.200000 0.090000 0.114000 1000 34 0.900000 0.820000 0.796000 600 36 0.900000 0.067000 0.066000 1.200000 0.004000 0.004000
1496409799371568484	1400 38 1.200000 0.096000 0.122000 1000 34 0.900000 0.823000 0.798000 600 35 0.900000 0.067000 0.066000 1.200000 0.014000 0.017000
1496409799881423160	1400 37 1.200000 0.093000 0.118000 1000 34 0.900000 0.540000 0.522000 600 35 0.900000 0.067000 0.066000 1.200000 0.034000 0.041000
1496409800390783295	1400 38 1.200000 0.097000 0.123000 1000 34 0.900000 0.521000 0.504000 600 36 0.900000 0.067000 0.066000 1.200000 0.045000 0.054000
1496409800900129429	1400 39 1.200000 0.096000 0.122000 1000 34 0.900000 0.999000 0.970000 600 36 0.900000 0.067000 0.066000 1.200000 0.049000 0.059000
1496409801409386939	1400 39 1.200000 0.101000 0.128000 1000 34 0.900000 1.007000 0.977000 600 37 0.900000 0.068000 0.067000 1.200000 0.049000 0.059000
1496409801918658616	1400 39 1.200000 0.098000 0.124000 1000 34 0.900000 1.003000 0.973000 600 36 0.900000 0.068000 0.067000 1.200000 0.046000 0.055000
1496409802427928001	1400 39 1.200000 0.092000 0.117000 1000 34 0.900000 0.974000 0.945000 600 37 0.900000 0.068000 0.067000 1.200000 0.047000 0.057000
1496409802937369469	1400 39 1.200000 0.093000 0.118000 1000 34 0.900000 0.973000 0.944000 600 37 0.900000 0.068000 0.067000 1.200000 0.046000 0.055000
1496409803446564271	1400 39 1.200000 0.093000 0.118000 1000 35 0.900000 0.976000 0.947000 600 37 0.900000 0.068000 0.067000 1.200000 0.046000 0.055000
1496409803956048031	1400 39 1.200000 0.094000 0.119000 1000 35 0.900000 0.866000 0.840000 600 37 0.900000 0.068000 0.067000 1.200000 0.065000 0.079000
1496409804465727665	1400 39 1.200000 0.098000 0.124000 1000 35 0.900000 0.897000 0.870000 600 37 0.900000 0.068000 0.067000 1.200000 0.142000 0.173000
1496409804975172758	1400 39 1.200000 0.098000 0.124000 1000 35 0.900000 0.929000 0.902000 600 38 0.900000 0.068000 0.067000 1.200000 0.143000 0.174000
1496409805484496351	1400 39 1.200000 0.100000 0.127000 1000 35 0.900000 0.905000 0.878000 600 38 0.900000 0.068000 0.067000 1.200000 0.138000 0.168000
1496409805993979153	1400 40 1.200000 0.100000 0.127000 1000 35 0.900000 0.911000 0.884000 600 38 0.900000 0.069000 0.068000 1.200000 0.143000 0.174000
1496409806503534287	1400 39 1.200000 0.101000 0.128000 1000 35 0.900000 0.936000 0.908000 600 38 0.900000 0.068000 0.067000 1.200000 0.140000 0.171000
1496409807012989464	1400 40 1.200000 0.104000 0.132000 1000 36 0.900000 0.894000 0.868000 600 38 0.900000 0.069000 0.068000 1.200000 0.143000 0.174000
1496409807522698765	1400 40 1.200000 0.107000 0.136000 1000 35 0.900000 0.917000 0.890000 600 38 0.900000 0.069000 0.068000 1.200000 0.141000 0.172000
1496409808032117316	1400 40 1.200000 0.104000 0.132000 1000 36 0.900000 0.919000 0.892000 600 38 0.900000 0.069000 0.068000 1.200000 0.138000 0.168000
1496409808541538909	1400 40 1.200000 0.103000 0.131000 1000 36 0.900000 0.930000 0.903000 600 38 0.900000 0.069000 0.068000 1.200000 0.139000 0.169000
1496409809051116627	1400 40 1.200000 0.100000 0.127000 1000 36 0.900000 0.901000 0.874000 600 38 0.900000 0.069000 0.068000 1.200000 0.143000 0.174000
1496409809560427221	1400 40 1.200000 0.103000 0.131000 1000 36 0.900000 0.925000 0.898000 600 38 0.900000 0.069000 0.068000 1.200000 0.142000 0.173000
1496409810069849439	1400 40 1.200000 0.106000 0.134000 1000 36 0.900000 0.925000 0.898000 600 38 0.900000 0.069000 0.068000 1.200000 0.141000 0.172000
1496409810579115865	1400 40 1.200000 0.108000 0.137000 1000 36 0.900000 0.893000 0.867000 600 38 0.900000 0.069000 0.068000 1.200000 0.143000 0.174000
1496409811088330709	1400 40 1.200000 0.099000 0.126000 1000 36 0.900000 0.965000 0.937000 600 38 0.900000 0.069000 0.068000 1.200000 0.047000 0.057000
1496409811597574636	1400 40 1.200000 0.094000 0.119000 1000 36 0.900000 0.974000 0.945000 600 38 0.900000 0.069000 0.068000 1.200000 0.047000 0.057000
1496409812106809312	1400 40 1.200000 0.094000 0.119000 1000 36 0.900000 0.975000 0.946000 600 38 0.900000 0.069000 0.068000 1.200000 0.046000 0.055000
1496409812616174614	1400 40 1.200000 0.094000 0.119000 1000 35 0.900000 0.798000 0.774000 600 38 0.900000 0.069000 0.068000 1.200000 0.041000 0.049000
1496409813125567915	1400 40 1.200000 0.099000 0.126000 1000 35 0.900000 0.625000 0.606000 600 37 0.900000 0.069000 0.068000 1.200000 0.031000 0.037000
1496409813635026967	1400 38 1.200000 0.098000 0.124000 1000 35 0.900000 0.477000 0.462000 600 37 0.900000 0.069000 0.068000 1.200000 0.070000 0.085000
1496409814145558308	1400 37 1.200000 0.157000 0.198000 1000 34 0.900000 0.442000 0.429000 600 37 0.900000 0.068000 0.067000 1.200000 0.061000 0.074000
1496409814655774109	1400 37 1.200000 0.099000 0.126000 1000 34 0.900000 0.534000 0.517000 600 36 0.900000 0.068000 0.067000 1.200000 0.016000 0.019000
1496409815166032534	1400 37 1.200000 0.098000 0.124000 1000 34 0.900000 0.537000 0.520000 600 36 0.900000 0.068000 0.067000 1.200000 0.017000 0.020000
1496409815676444001	1400 37 1.200000 0.101000 0.128000 1000 34 0.900000 0.538000 0.521000 600 36 0.900000 0.068000 0.067000 1.200000 0.016000 0.019000
1496409816186838593	1400 37 1.200000 0.097000 0.123000 1000 34 0.900000 0.539000 0.522000 600 36 0.900000 0.068000 0.067000 1.200000 0.017000 0.020000
1496409816696408560	1400 35 1.200000 0.091000 0.116000 1000 33 0.900000 0.489000 0.473000 600 36 0.900000 0.067000 0.066000 1.200000 0.026000 0.031000
1496409817205528529	1400 35 1.200000 0.093000 0.118000 1000 33 0.900000 0.434000 0.420000 600 36 0.900000 0.067000 0.066000 1.200000 0.012000 0.014000
1496409817715041997	1400 35 1.200000 0.096000 0.122000 1000 33 0.900000 0.434000 0.420000 600 36 0.900000 0.067000 0.066000 1.200000 0.013000 0.015000
1496409818224261299	1400 35 1.200000 0.097000 0.123000 1000 33 0.900000 0.434000 0.420000 600 35 0.900000 0.067000 0.066000 1.200000 0.014000 0.017000
1496409818733382059	1400 35 1.200000 0.098000 0.124000 1000 33 0.900000 0.433000 0.420000 600 35 0.900000 0.067000 0.066000 1.200000 0.014000 0.017000
1496409819242637361	1400 35 1.200000 0.096000 0.122000 1000 33 0.900000 0.435000 0.421000 600 35 0.900000 0.067000 0.066000 1.200000 0.014000 0.017000
1496409819751927454	1400 34 1.200000 0.094000 0.119000 1000 33 0.900000 0.433000 0.419000 600 35 0.900000 0.067000 0.066000 1.200000 0.012000 0.014000
1496409820261247714	1400 34 1.200000 0.092000 0.117000 1000 33 0.900000 0.434000 0.420000 600 35 0.900000 0.067000 0.066000 1.200000 0.012000 0.014000
1496409820770492557	1400 34 1.200000 0.090000 0.114000 1000 33 0.900000 0.434000 0.420000 600 35 0.900000 0.067000 0.066000 1.200000 0.012000 0.014000
1496409821279878442	1400 34 1.200000 0.090000 0.114000 1000 33 0.900000 0.434000 0.420000 600 35 0.900000 0.067000 0.066000 1.200000 0.012000 0.014000
1496409821789144827	1400 34 1.200000 0.098000 0.124000 1000 33 0.900000 0.434000 0.420000 600 35 0.900000 0.067000 0.066000 1.200000 0.014000 0.017000
1496409822298479462	1400 34 1.200000 0.096000 0.122000 1000 33 0.900000 0.434000 0.420000 600 35 0.900000 0.067000 0.066000 1.200000 0.014000 0.017000
1496409822807752514	1400 34 1.200000 0.094000 0.119000 1000 32 0.900000 0.434000 0.420000 600 35 0.900000 0.067000 0.066000 1.200000 0.014000 0.017000
1496409823317068523	1400 34 1.200000 0.093000 0.118000 1000 33 0.900000 0.434000 0.420000 600 35 0.900000 0.067000 0.066000 1.200000 0.014000 0.017000
1496409823826489075	1400 34 1.200000 0.093000 0.118000 1000 32 0.900000 0.433000 0.419000 600 35 0.900000 0.067000 0.066000 1.200000 0.013000 0.015000
1496409824335696418	1400 34 1.200000 0.094000 0.119000 1000 32 0.900000 0.435000 0.421000 600 35 0.900000 0.067000 0.066000 1.200000 0.012000 0.014000
1496409824845058345	1400 34 1.200000 0.090000 0.114000 1000 32 0.900000 0.432000 0.418000 600 35 0.900000 0.067000 0.066000 1.200000 0.012000 0.014000
1496409825354279188	1400 34 1.200000 0.091000 0.116000 1000 32 0.900000 0.433000 0.419000 600 35 0.900000 0.067000 0.066000 1.200000 0.012000 0.014000
1496409825863385782	1400 34 1.200000 0.090000 0.114000 1000 32 0.900000 0.433000 0.419000 600 35 0.900000 0.067000 0.066000 1.200000 0.012000 0.014000
1496409826372639250	1400 34 1.200000 0.089000 0.113000 1000 32 0.900000 0.434000 0.420000 600 35 0.900000 0.067000 0.066000 1.200000 0.012000 0.014000
1496409826881966177	1400 35 1.200000 0.089000 0.113000 1000 32 0.900000 0.432000 0.418000 600 35 0.900000 0.067000 0.066000 1.200000 0.013000 0.015000
1496409827391360937	1400 38 1.200000 0.091000 0.116000 1000 33 0.900000 0.999000 0.971000 600 35 0.900000 0.067000 0.066000 1.200000 0.038000 0.046000
1496409827901153279	1400 37 1.200000 0.093000 0.118000 1000 33 0.900000 0.807000 0.783000 600 36 0.900000 0.067000 0.066000 1.200000 0.038000 0.046000
1496409828410609747	1400 36 1.200000 0.099000 0.126000 1000 33 0.900000 0.760000 0.737000 600 36 0.900000 0.067000 0.066000 1.200000 0.051000 0.062000
1496409828920051007	1400 39 1.200000 0.095000 0.121000 1000 34 0.900000 0.789000 0.766000 600 36 0.900000 0.067000 0.066000 1.200000 0.082000 0.100000
1496409829429246809	1400 39 1.200000 0.093000 0.118000 1000 34 0.900000 1.019000 0.989000 600 36 0.900000 0.067000 0.066000 1.200000 0.017000 0.020000
1496409829938484402	1400 39 1.200000 0.093000 0.118000 1000 34 0.900000 1.032000 1.003000 600 37 0.900000 0.067000 0.066000 1.200000 0.011000 0.013000
1496409830447765120	1400 39 1.200000 0.096000 0.122000 1000 34 0.900000 1.032000 1.003000 600 37 0.900000 0.067000 0.066000 1.200000 0.005000 0.006000
1496409830956953339	1400 39 1.200000 0.101000 0.128000 1000 34 0.900000 1.035000 1.006000 600 37 0.900000 0.068000 0.067000 1.200000 0.004000 0.004000
1496409831466296099	1400 39 1.200000 0.098000 0.124000 1000 34 0.900000 1.041000 1.011000 600 37 0.900000 0.067000 0.066000 1.200000 0.003000 0.003000
1496409831975489067	1400 39 1.200000 0.096000 0.122000 1000 34 0.900000 1.041000 1.010000 600 37 0.900000 0.068000 0.067000 1.200000 0.004000 0.004000
1496409832484803911	1400 40 1.200000 0.095000 0.120000 1000 34 0.900000 1.042000 1.012000 600 37 0.900000 0.067000 0.066000 1.200000 0.005000 0.006000
1496409832993991129	1400 40 1.200000 0.094000 0.119000 1000 35 0.900000 1.040000 1.009000 600 37 0.900000 0.068000 0.067000 1.200000 0.003000 0.003000
1496409833503143639	1400 40 1.200000 0.096000 0.122000 1000 35 0.900000 1.042000 1.012000 600 37 0.900000 0.068000 0.067000 1.200000 0.003000 0.003000
1496409834012547899	1400 40 1.200000 0.091000 0.116000 1000 35 0.900000 1.042000 1.012000 600 37 0.900000 0.068000 0.067000 1.200000 0.003000 0.003000
1496409834521909784	1400 40 1.200000 0.093000 0.118000 1000 35 0.900000 1.035000 1.006000 600 37 0.900000 0.068000 0.067000 1.200000 0.006000 0.007000
1496409835031118544	1400 40 1.200000 0.094000 0.119000 1000 35 0.900000 1.047000 1.017000 600 37 0.900000 0.068000 0.067000 1.200000 0.003000 0.003000
1496409835540297971	1400 40 1.200000 0.092000 0.117000 1000 35 0.900000 1.043000 1.012000 600 37 0.900000 0.068000 0.067000 1.200000 0.003000 0.003000
1496409836049537981	1400 40 1.200000 0.094000 0.119000 1000 35 0.900000 1.039000 1.008000 600 37 0.900000 0.068000 0.067000 1.200000 0.003000 0.003000
1496409836558840574	1400 40 1.200000 0.096000 0.122000 1000 35 0.900000 1.036000 1.005000 600 37 0.900000 0.068000 0.067000 1.200000 0.005000 0.006000
1496409837068137542	1400 40 1.200000 0.097000 0.123000 1000 35 0.900000 1.039000 1.008000 600 37 0.900000 0.068000 0.067000 1.200000 0.007000 0.008000
1496409837577483594	1400 40 1.200000 0.101000 0.128000 1000 35 0.900000 1.037000 1.007000 600 37 0.900000 0.068000 0.067000 1.200000 0.006000 0.007000
1496409838086796479	1400 40 1.200000 0.094000 0.119000 1000 35 0.900000 1.045000 1.015000 600 37 0.900000 0.068000 0.067000 1.200000 0.006000 0.007000
1496409838596059614	1400 40 1.200000 0.093000 0.118000 1000 35 0.900000 1.042000 1.012000 600 37 0.900000 0.068000 0.067000 1.200000 0.003000 0.003000
1496409839105220666	1400 40 1.200000 0.092000 0.117000 1000 35 0.900000 1.038000 1.008000 600 37 0.900000 0.068000 0.067000 1.200000 0.004000 0.004000
1496409839614456467	1400 40 1.200000 0.096000 0.122000 1000 35 0.900000 1.036000 1.006000 600 37 0.900000 0.068000 0.067000 1.200000 0.006000 0.007000
1496409840123647811	1400 39 1.200000 0.100000 0.127000 1000 35 0.900000 1.019000 0.989000 600 37 0.900000 0.068000 0.067000 1.200000 0.020000 0.024000
1496409840632810154	1400 40 1.200000 0.102000 0.130000 1000 35 0.900000 0.878000 0.852000 600 37 0.900000 0.068000 0.067000 1.200000 0.062000 0.075000
1496409841142131164	1400 39 1.200000 0.098000 0.124000 1000 35 0.900000 0.997000 0.968000 600 37 0.900000 0.068000 0.067000 1.200000 0.026000 0.031000
1496409841651527174	1400 39 1.200000 0.097000 0.123000 1000 35 0.900000 0.927000 0.900000 600 37 0.900000 0.068000 0.067000 1.200000 0.048000 0.058000
1496409842160791101	1400 39 1.200000 0.096000 0.122000 1000 35 0.900000 0.938000 0.911000 600 37 0.900000 0.068000 0.067000 1.200000 0.050000 0.060000
1496409842671302817	1400 37 1.200000 0.127000 0.161000 1000 35 0.900000 0.594000 0.579000 600 37 0.900000 0.068000 0.067000 1.200000 0.046000 0.055000
1496409843181518951	1400 37 1.200000 0.095000 0.121000 1000 34 0.900000 0.536000 0.519000 600 36 0.900000 0.068000 0.067000 1.200000 0.014000 0.017000
1496409843692026876	1400 37 1.200000 0.103000 0.131000 1000 34 0.900000 0.536000 0.519000 600 36 0.900000 0.067000 0.066000 1.200000 0.016000 0.019000
1496409844202277551	1400 36 1.200000 0.099000 0.126000 1000 34 0.900000 0.537000 0.520000 600 36 0.900000 0.068000 0.067000 1.200000 0.016000 0.019000
1496409844712779601	1400 36 1.200000 0.096000 0.122000 1000 34 0.900000 0.538000 0.521000 600 36 0.900000 0.067000 0.066000 1.200000 0.015000 0.018000
1496409845222675152	1400 38 1.200000 0.101000 0.128000 1000 34 0.900000 0.553000 0.536000 600 36 0.900000 0.067000 0.066000 1.200000 0.026000 0.031000
1496409845732200453	1400 39 1.200000 0.109000 0.138000 1000 35 0.900000 1.069000 1.039000 600 37 0.900000 0.068000 0.067000 1.200000 0.176000 0.214000
1496409846241661588	1400 40 1.200000 0.107000 0.136000 1000 35 0.900000 1.074000 1.043000 600 38 0.900000 0.068000 0.067000 1.200000 0.177000 0.216000
1496409846751254931	1400 40 1.200000 0.106000 0.134000 1000 35 0.900000 1.074000 1.043000 600 38 0.900000 0.069000 0.068000 1.200000 0.176000 0.214000
1496409847260638024	1400 40 1.200000 0.104000 0.132000 1000 36 0.900000 1.075000 1.044000 600 38 0.900000 0.068000 0.067000 1.200000 0.176000 0.214000
1496409847770197617	1400 41 1.200000 0.102000 0.129000 1000 36 0.900000 1.074000 1.043000 600 38 0.900000 0.069000 0.068000 1.200000 0.176000 0.214000
1496409848279644002	1400 41 1.200000 0.102000 0.129000 1000 36 0.900000 1.075000 1.044000 600 38 0.900000 0.069000 0.068000 1.200000 0.176000 0.214000
1496409848789126928	1400 41 1.200000 0.102000 0.129000 1000 36 0.900000 1.074000 1.043000 600 39 0.900000 0.069000 0.068000 1.200000 0.177000 0.216000
1496409849298487688	1400 41 1.200000 0.104000 0.132000 1000 36 0.900000 1.074000 1.042000 600 38 0.900000 0.069000 0.068000 1.200000 0.177000 0.216000
1496409849807915531	1400 41 1.200000 0.104000 0.132000 1000 36 0.900000 1.078000 1.047000 600 39 0.900000 0.069000 0.068000 1.200000 0.176000 0.214000
1496409850317347874	1400 41 1.200000 0.102000 0.129000 1000 36 0.900000 1.076000 1.044000 600 39 0.900000 0.069000 0.068000 1.200000 0.175000 0.213000
1496409850826864592	1400 41 1.200000 0.108000 0.137000 1000 36 0.900000 1.074000 1.043000 600 39 0.900000 0.069000 0.068000 1.200000 0.175000 0.213000
1496409851336404602	1400 41 1.200000 0.104000 0.132000 1000 36 0.900000 1.075000 1.044000 600 39 0.900000 0.069000 0.068000 1.200000 0.176000 0.214000
1496409851845928028	1400 41 1.200000 0.109000 0.138000 1000 36 0.900000 1.073000 1.041000 600 39 0.900000 0.069000 0.068000 1.200000 0.176000 0.214000
1496409852355288705	1400 41 1.200000 0.108000 0.137000 1000 37 0.900000 1.071000 1.041000 600 39 0.900000 0.069000 0.068000 1.200000 0.176000 0.214000
1496409852864813964	1400 41 1.200000 0.108000 0.137000 1000 37 0.900000 1.072000 1.041000 600 39 0.900000 0.069000 0.068000 1.200000 0.176000 0.214000
1496409853374175516	1400 41 1.200000 0.104000 0.132000 1000 37 0.900000 1.067000 1.037000 600 39 0.900000 0.069000 0.068000 1.200000 0.176000 0.215000
1496409853883595817	1400 41 1.200000 0.107000 0.136000 1000 37 0.900000 1.067000 1.037000 600 39 0.900000 0.069000 0.068000 1.200000 0.176000 0.214000
1496409854393049785	1400 41 1.200000 0.111000 0.141000 1000 37 0.900000 1.067000 1.037000 600 39 0.900000 0.069000 0.068000 1.200000 0.176000 0.214000
1496409854902503587	1400 42 1.200000 0.111000 0.141000 1000 37 0.900000 1.067000 1.037000 600 39 0.900000 0.069000 0.068000 1.200000 0.176000 0.215000
1496409855411988513	1400 42 1.200000 0.108000 0.137000 1000 37 0.900000 1.068000 1.038000 600 39 0.900000 0.070000 0.069000 1.200000 0.176000 0.214000
1496409855921581939	1400 42 1.200000 0.104000 0.132000 1000 37 0.900000 1.068000 1.037000 600 39 0.900000 0.070000 0.069000 1.200000 0.175000 0.213000
1496409856431145074	1400 42 1.200000 0.104000 0.132000 1000 37 0.900000 1.069000 1.039000 600 39 0.900000 0.070000 0.069000 1.200000 0.176000 0.214000
1496409856940574750	1400 42 1.200000 0.104000 0.132000 1000 37 0.900000 1.069000 1.039000 600 39 0.900000 0.070000 0.069000 1.200000 0.175000 0.213000
1496409857449995844	1400 39 1.200000 0.125000 0.158000 1000 36 0.900000 0.572000 0.558000 600 39 0.900000 0.069000 0.068000 1.200000 0.099000 0.120000
1496409857960078019	1400 39 1.200000 0.097000 0.123000 1000 36 0.900000 0.536000 0.519000 600 38 0.900000 0.069000 0.068000 1.200000 0.015000 0.018000
1496409858470444611	1400 38 1.200000 0.101000 0.128000 1000 35 0.900000 0.537000 0.519000 600 37 0.900000 0.069000 0.068000 1.200000 0.016000 0.019000
1496409858980498620	1400 38 1.200000 0.098000 0.124000 1000 35 0.900000 0.537000 0.520000 600 37 0.900000 0.069000 0.068000 1.200000 0.015000 0.018000
1496409859490629920	1400 37 1.200000 0.099000 0.126000 1000 35 0.900000 0.540000 0.523000 600 37 0.900000 0.069000 0.068000 1.200000 0.017000 0.020000
1496409860000267263	1400 39 1.200000 0.104000 0.132000 1000 35 0.900000 0.538000 0.520000 600 37 0.900000 0.068000 0.067000 1.200000 0.016000 0.019000
1496409860509729523	1400 38 1.200000 0.095000 0.121000 1000 35 0.900000 0.566000 0.549000 600 37 0.900000 0.068000 0.067000 1.200000 0.030000 0.036000
1496409861018956200	1400 39 1.200000 0.093000 0.118000 1000 35 0.900000 0.859000 0.834000 600 37 0.900000 0.068000 0.067000 1.200000 0.094000 0.114000
1496409861528215001	1400 40 1.200000 0.092000 0.117000 1000 35 0.900000 1.005000 0.975000 600 37 0.900000 0.069000 0.068000 1.200000 0.022000 0.026000
1496409862037531053	1400 40 1.200000 0.096000 0.122000 1000 35 0.900000 1.008000 0.978000 600 38 0.900000 0.068000 0.067000 1.200000 0.021000 0.025000
1496409862546871938	1400 40 1.200000 0.098000 0.124000 1000 35 0.900000 1.009000 0.979000 600 38 0.900000 0.068000 0.067000 1.200000 0.021000 0.025000
1496409863056189698	1400 40 1.200000 0.100000 0.127000 1000 35 0.900000 1.009000 0.979000 600 38 0.900000 0.068000 0.067000 1.200000 0.022000 0.026000
1496409863565389583	1400 40 1.200000 0.099000 0.126000 1000 35 0.900000 1.009000 0.979000 600 38 0.900000 0.069000 0.068000 1.200000 0.021000 0.025000
1496409864074660384	1400 40 1.200000 0.097000 0.123000 1000 35 0.900000 1.009000 0.979000 600 38 0.900000 0.068000 0.067000 1.200000 0.020000 0.024000
1496409864583859978	1400 40 1.200000 0.094000 0.119000 1000 35 0.900000 1.009000 0.979000 600 38 0.900000 0.068000 0.067000 1.200000 0.020000 0.024000
1496409865093108613	1400 40 1.200000 0.093000 0.118000 1000 35 0.900000 1.008000 0.978000 600 38 0.900000 0.069000 0.068000 1.200000 0.020000 0.024000
1496409865602333123	1400 40 1.200000 0.093000 0.118000 1000 35 0.900000 1.008000 0.978000 600 38 0.900000 0.068000 0.067000 1.200000 0.020000 0.024000
1496409866111659925	1400 40 1.200000 0.100000 0.127000 1000 35 0.900000 1.004000 0.974000 600 38 0.900000 0.069000 0.068000 1.200000 0.024000 0.029000
1496409866620820101	1400 40 1.200000 0.099000 0.126000 1000 35 0.900000 1.002000 0.972000 600 38 0.900000 0.068000 0.067000 1.200000 0.026000 0.031000
1496409867130229278	1400 40 1.200000 0.097000 0.123000 1000 35 0.900000 1.002000 0.972000 600 38 0.900000 0.069000 0.068000 1.200000 0.024000 0.029000
1496409867639739663	1400 39 1.200000 0.096000 0.122000 1000 35 0.900000 0.963000 0.935000 600 37 0.900000 0.069000 0.068000 1.200000 0.028000 0.034000
1496409868149026297	1400 40 1.200000 0.096000 0.122000 1000 35 0.900000 0.915000 0.888000 600 38 0.900000 0.068000 0.067000 1.200000 0.065000 0.079000
1496409868658227683	1400 40 1.200000 0.096000 0.122000 1000 35 0.900000 1.005000 0.975000 600 38 0.900000 0.068000 0.067000 1.200000 0.022000 0.026000
1496409869167424734	1400 40 1.200000 0.100000 0.127000 1000 35 0.900000 1.007000 0.977000 600 38 0.900000 0.068000 0.067000 1.200000 0.019000 0.023000
1496409869676703619	1400 40 1.200000 0.094000 0.119000 1000 35 0.900000 1.009000 0.979000 600 38 0.900000 0.069000 0.068000 1.200000 0.020000 0.024000
1496409870186055463	1400 40 1.200000 0.094000 0.119000 1000 35 0.900000 1.008000 0.979000 600 38 0.900000 0.068000 0.067000 1.200000 0.019000 0.023000
1496409870695319764	1400 40 1.200000 0.092000 0.117000 1000 35 0.900000 1.008000 0.978000 600 38 0.900000 0.068000 0.067000 1.200000 0.021000 0.025000
1496409871204535399	1400 40 1.200000 0.093000 0.118000 1000 35 0.900000 1.008000 0.978000 600 38 0.900000 0.068000 0.067000 1.200000 0.020000 0.024000
1496409871713951826	1400 40 1.200000 0.094000 0.119000 1000 35 0.900000 1.009000 0.979000 600 38 0.900000 0.069000 0.068000 1.200000 0.020000 0.024000
1496409872223216794	1400 40 1.200000 0.093000 0.118000 1000 35 0.900000 1.008000 0.978000 600 38 0.900000 0.069000 0.068000 1.200000 0.019000 0.023000
1496409872732624346	1400 40 1.200000 0.092000 0.117000 1000 35 0.900000 1.008000 0.978000 600 38 0.900000 0.068000 0.067000 1.200000 0.019000 0.023000
1496409873242048814	1400 40 1.200000 0.099000 0.126000 1000 35 0.900000 1.004000 0.974000 600 38 0.900000 0.068000 0.067000 1.200000 0.022000 0.026000
1496409873751452615	1400 40 1.200000 0.095000 0.120000 1000 35 0.900000 1.002000 0.972000 600 38 0.900000 0.069000 0.068000 1.200000 0.024000 0.029000
1496409874260712917	1400 40 1.200000 0.094000 0.119000 1000 35 0.900000 1.004000 0.974000 600 38 0.900000 0.068000 0.067000 1.200000 0.023000 0.027000
1496409874770102885	1400 39 1.200000 0.097000 0.123000 1000 35 0.900000 1.003000 0.973000 600 37 0.900000 0.069000 0.068000 1.200000 0.022000 0.026000
1496409875279390228	1400 39 1.200000 0.099000 0.126000 1000 35 0.900000 0.742000 0.719000 600 38 0.900000 0.068000 0.067000 1.200000 0.046000 0.055000
1496409875788582488	1400 40 1.200000 0.100000 0.127000 1000 35 0.900000 1.005000 0.975000 600 38 0.900000 0.068000 0.067000 1.200000 0.022000 0.026000
1496409876297804540	1400 40 1.200000 0.099000 0.126000 1000 35 0.900000 1.007000 0.977000 600 38 0.900000 0.068000 0.067000 1.200000 0.021000 0.025000
1496409876807129800	1400 40 1.200000 0.096000 0.122000 1000 35 0.900000 1.008000 0.978000 600 38 0.900000 0.068000 0.067000 1.200000 0.021000 0.025000
1496409877316417977	1400 40 1.200000 0.095000 0.120000 1000 35 0.900000 1.008000 0.978000 600 38 0.900000 0.068000 0.067000 1.200000 0.019000 0.023000
1496409877825774987	1400 40 1.200000 0.096000 0.122000 1000 35 0.900000 1.008000 0.978000 600 38 0.900000 0.069000 0.068000 1.200000 0.020000 0.024000
1496409878335079080	1400 40 1.200000 0.093000 0.118000 1000 35 0.900000 1.008000 0.979000 600 38 0.900000 0.068000 0.067000 1.200000 0.019000 0.023000
1496409878844343673	1400 40 1.200000 0.094000 0.119000 1000 35 0.900000 1.009000 0.979000 600 38 0.900000 0.069000 0.068000 1.200000 0.019000 0.023000
1496409879353450017	1400 40 1.200000 0.093000 0.118000 1000 35 0.900000 1.008000 0.978000 600 38 0.900000 0.069000 0.068000 1.200000 0.019000 0.023000
1496409879862712068	1400 40 1.200000 0.092000 0.117000 1000 35 0.900000 1.008000 0.978000 600 38 0.900000 0.069000 0.068000 1.200000 0.018000 0.021000
1496409880372080203	1400 40 1.200000 0.095000 0.120000 1000 35 0.900000 1.008000 0.978000 600 38 0.900000 0.068000 0.067000 1.200000 0.022000 0.026000
1496409880881496005	1400 40 1.200000 0.096000 0.122000 1000 35 0.900000 1.004000 0.974000 600 38 0.900000 0.068000 0.067000 1.200000 0.025000 0.030000
1496409881390690015	1400 40 1.200000 0.099000 0.126000 1000 35 0.900000 1.002000 0.972000 600 38 0.900000 0.069000 0.068000 1.200000 0.024000 0.029000
1496409881899966900	1400 40 1.200000 0.101000 0.128000 1000 35 0.900000 1.000000 0.971000 600 38 0.900000 0.068000 0.067000 1.200000 0.025000 0.030000
1496409882409242535	1400 39 1.200000 0.100000 0.127000 1000 35 0.900000 0.664000 0.644000 600 37 0.900000 0.069000 0.068000 1.200000 0.030000 0.036000
1496409882918436878	1400 40 1.200000 0.093000 0.118000 1000 35 0.900000 0.985000 0.956000 600 38 0.900000 0.068000 0.067000 1.200000 0.060000 0.072000
1496409883427688763	1400 40 1.200000 0.092000 0.117000 1000 35 0.900000 1.005000 0.975000 600 38 0.900000 0.068000 0.067000 1.200000 0.022000 0.026000
1496409883936926732	1400 40 1.200000 0.093000 0.118000 1000 35 0.900000 1.008000 0.978000 600 38 0.900000 0.069000 0.068000 1.200000 0.020000 0.024000
1496409884446250617	1400 40 1.200000 0.093000 0.118000 1000 35 0.900000 1.008000 0.978000 600 38 0.900000 0.069000 0.068000 1.200000 0.021000 0.025000
1496409884955437002	1400 40 1.200000 0.101000 0.128000 1000 35 0.900000 1.010000 0.980000 600 38 0.900000 0.069000 0.068000 1.200000 0.021000 0.025000
1496409885464708928	1400 40 1.200000 0.099000 0.126000 1000 35 0.900000 1.009000 0.979000 600 38 0.900000 0.068000 0.067000 1.200000 0.020000 0.024000
1496409885974039355	1400 40 1.200000 0.097000 0.123000 1000 35 0.900000 1.010000 0.980000 600 38 0.900000 0.069000 0.068000 1.200000 0.019000 0.023000
1496409886483234740	1400 40 1.200000 0.095000 0.120000 1000 35 0.900000 1.009000 0.979000 600 38 0.900000 0.069000 0.068000 1.200000 0.019000 0.023000
1496409886992451125	1400 40 1.200000 0.094000 0.119000 1000 35 0.900000 1.009000 0.979000 600 38 0.900000 0.069000 0.068000 1.200000 0.019000 0.023000
1496409887501798052	1400 40 1.200000 0.092000 0.117000 1000 35 0.900000 1.002000 0.972000 600 38 0.900000 0.069000 0.068000 1.200000 0.022000 0.026000
1496409888011057520	1400 40 1.200000 0.100000 0.127000 1000 35 0.900000 1.005000 0.975000 600 38 0.900000 0.068000 0.067000 1.200000 0.023000 0.027000
1496409888520225113	1400 40 1.200000 0.100000 0.127000 1000 35 0.900000 1.004000 0.974000 600 38 0.900000 0.068000 0.067000 1.200000 0.024000 0.029000
1496409889029386957	1400 40 1.200000 0.097000 0.123000 1000 35 0.900000 1.003000 0.973000 600 38 0.900000 0.069000 0.068000 1.200000 0.025000 0.030000
1496409889539302966	1400 37 1.200000 0.096000 0.122000 1000 35 0.900000 0.985000 0.957000 600 37 0.900000 0.068000 0.067000 1.200000 0.029000 0.035000
1496409890049770224	1400 37 1.200000 0.156000 0.197000 1000 34 0.900000 0.352000 0.343000 600 37 0.900000 0.068000 0.067000 1.200000 0.025000 0.030000
1496409890559676233	1400 37 1.200000 0.100000 0.127000 1000 34 0.900000 0.537000 0.520000 600 36 0.900000 0.068000 0.067000 1.200000 0.014000 0.017000
1496409891069770701	1400 37 1.200000 0.102000 0.129000 1000 34 0.900000 0.537000 0.520000 600 36 0.900000 0.068000 0.067000 1.200000 0.015000 0.018000
1496409891579712085	1400 37 1.200000 0.096000 0.122000 1000 34 0.900000 0.538000 0.521000 600 36 0.900000 0.068000 0.067000 1.200000 0.015000 0.018000
1496409892089187094	1400 37 1.200000 0.095000 0.120000 1000 34 0.900000 0.540000 0.523000 600 36 0.900000 0.068000 0.067000 1.200000 0.025000 0.030000
1496409892598480354	1400 37 1.200000 0.090000 0.114000 1000 34 0.900000 0.494000 0.478000 600 36 0.900000 0.067000 0.066000 1.200000 0.025000 0.030000
1496409893108598780	1400 38 1.200000 0.095000 0.121000 1000 34 0.900000 0.565000 0.548000 600 36 0.900000 0.068000 0.067000 1.200000 0.033000 0.040000
1496409893618018415	1400 36 1.200000 0.094000 0.119000 1000 34 0.900000 0.588000 0.570000 600 36 0.900000 0.068000 0.067000 1.200000 0.053000 0.064000
1496409894127388675	1400 38 1.200000 0.092000 0.117000 1000 34 0.900000 0.530000 0.514000 600 36 0.900000 0.067000 0.066000 1.200000 0.060000 0.072000
1496409894636625560	1400 38 1.200000 0.091000 0.115000 1000 34 0.900000 0.895000 0.869000 600 36 0.900000 0.067000 0.066000 1.200000 0.031000 0.037000
1496409895146219194	1400 39 1.200000 0.094000 0.119000 1000 34 0.900000 0.889000 0.863000 600 37 0.900000 0.067000 0.066000 1.200000 0.027000 0.032000
1496409895655483704	1400 39 1.200000 0.094000 0.119000 1000 34 0.900000 0.903000 0.876000 600 37 0.900000 0.067000 0.066000 1.200000 0.026000 0.031000
1496409896164764381	1400 39 1.200000 0.096000 0.122000 1000 34 0.900000 0.924000 0.897000 600 37 0.900000 0.068000 0.067000 1.200000 0.025000 0.030000
1496409896674027932	1400 39 1.200000 0.100000 0.127000 1000 34 0.900000 0.911000 0.884000 600 37 0.900000 0.068000 0.067000 1.200000 0.025000 0.030000
1496409897183187109	1400 40 1.200000 0.099000 0.126000 1000 35 0.900000 0.993000 0.964000 600 37 0.900000 0.068000 0.067000 1.200000 0.025000 0.030000
1496409897692675202	1400 39 1.200000 0.096000 0.122000 1000 35 0.900000 0.855000 0.830000 600 37 0.900000 0.068000 0.067000 1.200000 0.042000 0.051000
1496409898201945879	1400 39 1.200000 0.095000 0.120000 1000 35 0.900000 0.904000 0.877000 600 37 0.900000 0.068000 0.067000 1.200000 0.059000 0.071000
1496409898711334930	1400 39 1.200000 0.095000 0.120000 1000 35 0.900000 0.899000 0.872000 600 37 0.900000 0.068000 0.067000 1.200000 0.026000 0.031000
1496409899220529649	1400 39 1.200000 0.098000 0.124000 1000 35 0.900000 0.918000 0.891000 600 37 0.900000 0.068000 0.067000 1.200000 0.025000 0.030000
1496409899729907159	1400 39 1.200000 0.099000 0.126000 1000 35 0.900000 0.922000 0.895000 600 37 0.900000 0.068000 0.067000 1.200000 0.026000 0.031000
1496409900239170710	1400 39 1.200000 0.099000 0.126000 1000 35 0.900000 0.915000 0.888000 600 37 0.900000 0.068000 0.067000 1.200000 0.025000 0.030000
1496409900748386637	1400 40 1.200000 0.093000 0.118000 1000 35 0.900000 0.926000 0.899000 600 37 0.900000 0.068000 0.067000 1.200000 0.020000 0.024000
1496409901257714605	1400 39 1.200000 0.094000 0.119000 1000 35 0.900000 0.922000 0.895000 600 37 0.900000 0.068000 0.067000 1.200000 0.099000 0.120000
1496409901767075115	1400 39 1.200000 0.093000 0.118000 1000 35 0.900000 0.886000 0.860000 600 37 0.900000 0.069000 0.068000 1.200000 0.028000 0.034000
1496409902276498625	1400 39 1.200000 0.093000 0.118000 1000 35 0.900000 0.894000 0.868000 600 37 0.900000 0.068000 0.067000 1.200000 0.025000 0.030000
1496409902785945843	1400 39 1.200000 0.099000 0.126000 1000 35 0.900000 0.910000 0.883000 600 37 0.900000 0.068000 0.067000 1.200000 0.026000 0.031000
1496409903295148103	1400 39 1.200000 0.098000 0.124000 1000 35 0.900000 0.913000 0.886000 600 37 0.900000 0.068000 0.067000 1.200000 0.025000 0.030000
1496409903804421530	1400 39 1.200000 0.098000 0.124000 1000 35 0.900000 0.911000 0.884000 600 37 0.900000 0.068000 0.067000 1.200000 0.026000 0.031000
1496409904313770998	1400 40 1.200000 0.095000 0.120000 1000 35 0.900000 0.909000 0.882000 600 37 0.900000 0.068000 0.067000 1.200000 0.026000 0.031000
1496409904823151216	1400 39 1.200000 0.095000 0.121000 1000 35 0.900000 1.036000 1.005000 600 37 0.900000 0.068000 0.067000 1.200000 0.020000 0.024000
1496409905332331768	1400 39 1.200000 0.095000 0.121000 1000 35 0.900000 0.877000 0.851000 600 37 0.900000 0.068000 0.067000 1.200000 0.114000 0.139000
1496409905841786444	1400 39 1.200000 0.093000 0.118000 1000 35 0.900000 0.891000 0.865000 600 37 0.900000 0.069000 0.068000 1.200000 0.028000 0.034000
1496409906351112954	1400 39 1.200000 0.094000 0.119000 1000 35 0.900000 0.908000 0.881000 600 37 0.900000 0.068000 0.067000 1.200000 0.026000 0.031000
1496409906860375339	1400 39 1.200000 0.092000 0.117000 1000 35 0.900000 0.922000 0.895000 600 37 0.900000 0.068000 0.067000 1.200000 0.025000 0.030000
1496409907369597058	1400 39 1.200000 0.095000 0.120000 1000 35 0.900000 0.913000 0.886000 600 37 0.900000 0.068000 0.067000 1.200000 0.025000 0.030000
1496409907878896818	1400 40 1.200000 0.096000 0.122000 1000 35 0.900000 0.951000 0.923000 600 37 0.900000 0.068000 0.067000 1.200000 0.025000 0.030000
1496409908388285286	1400 38 1.200000 0.097000 0.123000 1000 35 0.900000 0.898000 0.871000 600 37 0.900000 0.068000 0.067000 1.200000 0.016000 0.019000
1496409908897660129	1400 39 1.200000 0.102000 0.129000 1000 35 0.900000 0.805000 0.781000 600 37 0.900000 0.069000 0.068000 1.200000 0.079000 0.096000
1496409909406947181	1400 39 1.200000 0.094000 0.119000 1000 35 0.900000 0.892000 0.866000 600 37 0.900000 0.068000 0.067000 1.200000 0.026000 0.031000
1496409909916416774	1400 39 1.200000 0.098000 0.124000 1000 35 0.900000 0.898000 0.871000 600 37 0.900000 0.068000 0.067000 1.200000 0.026000 0.031000
1496409910425607076	1400 39 1.200000 0.095000 0.120000 1000 35 0.900000 0.915000 0.888000 600 37 0.900000 0.068000 0.067000 1.200000 0.025000 0.030000
1496409910934994585	1400 39 1.200000 0.094000 0.119000 1000 35 0.900000 0.922000 0.895000 600 37 0.900000 0.069000 0.068000 1.200000 0.026000 0.031000
1496409911444283970	1400 40 1.200000 0.097000 0.123000 1000 35 0.900000 0.905000 0.878000 600 37 0.900000 0.068000 0.067000 1.200000 0.026000 0.031000
1496409911953576897	1400 39 1.200000 0.099000 0.126000 1000 35 0.900000 1.025000 0.995000 600 37 0.900000 0.068000 0.067000 1.200000 0.019000 0.023000
1496409912462875782	1400 38 1.200000 0.102000 0.129000 1000 35 0.900000 0.753000 0.730000 600 36 0.900000 0.068000 0.067000 1.200000 0.068000 0.082000
1496409912972939874	1400 37 1.200000 0.101000 0.128000 1000 34 0.900000 0.500000 0.485000 600 36 0.900000 0.068000 0.067000 1.200000 0.017000 0.020000
1496409913483189425	1400 37 1.200000 0.099000 0.126000 1000 34 0.900000 0.535000 0.518000 600 36 0.900000 0.068000 0.067000 1.200000 0.014000 0.017000
1496409913993387017	1400 37 1.200000 0.096000 0.122000 1000 34 0.900000 0.536000 0.519000 600 36 0.900000 0.068000 0.067000 1.200000 0.016000 0.019000
1496409914503394567	1400 36 1.200000 0.094000 0.119000 1000 34 0.900000 0.537000 0.519000 600 36 0.900000 0.067000 0.066000 1.200000 0.017000 0.020000
1496409915013329326	1400 37 1.200000 0.094000 0.119000 1000 34 0.900000 0.566000 0.549000 600 36 0.900000 0.067000 0.066000 1.200000 0.020000 0.024000
1496409915523201419	1400 38 1.200000 0.095000 0.121000 1000 34 0.900000 0.552000 0.535000 600 36 0.900000 0.067000 0.066000 1.200000 0.046000 0.055000
1496409916033149053	1400 37 1.200000 0.094000 0.119000 1000 34 0.900000 0.520000 0.504000 600 36 0.900000 0.067000 0.066000 1.200000 0.041000 0.049000
1496409916543052854	1400 37 1.200000 0.094000 0.119000 1000 34 0.900000 0.528000 0.512000 600 36 0.900000 0.067000 0.066000 1.200000 0.042000 0.051000
1496409917053488320	1400 36 1.200000 0.094000 0.119000 1000 34 0.900000 0.517000 0.501000 600 36 0.900000 0.067000 0.066000 1.200000 0.041000 0.049000
1496409917562848164	1400 38 1.200000 0.104000 0.132000 1000 34 0.900000 0.487000 0.472000 600 36 0.900000 0.067000 0.066000 1.200000 0.125000 0.153000
1496409918071950340	1400 39 1.200000 0.095000 0.120000 1000 34 0.900000 1.050000 1.019000 600 36 0.900000 0.068000 0.067000 1.200000 0.030000 0.036000
1496409918581053309	1400 39 1.200000 0.095000 0.120000 1000 34 0.900000 1.086000 1.055000 600 37 0.900000 0.067000 0.066000 1.200000 0.007000 0.008000
1496409919090036861	1400 40 1.200000 0.094000 0.119000 1000 35 0.900000 1.088000 1.057000 600 37 0.900000 0.068000 0.067000 1.200000 0.006000 0.007000
1496409919599068746	1400 40 1.200000 0.096000 0.122000 1000 35 0.900000 1.085000 1.053000 600 37 0.900000 0.068000 0.067000 1.200000 0.006000 0.007000
1496409920108077965	1400 40 1.200000 0.098000 0.124000 1000 35 0.900000 1.083000 1.051000 600 37 0.900000 0.068000 0.067000 1.200000 0.006000 0.007000
1496409920617187934	1400 40 1.200000 0.100000 0.127000 1000 35 0.900000 1.071000 1.039000 600 37 0.900000 0.068000 0.067000 1.200000 0.006000 0.007000
1496409921126265569	1400 40 1.200000 0.099000 0.126000 1000 35 0.900000 1.066000 1.035000 600 37 0.900000 0.068000 0.067000 1.200000 0.006000 0.007000
1496409921635240454	1400 40 1.200000 0.096000 0.122000 1000 35 0.900000 1.067000 1.037000 600 37 0.900000 0.068000 0.067000 1.200000 0.007000 0.008000
1496409922144253090	1400 40 1.200000 0.094000 0.119000 1000 35 0.900000 1.064000 1.033000 600 37 0.900000 0.068000 0.067000 1.200000 0.006000 0.007000
1496409922653374767	1400 40 1.200000 0.094000 0.119000 1000 35 0.900000 1.069000 1.037000 600 37 0.900000 0.069000 0.068000 1.200000 0.007000 0.008000
1496409923162478360	1400 40 1.200000 0.094000 0.119000 1000 35 0.900000 1.068000 1.037000 600 37 0.900000 0.068000 0.067000 1.200000 0.007000 0.008000
1496409923671671995	1400 40 1.200000 0.093000 0.118000 1000 35 0.900000 1.067000 1.037000 600 38 0.900000 0.068000 0.067000 1.200000 0.006000 0.007000
1496409924180743547	1400 40 1.200000 0.092000 0.117000 1000 35 0.900000 1.061000 1.030000 600 38 0.900000 0.068000 0.067000 1.200000 0.006000 0.007000
1496409924690032390	1400 40 1.200000 0.099000 0.126000 1000 35 0.900000 1.062000 1.032000 600 37 0.900000 0.068000 0.067000 1.200000 0.008000 0.009000
1496409925199183609	1400 40 1.200000 0.095000 0.120000 1000 35 0.900000 1.057000 1.027000 600 38 0.900000 0.068000 0.067000 1.200000 0.007000 0.008000
1496409925708339286	1400 40 1.200000 0.093000 0.118000 1000 35 0.900000 1.059000 1.028000 600 38 0.900000 0.069000 0.068000 1.200000 0.010000 0.012000
1496409926217424046	1400 40 1.200000 0.096000 0.122000 1000 35 0.900000 1.048000 1.018000 600 38 0.900000 0.069000 0.068000 1.200000 0.011000 0.013000
1496409926726539181	1400 40 1.200000 0.098000 0.124000 1000 35 0.900000 1.063000 1.033000 600 38 0.900000 0.068000 0.067000 1.200000 0.008000 0.009000
1496409927235660066	1400 40 1.200000 0.093000 0.118000 1000 35 0.900000 1.049000 1.018000 600 38 0.900000 0.068000 0.067000 1.200000 0.009000 0.010000
1496409927744865910	1400 40 1.200000 0.093000 0.118000 1000 35 0.900000 1.059000 1.029000 600 38 0.900000 0.069000 0.068000 1.200000 0.008000 0.009000
1496409928253991045	1400 40 1.200000 0.094000 0.119000 1000 35 0.900000 1.049000 1.018000 600 38 0.900000 0.068000 0.067000 1.200000 0.008000 0.009000
1496409928763033555	1400 40 1.200000 0.093000 0.118000 1000 35 0.900000 1.064000 1.034000 600 38 0.900000 0.069000 0.068000 1.200000 0.008000 0.009000
1496409929272066774	1400 40 1.200000 0.092000 0.117000 1000 35 0.900000 1.065000 1.034000 600 38 0.900000 0.069000 0.068000 1.200000 0.010000 0.012000
1496409929781273534	1400 40 1.200000 0.097000 0.123000 1000 35 0.900000 1.060000 1.030000 600 38 0.900000 0.068000 0.067000 1.200000 0.007000 0.008000
1496409930290359461	1400 40 1.200000 0.100000 0.127000 1000 35 0.900000 1.055000 1.025000 600 38 0.900000 0.069000 0.068000 1.200000 0.009000 0.010000
1496409930799476304	1400 40 1.200000 0.100000 0.127000 1000 35 0.900000 1.056000 1.026000 600 38 0.900000 0.069000 0.068000 1.200000 0.008000 0.009000
1496409931308479482	1400 40 1.200000 0.098000 0.124000 1000 35 0.900000 1.034000 1.005000 600 38 0.900000 0.069000 0.068000 1.200000 0.009000 0.010000
1496409931817736867	1400 40 1.200000 0.096000 0.122000 1000 35 0.900000 1.048000 1.017000 600 38 0.900000 0.069000 0.068000 1.200000 0.009000 0.010000
1496409932326889960	1400 40 1.200000 0.094000 0.119000 1000 35 0.900000 1.051000 1.020000 600 38 0.900000 0.068000 0.067000 1.200000 0.010000 0.012000
1496409932836177928	1400 40 1.200000 0.094000 0.119000 1000 35 0.900000 1.056000 1.025000 600 38 0.900000 0.069000 0.068000 1.200000 0.011000 0.013000
1496409933345211230	1400 40 1.200000 0.098000 0.124000 1000 35 0.900000 1.063000 1.032000 600 38 0.900000 0.069000 0.068000 1.200000 0.011000 0.013000
1496409933854377282	1400 40 1.200000 0.101000 0.128000 1000 35 0.900000 1.053000 1.023000 600 38 0.900000 0.069000 0.068000 1.200000 0.011000 0.013000
1496409934363320918	1400 40 1.200000 0.099000 0.126000 1000 35 0.900000 1.064000 1.034000 600 38 0.900000 0.068000 0.067000 1.200000 0.008000 0.009000
1496409934872454928	1400 40 1.200000 0.096000 0.122000 1000 35 0.900000 1.055000 1.025000 600 38 0.900000 0.069000 0.068000 1.200000 0.009000 0.010000
1496409935381537480	1400 40 1.200000 0.096000 0.122000 1000 35 0.900000 1.049000 1.019000 600 38 0.900000 0.069000 0.068000 1.200000 0.011000 0.013000
1496409935890631157	1400 40 1.200000 0.095000 0.121000 1000 35 0.900000 1.053000 1.023000 600 38 0.900000 0.068000 0.067000 1.200000 0.009000 0.010000
1496409936399731375	1400 40 1.200000 0.093000 0.118000 1000 35 0.900000 1.058000 1.027000 600 38 0.900000 0.068000 0.067000 1.200000 0.011000 0.013000
1496409936908734219	1400 40 1.200000 0.093000 0.118000 1000 35 0.900000 1.055000 1.025000 600 38 0.900000 0.068000 0.067000 1.200000 0.010000 0.012000
1496409937417770771	1400 40 1.200000 0.093000 0.118000 1000 35 0.900000 1.061000 1.031000 600 38 0.900000 0.068000 0.067000 1.200000 0.012000 0.014000
1496409937926970573	1400 40 1.200000 0.094000 0.119000 1000 35 0.900000 1.055000 1.025000 600 38 0.900000 0.068000 0.067000 1.200000 0.014000 0.017000
1496409938436137166	1400 40 1.200000 0.093000 0.118000 1000 35 0.900000 1.046000 1.016000 600 38 0.900000 0.069000 0.068000 1.200000 0.011000 0.013000
1496409938945243468	1400 40 1.200000 0.094000 0.119000 1000 35 0.900000 1.039000 1.008000 600 38 0.900000 0.068000 0.067000 1.200000 0.014000 0.017000
1496409939454288020	1400 40 1.200000 0.096000 0.122000 1000 35 0.900000 1.039000 1.009000 600 38 0.900000 0.069000 0.068000 1.200000 0.013000 0.015000
1496409939963267822	1400 40 1.200000 0.097000 0.123000 1000 35 0.900000 1.037000 1.007000 600 38 0.900000 0.068000 0.067000 1.200000 0.013000 0.015000
1496409940472300332	1400 40 1.200000 0.093000 0.118000 1000 35 0.900000 1.043000 1.013000 600 38 0.900000 0.069000 0.068000 1.200000 0.016000 0.019000
1496409940981623509	1400 40 1.200000 0.100000 0.127000 1000 35 0.900000 1.038000 1.008000 600 38 0.900000 0.068000 0.067000 1.200000 0.020000 0.024000
1496409941490650936	1400 40 1.200000 0.099000 0.126000 1000 35 0.900000 1.028000 0.999000 600 38 0.900000 0.068000 0.067000 1.200000 0.020000 0.024000
1496409941999764071	1400 40 1.200000 0.095000 0.120000 1000 35 0.900000 1.037000 1.007000 600 38 0.900000 0.069000 0.068000 1.200000 0.022000 0.026000
1496409942508891831	1400 40 1.200000 0.094000 0.119000 1000 35 0.900000 1.014000 0.984000 600 38 0.900000 0.068000 0.067000 1.200000 0.031000 0.037000
1496409943018126050	1400 39 1.200000 0.099000 0.126000 1000 35 0.900000 0.975000 0.946000 600 38 0.900000 0.068000 0.067000 1.200000 0.049000 0.059000
1496409943527207268	1400 39 1.200000 0.100000 0.127000 1000 35 0.900000 0.842000 0.817000 600 37 0.900000 0.068000 0.067000 1.200000 0.081000 0.098000
1496409944036316320	1400 38 1.200000 0.100000 0.127000 1000 34 0.900000 0.469000 0.453000 600 36 0.900000 0.068000 0.067000 1.200000 0.011000 0.013000
1496409944545373747	1400 37 1.200000 0.097000 0.123000 1000 34 0.900000 0.469000 0.454000 600 36 0.900000 0.068000 0.067000 1.200000 0.010000 0.012000
1496409945054496174	1400 37 1.200000 0.092000 0.117000 1000 34 0.900000 0.468000 0.453000 600 36 0.900000 0.068000 0.067000 1.200000 0.009000 0.010000
1496409945564447016	1400 36 1.200000 0.092000 0.117000 1000 34 0.900000 0.533000 0.517000 600 36 0.900000 0.067000 0.066000 1.200000 0.036000 0.043000
1496409946074848941	1400 36 1.200000 0.095000 0.121000 1000 34 0.900000 0.533000 0.517000 600 36 0.900000 0.068000 0.067000 1.200000 0.016000 0.019000
1496409946584981575	1400 36 1.200000 0.101000 0.128000 1000 34 0.900000 0.536000 0.518000 600 36 0.900000 0.067000 0.066000 1.200000 0.015000 0.018000
1496409947095263917	1400 36 1.200000 0.102000 0.130000 1000 33 0.900000 0.536000 0.519000 600 36 0.900000 0.067000 0.066000 1.200000 0.014000 0.017000
1496409947605508884	1400 36 1.200000 0.099000 0.126000 1000 34 0.900000 0.537000 0.520000 600 36 0.900000 0.067000 0.066000 1.200000 0.017000 0.020000
1496409948115025477	1400 35 1.200000 0.098000 0.124000 1000 33 0.900000 0.542000 0.525000 600 36 0.900000 0.067000 0.066000 1.200000 0.017000 0.020000
1496409948624246696	1400 38 1.200000 0.095000 0.120000 1000 34 0.900000 0.866000 0.840000 600 36 0.900000 0.067000 0.066000 1.200000 0.025000 0.030000
1496409949133384039	1400 39 1.200000 0.096000 0.122000 1000 34 0.900000 1.100000 1.069000 600 37 0.900000 0.067000 0.066000 1.200000 0.006000 0.007000
1496409949642607507	1400 39 1.200000 0.091000 0.116000 1000 34 0.900000 1.100000 1.069000 600 37 0.900000 0.067000 0.066000 1.200000 0.008000 0.009000
1496409950151875559	1400 39 1.200000 0.093000 0.118000 1000 34 0.900000 1.099000 1.068000 600 37 0.900000 0.067000 0.066000 1.200000 0.004000 0.004000
1496409950661321069	1400 39 1.200000 0.093000 0.118000 1000 35 0.900000 1.100000 1.069000 600 38 0.900000 0.067000 0.066000 1.200000 0.006000 0.007000
1496409951170555954	1400 39 1.200000 0.092000 0.117000 1000 35 0.900000 1.101000 1.070000 600 38 0.900000 0.067000 0.066000 1.200000 0.009000 0.010000
1496409951679937839	1400 39 1.200000 0.091000 0.115000 1000 35 0.900000 1.102000 1.071000 600 38 0.900000 0.068000 0.067000 1.200000 0.011000 0.013000
1496409952189174265	1400 40 1.200000 0.097000 0.123000 1000 35 0.900000 1.104000 1.073000 600 38 0.900000 0.068000 0.067000 1.200000 0.011000 0.013000
1496409952698490692	1400 40 1.200000 0.100000 0.127000 1000 35 0.900000 1.104000 1.073000 600 38 0.900000 0.068000 0.067000 1.200000 0.011000 0.013000
1496409953207713202	1400 40 1.200000 0.098000 0.124000 1000 35 0.900000 1.104000 1.073000 600 38 0.900000 0.068000 0.067000 1.200000 0.008000 0.009000
1496409953717093795	1400 40 1.200000 0.096000 0.122000 1000 35 0.900000 1.103000 1.072000 600 38 0.900000 0.068000 0.067000 1.200000 0.007000 0.008000
1496409954226430680	1400 40 1.200000 0.094000 0.119000 1000 35 0.900000 1.104000 1.073000 600 38 0.900000 0.068000 0.067000 1.200000 0.011000 0.013000
1496409954735772857	1400 40 1.200000 0.094000 0.119000 1000 35 0.900000 1.104000 1.073000 600 38 0.900000 0.068000 0.067000 1.200000 0.018000 0.021000
1496409955245078617	1400 40 1.200000 0.097000 0.123000 1000 35 0.900000 1.104000 1.073000 600 38 0.900000 0.069000 0.068000 1.200000 0.014000 0.017000
1496409955754423293	1400 40 1.200000 0.101000 0.128000 1000 35 0.900000 1.103000 1.072000 600 38 0.900000 0.068000 0.067000 1.200000 0.019000 0.023000
1496409956263682720	1400 40 1.200000 0.099000 0.126000 1000 35 0.900000 1.102000 1.071000 600 38 0.900000 0.068000 0.067000 1.200000 0.018000 0.021000
1496409956773018188	1400 40 1.200000 0.096000 0.122000 1000 35 0.900000 1.110000 1.078000 600 38 0.900000 0.068000 0.067000 1.200000 0.010000 0.012000
1496409957282288157	1400 40 1.200000 0.094000 0.119000 1000 35 0.900000 1.105000 1.074000 600 38 0.900000 0.068000 0.067000 1.200000 0.009000 0.010000
1496409957791625583	1400 40 1.200000 0.096000 0.122000 1000 35 0.900000 1.108000 1.076000 600 38 0.900000 0.068000 0.067000 1.200000 0.007000 0.008000
1496409958300916093	1400 40 1.200000 0.094000 0.119000 1000 35 0.900000 1.105000 1.072000 600 38 0.900000 0.068000 0.067000 1.200000 0.016000 0.019000
1496409958810201811	1400 40 1.200000 0.093000 0.118000 1000 35 0.900000 1.108000 1.076000 600 38 0.900000 0.069000 0.068000 1.200000 0.021000 0.025000
1496409959319451321	1400 40 1.200000 0.093000 0.118000 1000 35 0.900000 1.104000 1.073000 600 38 0.900000 0.069000 0.068000 1.200000 0.022000 0.026000
1496409959828669373	1400 40 1.200000 0.094000 0.119000 1000 35 0.900000 1.104000 1.073000 600 38 0.900000 0.069000 0.068000 1.200000 0.022000 0.026000
1496409960337927550	1400 40 1.200000 0.094000 0.119000 1000 35 0.900000 1.105000 1.074000 600 38 0.900000 0.069000 0.068000 1.200000 0.022000 0.026000
1496409960847485684	1400 40 1.200000 0.093000 0.118000 1000 35 0.900000 1.105000 1.074000 600 38 0.900000 0.069000 0.068000 1.200000 0.020000 0.024000
1496409961356771528	1400 40 1.200000 0.098000 0.124000 1000 35 0.900000 1.105000 1.074000 600 38 0.900000 0.068000 0.067000 1.200000 0.021000 0.025000
1496409961866241621	1400 40 1.200000 0.099000 0.126000 1000 35 0.900000 1.110000 1.078000 600 38 0.900000 0.069000 0.068000 1.200000 0.009000 0.010000
1496409962375449839	1400 40 1.200000 0.099000 0.126000 1000 35 0.900000 1.111000 1.079000 600 38 0.900000 0.068000 0.067000 1.200000 0.009000 0.010000
1496409962884679266	1400 40 1.200000 0.094000 0.119000 1000 35 0.900000 1.109000 1.077000 600 38 0.900000 0.069000 0.068000 1.200000 0.012000 0.014000
1496409963393902526	1400 40 1.200000 0.095000 0.121000 1000 35 0.900000 1.107000 1.076000 600 38 0.900000 0.068000 0.067000 1.200000 0.015000 0.018000
1496409963903114953	1400 40 1.200000 0.094000 0.119000 1000 35 0.900000 1.108000 1.076000 600 38 0.900000 0.069000 0.068000 1.200000 0.013000 0.015000
1496409964412457838	1400 40 1.200000 0.096000 0.122000 1000 35 0.900000 1.102000 1.071000 600 38 0.900000 0.069000 0.068000 1.200000 0.024000 0.029000
1496409964921865431	1400 40 1.200000 0.100000 0.127000 1000 35 0.900000 1.102000 1.071000 600 38 0.900000 0.069000 0.068000 1.200000 0.015000 0.018000
1496409965431178107	1400 40 1.200000 0.101000 0.128000 1000 35 0.900000 1.104000 1.073000 600 38 0.900000 0.068000 0.067000 1.200000 0.022000 0.026000
1496409965940403784	1400 40 1.200000 0.098000 0.124000 1000 35 0.900000 1.105000 1.074000 600 38 0.900000 0.069000 0.068000 1.200000 0.020000 0.024000
1496409966449664877	1400 40 1.200000 0.095000 0.120000 1000 35 0.900000 1.103000 1.072000 600 38 0.900000 0.068000 0.067000 1.200000 0.021000 0.025000
1496409966958867637	1400 40 1.200000 0.094000 0.119000 1000 35 0.900000 1.111000 1.079000 600 38 0.900000 0.068000 0.067000 1.200000 0.006000 0.007000
1496409967468067689	1400 40 1.200000 0.094000 0.119000 1000 35 0.900000 1.112000 1.080000 600 38 0.900000 0.069000 0.068000 1.200000 0.006000 0.007000
1496409967977531157	1400 40 1.200000 0.093000 0.118000 1000 35 0.900000 1.108000 1.076000 600 38 0.900000 0.069000 0.068000 1.200000 0.016000 0.019000
1496409968487109209	1400 40 1.200000 0.101000 0.128000 1000 35 0.900000 1.109000 1.077000 600 38 0.900000 0.069000 0.068000 1.200000 0.014000 0.017000
1496409968996510302	1400 40 1.200000 0.099000 0.126000 1000 35 0.900000 1.110000 1.078000 600 38 0.900000 0.068000 0.067000 1.200000 0.014000 0.017000
1496409969505744145	1400 40 1.200000 0.096000 0.122000 1000 35 0.900000 1.111000 1.079000 600 38 0.900000 0.069000 0.068000 1.200000 0.014000 0.017000
1496409970015112655	1400 40 1.200000 0.094000 0.119000 1000 35 0.900000 1.101000 1.070000 600 38 0.900000 0.069000 0.068000 1.200000 0.025000 0.030000
1496409970524351998	1400 40 1.200000 0.097000 0.123000 1000 35 0.900000 1.096000 1.065000 600 38 0.900000 0.069000 0.068000 1.200000 0.022000 0.026000
1496409971033548925	1400 40 1.200000 0.099000 0.126000 1000 35 0.900000 1.104000 1.073000 600 38 0.900000 0.069000 0.068000 1.200000 0.019000 0.023000
1496409971542970226	1400 40 1.200000 0.093000 0.118000 1000 35 0.900000 1.107000 1.076000 600 38 0.900000 0.069000 0.068000 1.200000 0.015000 0.018000
1496409972052359570	1400 40 1.200000 0.093000 0.118000 1000 35 0.900000 1.112000 1.080000 600 38 0.900000 0.069000 0.068000 1.200000 0.013000 0.015000
1496409972561670538	1400 40 1.200000 0.094000 0.119000 1000 35 0.900000 1.110000 1.078000 600 38 0.900000 0.068000 0.067000 1.200000 0.013000 0.015000
1496409973071139548	1400 40 1.200000 0.093000 0.118000 1000 35 0.900000 1.109000 1.077000 600 38 0.900000 0.069000 0.068000 1.200000 0.012000 0.014000
1496409973580352516	1400 40 1.200000 0.093000 0.118000 1000 35 0.900000 1.107000 1.074000 600 38 0.900000 0.069000 0.068000 1.200000 0.013000 0.015000
1496409974089589526	1400 40 1.200000 0.093000 0.118000 1000 35 0.900000 1.107000 1.076000 600 38 0.900000 0.069000 0.068000 1.200000 0.016000 0.019000
1496409974598823578	1400 40 1.200000 0.094000 0.119000 1000 35 0.900000 1.099000 1.068000 600 38 0.900000 0.068000 0.067000 1.200000 0.007000 0.008000
1496409975108122296	1400 40 1.200000 0.099000 0.126000 1000 35 0.900000 1.103000 1.072000 600 38 0.900000 0.069000 0.068000 1.200000 0.008000 0.009000
1496409975617354348	1400 40 1.200000 0.094000 0.119000 1000 35 0.900000 1.106000 1.075000 600 38 0.900000 0.069000 0.068000 1.200000 0.009000 0.010000
1496409976126604358	1400 40 1.200000 0.094000 0.119000 1000 35 0.900000 1.105000 1.074000 600 38 0.900000 0.069000 0.068000 1.200000 0.014000 0.016000
1496409976635786618	1400 40 1.200000 0.096000 0.122000 1000 35 0.900000 1.105000 1.074000 600 38 0.900000 0.069000 0.068000 1.200000 0.015000 0.018000
1496409977145102836	1400 40 1.200000 0.097000 0.123000 1000 35 0.900000 1.109000 1.077000 600 38 0.900000 0.069000 0.068000 1.200000 0.016000 0.019000
1496409977654579429	1400 40 1.200000 0.102000 0.129000 1000 35 0.900000 1.109000 1.077000 600 38 0.900000 0.069000 0.068000 1.200000 0.016000 0.019000
1496409978163851773	1400 40 1.200000 0.101000 0.128000 1000 35 0.900000 1.103000 1.072000 600 38 0.900000 0.069000 0.068000 1.200000 0.008000 0.009000
1496409978673224282	1400 40 1.200000 0.096000 0.122000 1000 35 0.900000 1.101000 1.070000 600 38 0.900000 0.069000 0.068000 1.200000 0.008000 0.009000
1496409979182473459	1400 40 1.200000 0.094000 0.119000 1000 35 0.900000 1.099000 1.068000 600 38 0.900000 0.069000 0.068000 1.200000 0.009000 0.010000
1496409979691817969	1400 40 1.200000 0.096000 0.122000 1000 35 0.900000 1.101000 1.070000 600 38 0.900000 0.069000 0.068000 1.200000 0.009000 0.010000
1496409980201106729	1400 40 1.200000 0.099000 0.126000 1000 35 0.900000 1.105000 1.074000 600 38 0.900000 0.069000 0.068000 1.200000 0.013000 0.015000
1496409980711279363	1400 38 1.200000 0.139000 0.176000 1000 35 0.900000 1.039000 1.009000 600 37 0.900000 0.069000 0.068000 1.200000 0.009000 0.010000
1496409981221747538	1400 37 1.200000 0.096000 0.122000 1000 35 0.900000 0.535000 0.517000 600 37 0.900000 0.068000 0.067000 1.200000 0.018000 0.021000
1496409981731934505	1400 37 1.200000 0.097000 0.123000 1000 34 0.900000 0.536000 0.519000 600 37 0.900000 0.068000 0.067000 1.200000 0.015000 0.018000
1496409982242373597	1400 37 1.200000 0.096000 0.122000 1000 34 0.900000 0.539000 0.522000 600 36 0.900000 0.067000 0.066000 1.200000 0.017000 0.020000
1496409982752688897	1400 37 1.200000 0.095000 0.120000 1000 34 0.900000 0.538000 0.521000 600 36 0.900000 0.068000 0.067000 1.200000 0.014000 0.017000
1496409983262251156	1400 38 1.200000 0.103000 0.131000 1000 34 0.900000 0.540000 0.523000 600 36 0.900000 0.067000 0.066000 1.200000 0.018000 0.021000
1496409983771698124	1400 40 1.200000 0.096000 0.122000 1000 35 0.900000 0.832000 0.807000 600 37 0.900000 0.068000 0.067000 1.200000 0.030000 0.036000
1496409984281043176	1400 41 1.200000 0.094000 0.119000 1000 35 0.900000 1.288000 1.251000 600 38 0.900000 0.068000 0.067000 1.200000 0.028000 0.034000
1496409984790260103	1400 41 1.200000 0.094000 0.119000 1000 35 0.900000 1.286000 1.251000 600 38 0.900000 0.068000 0.067000 1.200000 0.027000 0.032000
1496409985299482738	1400 41 1.200000 0.094000 0.119000 1000 35 0.900000 1.287000 1.252000 600 38 0.900000 0.069000 0.068000 1.200000 0.027000 0.032000
1496409985808661415	1400 42 1.200000 0.093000 0.118000 1000 36 0.900000 1.283000 1.247000 600 38 0.900000 0.069000 0.068000 1.200000 0.028000 0.033000
1496409986317941216	1400 42 1.200000 0.101000 0.128000 1000 36 0.900000 1.282000 1.246000 600 38 0.900000 0.069000 0.068000 1.200000 0.027000 0.032000
1496409986827184768	1400 42 1.200000 0.099000 0.126000 1000 36 0.900000 1.278000 1.242000 600 38 0.900000 0.069000 0.068000 1.200000 0.026000 0.031000
1496409987336460445	1400 42 1.200000 0.097000 0.123000 1000 36 0.900000 1.278000 1.242000 600 39 0.900000 0.069000 0.068000 1.200000 0.026000 0.031000
1496409987845658496	1400 42 1.200000 0.095000 0.120000 1000 36 0.900000 1.276000 1.240000 600 39 0.900000 0.069000 0.068000 1.200000 0.026000 0.031000
1496409988354936340	1400 42 1.200000 0.096000 0.122000 1000 36 0.900000 1.278000 1.242000 600 39 0.900000 0.069000 0.068000 1.200000 0.024000 0.029000
1496409988864214641	1400 41 1.200000 0.100000 0.127000 1000 36 0.900000 0.734000 0.711000 600 38 0.900000 0.069000 0.068000 1.200000 0.004000 0.004000
1496409989373399401	1400 42 1.200000 0.095000 0.120000 1000 36 0.900000 0.800000 0.776000 600 38 0.900000 0.069000 0.068000 1.200000 0.028000 0.033000
1496409989882688286	1400 42 1.200000 0.094000 0.119000 1000 36 0.900000 1.300000 1.263000 600 39 0.900000 0.069000 0.068000 1.200000 0.027000 0.032000
1496409990391982338	1400 42 1.200000 0.098000 0.124000 1000 36 0.900000 1.300000 1.263000 600 39 0.900000 0.069000 0.068000 1.200000 0.028000 0.033000
1496409990901316598	1400 42 1.200000 0.095000 0.120000 1000 36 0.900000 1.298000 1.261000 600 39 0.900000 0.069000 0.068000 1.200000 0.026000 0.031000
1496409991410564983	1400 42 1.200000 0.097000 0.123000 1000 36 0.900000 1.296000 1.259000 600 39 0.900000 0.069000 0.068000 1.200000 0.028000 0.034000
1496409991919899326	1400 42 1.200000 0.100000 0.127000 1000 36 0.900000 1.295000 1.258000 600 39 0.900000 0.069000 0.068000 1.200000 0.027000 0.032000
1496409992429092170	1400 42 1.200000 0.103000 0.131000 1000 36 0.900000 1.293000 1.256000 600 39 0.900000 0.069000 0.068000 1.200000 0.027000 0.032000
1496409992938205513	1400 42 1.200000 0.101000 0.128000 1000 36 0.900000 1.289000 1.252000 600 39 0.900000 0.069000 0.068000 1.200000 0.026000 0.031000
1496409993447531773	1400 42 1.200000 0.098000 0.124000 1000 36 0.900000 1.289000 1.252000 600 39 0.900000 0.069000 0.068000 1.200000 0.027000 0.032000
1496409993956842408	1400 42 1.200000 0.095000 0.120000 1000 36 0.900000 1.283000 1.247000 600 39 0.900000 0.069000 0.068000 1.200000 0.027000 0.032000
1496409994466074043	1400 42 1.200000 0.095000 0.120000 1000 36 0.900000 1.283000 1.247000 600 39 0.900000 0.069000 0.068000 1.200000 0.025000 0.030000
1496409994975287678	1400 41 1.200000 0.094000 0.119000 1000 36 0.900000 0.735000 0.712000 600 38 0.900000 0.069000 0.068000 1.200000 0.006000 0.007000
1496409995484497980	1400 42 1.200000 0.094000 0.119000 1000 36 0.900000 1.301000 1.265000 600 39 0.900000 0.069000 0.068000 1.200000 0.027000 0.032000
1496409995993813323	1400 42 1.200000 0.093000 0.118000 1000 36 0.900000 1.300000 1.263000 600 39 0.900000 0.069000 0.068000 1.200000 0.027000 0.032000
1496409996503108166	1400 42 1.200000 0.095000 0.120000 1000 36 0.900000 1.299000 1.262000 600 39 0.900000 0.069000 0.068000 1.200000 0.026000 0.031000
1496409997012434676	1400 42 1.200000 0.094000 0.119000 1000 36 0.900000 1.297000 1.261000 600 39 0.900000 0.069000 0.068000 1.200000 0.026000 0.031000
1496409997521721311	1400 42 1.200000 0.096000 0.122000 1000 36 0.900000 1.294000 1.257000 600 39 0.900000 0.069000 0.068000 1.200000 0.027000 0.032000
1496409998031060238	1400 42 1.200000 0.095000 0.120000 1000 36 0.900000 1.290000 1.253000 600 39 0.900000 0.069000 0.068000 1.200000 0.028000 0.034000
1496409998540267706	1400 42 1.200000 0.101000 0.128000 1000 36 0.900000 1.289000 1.252000 600 39 0.900000 0.069000 0.068000 1.200000 0.027000 0.032000
1496409999049464758	1400 42 1.200000 0.100000 0.127000 1000 36 0.900000 1.289000 1.252000 600 39 0.900000 0.069000 0.068000 1.200000 0.026000 0.031000
1496409999558629185	1400 42 1.200000 0.100000 0.127000 1000 37 0.900000 1.290000 1.253000 600 39 0.900000 0.069000 0.068000 1.200000 0.026000 0.031000
1496410000067774945	1400 42 1.200000 0.097000 0.123000 1000 37 0.900000 1.288000 1.251000 600 39 0.900000 0.069000 0.068000 1.200000 0.024000 0.029000
1496410000577072455	1400 41 1.200000 0.096000 0.122000 1000 36 0.900000 1.284000 1.248000 600 38 0.900000 0.069000 0.068000 1.200000 0.013000 0.015000
1496410001086425840	1400 42 1.200000 0.097000 0.123000 1000 36 0.900000 0.732000 0.710000 600 39 0.900000 0.069000 0.068000 1.200000 0.038000 0.046000
1496410001595612267	1400 42 1.200000 0.100000 0.127000 1000 36 0.900000 1.302000 1.266000 600 39 0.900000 0.069000 0.068000 1.200000 0.029000 0.035000
1496410002104870860	1400 42 1.200000 0.103000 0.131000 1000 36 0.900000 1.298000 1.261000 600 39 0.900000 0.069000 0.068000 1.200000 0.028000 0.034000
1496410002614095828	1400 42 1.200000 0.094000 0.119000 1000 36 0.900000 1.297000 1.260000 600 39 0.900000 0.069000 0.068000 1.200000 0.027000 0.032000
1496410003123347672	1400 42 1.200000 0.095000 0.120000 1000 36 0.900000 1.293000 1.256000 600 39 0.900000 0.069000 0.068000 1.200000 0.027000 0.032000
1496410003632563932	1400 42 1.200000 0.094000 0.119000 1000 36 0.900000 1.293000 1.256000 600 39 0.900000 0.069000 0.068000 1.200000 0.028000 0.033000
1496410004141824150	1400 42 1.200000 0.095000 0.120000 1000 37 0.900000 1.292000 1.255000 600 39 0.900000 0.069000 0.068000 1.200000 0.027000 0.032000
1496410004651080702	1400 42 1.200000 0.094000 0.119000 1000 36 0.900000 1.292000 1.255000 600 39 0.900000 0.069000 0.068000 1.200000 0.026000 0.031000
1496410005160537003	1400 42 1.200000 0.103000 0.131000 1000 36 0.900000 1.287000 1.250000 600 39 0.900000 0.069000 0.068000 1.200000 0.027000 0.032000
1496410005669865638	1400 42 1.200000 0.102000 0.129000 1000 37 0.900000 1.285000 1.250000 600 39 0.900000 0.069000 0.068000 1.200000 0.027000 0.032000
1496410006179024357	1400 42 1.200000 0.097000 0.123000 1000 36 0.900000 1.286000 1.249000 600 39 0.900000 0.069000 0.068000 1.200000 0.025000 0.030000
1496410006688298117	1400 42 1.200000 0.094000 0.119000 1000 36 0.900000 0.738000 0.715000 600 38 0.900000 0.069000 0.068000 1.200000 0.005000 0.006000
1496410007197525127	1400 42 1.200000 0.095000 0.120000 1000 36 0.900000 1.289000 1.252000 600 39 0.900000 0.069000 0.068000 1.200000 0.026000 0.031000
1496410007707027720	1400 42 1.200000 0.094000 0.119000 1000 36 0.900000 1.288000 1.251000 600 39 0.900000 0.069000 0.068000 1.200000 0.026000 0.031000
1496410008216363105	1400 42 1.200000 0.094000 0.119000 1000 36 0.900000 1.288000 1.251000 600 39 0.900000 0.069000 0.068000 1.200000 0.026000 0.031000
1496410008725632198	1400 42 1.200000 0.102000 0.129000 1000 36 0.900000 1.286000 1.249000 600 39 0.900000 0.069000 0.068000 1.200000 0.025000 0.030000
1496410009234890791	1400 42 1.200000 0.099000 0.126000 1000 36 0.900000 1.286000 1.249000 600 39 0.900000 0.069000 0.068000 1.200000 0.024000 0.029000
1496410009744150051	1400 42 1.200000 0.097000 0.123000 1000 36 0.900000 1.280000 1.244000 600 39 0.900000 0.069000 0.068000 1.200000 0.024000 0.029000
1496410010253426936	1400 42 1.200000 0.096000 0.122000 1000 37 0.900000 1.277000 1.241000 600 39 0.900000 0.069000 0.068000 1.200000 0.024000 0.029000
1496410010762615530	1400 42 1.200000 0.099000 0.126000 1000 37 0.900000 1.277000 1.241000 600 39 0.900000 0.069000 0.068000 1.200000 0.024000 0.029000
1496410011271912415	1400 42 1.200000 0.102000 0.129000 1000 37 0.900000 1.276000 1.240000 600 39 0.900000 0.069000 0.068000 1.200000 0.023000 0.027000
1496410011781302716	1400 42 1.200000 0.095000 0.121000 1000 37 0.900000 1.278000 1.243000 600 39 0.900000 0.069000 0.068000 1.200000 0.022000 0.026000
1496410012290636476	1400 41 1.200000 0.099000 0.126000 1000 36 0.900000 1.279000 1.244000 600 38 0.900000 0.069000 0.068000 1.200000 0.014000 0.016000
1496410012799880528	1400 37 1.200000 0.104000 0.132000 1000 35 0.900000 0.711000 0.690000 600 37 0.900000 0.069000 0.068000 1.200000 0.003000 0.003000
1496410013308870997	1400 36 1.200000 0.096000 0.122000 1000 34 0.900000 0.193000 0.189000 600 37 0.900000 0.069000 0.068000 1.200000 0.005000 0.006000
