#Timestamp	Benchmark	CPU(4) Frequency(MHz)	CPU(4) Temperature(C)	A15 Voltage(V)	A15 Current(A)	A15 Power(W)	CPU_CYCLES	EXCEPTION_RETURN	BRANCH_MISPRED	BRANCH_PRED	DATA_MEM_ACCESS	L1I_CACHE_ACCESS	L2D_CACHE_ACCESS
1495863806407778474	parsec.dedup	1400	38	1.000000	0.303000	0.324000	450171022	41884	2765030	43521373	107927788	124142433	7840840
1495863806917614525	parsec.dedup	1400	38	1.000000	0.774000	0.820000	701366246	68364	4370838	64077427	161986029	192246393	12436808
1495863807427314951	parsec.dedup	1400	38	1.000000	0.776000	0.821000	700821035	67550	4345635	66533403	165164209	193755644	12297172
1495863807937159419	parsec.dedup	1400	38	1.000000	0.779000	0.824000	700906388	59763	2074360	50289382	183425458	155828437	15530310
1495863808447267511	parsec.dedup	1400	38	1.000000	0.792000	0.837000	700890600	52582	1844351	49558388	181890813	153873279	14890448
1495863808956987395	parsec.dedup	1400	38	1.000000	0.791000	0.836000	700893202	59692	1885841	47693891	180957921	159359932	15817941
1495863809466650280	parsec.dedup	1400	38	1.000000	0.793000	0.838000	700827604	27105	2448172	61124527	323527264	221414094	9760163
1495863809976234664	parsec.dedup	1400	38	1.000000	0.893000	0.946000	700914326	21393	2842845	65323960	333719504	230399478	9240818
1495863810485556883	parsec.dedup	1400	39	1.000000	0.946000	1.002000	700843788	12554	2612803	67059103	364517289	242869837	6530989
1495863810994822143	parsec.dedup	1400	39	1.000000	0.983000	1.041000	700849353	12617	3086390	75222101	333775689	232251259	6617479
1495863811504193236	parsec.dedup	1400	39	1.000000	0.942000	0.998000	700861251	13950	3182356	67883905	348753792	243509753	7236130
1495863812013488829	parsec.dedup	1400	39	1.000000	0.932000	0.987000	700852864	14127	2024167	68079791	351600646	228614112	7333149
1495863812522855714	parsec.dedup	1400	39	1.000000	0.924000	0.979000	700848064	15528	2093674	67535880	345874072	230366509	7453272
1495863813032344307	parsec.dedup	1400	39	1.000000	0.944000	1.000000	700851712	15231	2099496	69724778	342193170	228584219	7581338
1495863813541786733	parsec.dedup	1400	39	1.000000	0.945000	1.001000	700847036	14469	1956598	66829515	353939507	231284621	7431568
1495863814051279785	parsec.dedup	1400	39	1.000000	0.953000	1.008000	700958470	16445	2222245	58313110	369882000	239190359	8159700
1495863814560785003	parsec.dedup	1400	39	1.000000	0.938000	0.994000	700849818	26284	3287934	59371242	338752384	236992192	10739425
1495863815070368637	parsec.dedup	1400	39	1.000000	0.935000	0.991000	700979788	34310	4227550	74705066	281621221	224586516	13072480
1495863815579905064	parsec.dedup	1400	39	1.000000	0.871000	0.921000	700900528	35023	4260223	74582446	277753247	224336604	12945595
1495863816089378115	parsec.dedup	1400	38	1.000000	0.860000	0.909000	700882028	34669	4281069	74827559	279226815	224820065	12973760
1495863816598783333	parsec.dedup	1400	38	1.000000	0.863000	0.913000	700866160	33961	4280526	75092808	281870263	225566959	13049206
1495863817108292051	parsec.dedup	1400	38	1.000000	0.865000	0.915000	700881980	35764	4295081	74143273	271619467	222984697	12720056
1495863817617921811	parsec.dedup	1400	38	1.000000	0.868000	0.918000	700904196	35037	4292728	74672692	276757617	224520201	12935188
1495863818127449487	parsec.dedup	1400	38	1.000000	0.856000	0.905000	701005728	35328	4073747	72175442	272728424	219533765	13320891
1495863818636999622	parsec.dedup	1400	38	1.000000	0.856000	0.905000	700923428	36455	4097233	72055448	267380179	218477090	13053707
1495863819146496506	parsec.dedup	1400	38	1.000000	0.857000	0.908000	700915996	35913	4086817	72134903	270428182	219150300	13204555
1495863819656147807	parsec.dedup	1400	38	1.000000	0.863000	0.914000	700916846	34836	4181037	72638573	274836650	221505650	13341764
1495863820165570692	parsec.dedup	1400	38	1.000000	0.865000	0.916000	700887170	35157	4379898	74554834	274532395	224338153	12683729
1495863820675122660	parsec.dedup	1400	38	1.000000	0.858000	0.909000	700914560	35602	4309292	73030608	269827641	221997664	12899603
1495863821184650170	parsec.dedup	1400	38	1.000000	0.864000	0.915000	700904792	34359	4307673	73750044	276925215	223758091	13170576
1495863821694147513	parsec.dedup	1400	38	1.000000	0.861000	0.912000	700907556	30083	5590617	92253523	267685485	236017035	11143138
1495863822203701272	parsec.dedup	1400	38	1.000000	0.860000	0.911000	700994404	33479	4808417	85319782	268153541	227684083	11595331
1495863822713296865	parsec.dedup	1400	38	1.000000	0.860000	0.911000	700911318	30577	5674572	90304510	265520193	236932785	11144653
1495863823222735000	parsec.dedup	1400	38	1.000000	0.865000	0.916000	700880578	32657	5482489	101610419	233298357	222300925	8741722
1495863823732136052	parsec.dedup	1400	38	1.000000	0.835000	0.885000	700910596	32411	5483684	98957935	227013948	222254218	8883347
1495863824241610770	parsec.dedup	1400	38	1.000000	0.829000	0.878000	700963972	29946	6225871	95794551	229113896	228784384	10122239
1495863824751203988	parsec.dedup	1400	38	1.000000	0.837000	0.887000	700841554	33687	5659728	96664769	230684535	223353607	8788624
1495863825260541831	parsec.dedup	1400	38	1.000000	0.835000	0.885000	700869650	31228	5572919	101087357	229854127	220640966	8911246
1495863825770086132	parsec.dedup	1400	38	1.000000	0.831000	0.879000	700834214	32100	5736810	100127043	233648751	224073508	8826534
1495863826279506517	parsec.dedup	1400	38	1.000000	0.834000	0.884000	700878048	32276	5709026	104988016	232819390	228546481	8314330
1495863826788961985	parsec.dedup	1400	38	1.000000	0.845000	0.895000	700845708	31822	5825402	103113512	233807390	227297832	8789536
1495863827298440870	parsec.dedup	1400	38	1.000000	0.847000	0.897000	700855814	31484	5703152	100696382	227575083	223109993	8717243
1495863827807979004	parsec.dedup	1400	38	1.000000	0.843000	0.893000	700850468	32254	5826830	102110232	235064580	226578103	8563669
1495863828317647680	parsec.dedup	1400	38	1.000000	0.843000	0.891000	700848312	31391	5801033	103502776	232386311	227568673	8611621
1495863828827136065	parsec.dedup	1400	38	1.000000	0.844000	0.892000	700839568	31116	5805693	106713482	236383055	229510032	8613914
1495863829336527783	parsec.dedup	1400	38	1.000000	0.846000	0.896000	700853960	31795	5594446	102885466	233614857	223412583	9070038
1495863829845921793	parsec.dedup	1400	38	1.000000	0.840000	0.890000	700838522	30395	5802732	100886661	231641178	224735652	9208795
1495863830355244928	parsec.dedup	1400	38	1.000000	0.845000	0.895000	700932003	30999	5747567	103135562	235648373	227733063	8789727
1495863830864675146	parsec.dedup	1400	38	1.000000	0.841000	0.889000	700846395	32372	5556320	103040459	229768185	224686203	8585706
1495863831374098531	parsec.dedup	1400	38	1.000000	0.834000	0.884000	700852606	32186	5568007	100676874	229622718	221975300	8878360
1495863831883561541	parsec.dedup	1400	38	1.000000	0.840000	0.888000	700853982	32924	5604694	101648183	235420741	227232564	8532819
1495863832392987550	parsec.dedup	1400	38	1.000000	0.846000	0.895000	700865000	31687	5693400	102922292	231665183	226311355	8483955
1495863832902569602	parsec.dedup	1400	38	1.000000	0.826000	0.873000	700907080	31836	5599367	95186698	222107647	219235543	9488983
1495863833412121361	parsec.dedup	1400	38	1.000000	0.835000	0.885000	700849084	29923	6247310	102584339	237527144	231256273	9259998
1495863833921608204	parsec.dedup	1400	38	1.000000	0.848000	0.897000	701043336	31032	5937152	97590600	229780607	226296560	9268358
1495863834431194880	parsec.dedup	1400	38	1.000000	0.842000	0.890000	700897292	32106	5619449	99902514	232807017	222443702	8931954
1495863834940606974	parsec.dedup	1400	38	1.000000	0.844000	0.892000	700910402	33216	5716612	97908261	231865055	222859758	8850431
1495863835450090317	parsec.dedup	1400	38	1.000000	0.846000	0.896000	700847946	32552	5625061	100773572	230983850	222469644	8780464
1495863835959634201	parsec.dedup	1400	38	1.000000	0.844000	0.892000	700887828	33024	5625126	101375543	228428400	225619377	8597347
1495863836470818709	parsec.dedup	1400	38	1.000000	0.846000	0.895000	700832805	33031	5763171	100341352	231348256	226070600	8444101
1495863836980950259	parsec.dedup	1400	38	1.000000	0.832000	0.880000	701017504	32346	5877264	101764936	233933422	227852249	8617768
1495863837490624060	parsec.dedup	1400	38	1.000000	0.842000	0.890000	701245718	31684	5586887	97859843	225689197	222920981	8827381
1495863838000682569	parsec.dedup	1400	38	1.000000	0.842000	0.890000	701072706	32388	5792032	99922027	233165471	224936993	9045378
1495863838510338162	parsec.dedup	1400	38	1.000000	0.845000	0.894000	701055844	27086	5545263	92395219	224901714	221712629	9193446
1495863839019780797	parsec.dedup	1400	38	1.000000	0.842000	0.892000	701045253	31993	5623595	99600296	232341079	222216702	8854199
1495863839529185223	parsec.dedup	1400	38	1.000000	0.838000	0.886000	700984119	30953	5700403	98544612	227196500	221641597	9263792
1495863840038560775	parsec.dedup	1400	38	1.000000	0.823000	0.872000	700992204	31522	5605168	95166163	222706960	220561779	9399685
1495863840547962326	parsec.dedup	1400	38	1.000000	0.825000	0.872000	701004450	32514	5584242	102767536	229844030	224812960	8560205
1495863841057380628	parsec.dedup	1400	38	1.000000	0.842000	0.890000	700981890	31565	5708816	101148295	232922563	224891296	9026785
1495863841566701763	parsec.dedup	1400	38	1.000000	0.836000	0.884000	701010624	32465	5519580	103067189	227935561	223584028	8555642
1495863842076433980	parsec.dedup	1400	38	1.000000	0.835000	0.883000	701117292	31833	5680474	101582370	229454390	225279130	8965157
1495863842585945865	parsec.dedup	1400	38	1.000000	0.842000	0.890000	701017037	31903	5645879	104876878	231767716	226546490	8559370
1495863843095319208	parsec.dedup	1400	38	1.000000	0.848000	0.897000	701057135	32338	5673835	102474320	230859553	226486596	8691181
1495863843604726176	parsec.dedup	1400	38	1.000000	0.842000	0.892000	700868666	32202	5823692	96237224	229625126	223959056	9262620
1495863844114164894	parsec.dedup	1400	38	1.000000	0.839000	0.887000	700920778	31375	5796525	104883734	234547033	227838870	8638148
1495863844623456904	parsec.dedup	1400	38	1.000000	0.839000	0.887000	700880864	32216	5647095	99654515	230870328	223346209	8998965
1495863845132846331	parsec.dedup	1400	38	1.000000	0.836000	0.886000	700923576	32596	5544795	100024893	233613642	222956026	8986195
1495863845642223466	parsec.dedup	1400	38	1.000000	0.847000	0.896000	700906240	32111	5611433	102337845	228995480	224296433	8602626
1495863846151613059	parsec.dedup	1400	38	1.000000	0.840000	0.890000	700882189	30912	5645398	106781636	233326111	226900937	8454368
1495863846661245235	parsec.dedup	1400	38	1.000000	0.844000	0.894000	700896241	31896	5736855	103241442	232614493	227313995	8591722
1495863847170984953	parsec.dedup	1400	38	1.000000	0.837000	0.887000	700911968	30530	5718630	100548775	229846907	224515010	9201509
1495863847680456962	parsec.dedup	1400	38	1.000000	0.834000	0.884000	700932166	32259	5794403	102150228	232422972	227594846	8517236
1495863848189842222	parsec.dedup	1400	38	1.000000	0.846000	0.895000	700995904	32420	5525329	99363684	229090601	220188780	9274193
1495863848699347607	parsec.dedup	1400	38	1.000000	0.832000	0.880000	700945732	32119	5739884	101093972	232305686	225986646	8994723
1495863849209310699	parsec.dedup	1400	38	1.000000	0.838000	0.886000	700885600	32064	5487544	99377490	223287321	220533270	8913380
1495863849718697251	parsec.dedup	1400	38	1.000000	0.827000	0.874000	700838838	32696	5618919	103775267	230608931	224913520	8260702
1495863850228176552	parsec.dedup	1400	38	1.000000	0.841000	0.889000	700834026	31218	5399015	97657499	226565063	220761875	8457568
1495863850737617729	parsec.dedup	1400	38	1.000000	0.838000	0.888000	700852112	21425	4126889	85385504	197444351	189084913	8231603
1495863851246815614	parsec.facesim	1400	38	1.000000	0.703000	0.745000	479163347	42948	2829993	45846715	113184045	129736793	8177788
1495863851756734414	parsec.facesim	1400	38	1.000000	0.777000	0.822000	700964472	68329	4375358	64009997	161714584	191829504	12468072
1495863852266919006	parsec.facesim	1400	38	1.000000	0.776000	0.821000	701080949	67643	4357920	66516622	165045356	193760434	12332952
1495863852776686391	parsec.facesim	1400	37	1.000000	0.777000	0.822000	700947571	65896	4291107	69447925	168804669	194660642	12115146
1495863853286091734	parsec.facesim	1400	38	1.000000	0.781000	0.826000	700851191	20133	1402859	113668085	278815894	192911827	6838005
1495863853795910535	parsec.facesim	1400	38	1.000000	0.834000	0.882000	700854120	22549	1013613	82512455	235586256	187139813	8204224
1495863854305185836	parsec.facesim	1400	38	1.000000	0.795000	0.841000	700841744	23803	6068692	88782937	153835295	179736990	7700389
1495863854814853679	parsec.facesim	1400	38	1.000000	0.818000	0.865000	700857452	7691	5685181	85175687	119524654	158687339	5282436
1495863855324117523	parsec.facesim	1400	38	1.000000	0.737000	0.779000	700967096	504	5892196	94625591	160376594	190311601	4894124
1495863855833321949	parsec.facesim	1400	38	1.000000	0.791000	0.836000	700854632	3431	9200466	104379277	123783936	203294233	3957282
1495863856342509459	parsec.facesim	1400	38	1.000000	0.778000	0.823000	700980728	6047	3441716	67222446	132491326	128865185	5481684
1495863856851707011	parsec.facesim	1400	38	1.000000	0.772000	0.816000	700866838	14453	2084598	72667649	153018686	131593132	5700714
1495863857360925688	parsec.facesim	1400	38	1.000000	0.737000	0.779000	700854962	11505	2325400	66975176	138044140	121699067	4350602
1495863857870087823	parsec.facesim	1400	38	1.000000	0.738000	0.780000	700838324	7150	2285407	63580451	131739594	112640756	3347367
1495863858379293875	parsec.facesim	1400	38	1.000000	0.738000	0.780000	700851508	16065	2124315	70733454	144002751	127493963	5306691
1495863858888391885	parsec.facesim	1400	38	1.000000	0.743000	0.786000	700882344	340	12543635	136474395	150714291	272899291	3640709
1495863859397656187	parsec.facesim	1400	38	1.000000	0.818000	0.865000	700839748	224	6910493	90450254	690730902	326863285	64483349
1495863859906894613	parsec.facesim	1400	38	1.000000	1.274000	1.351000	700855932	236	7833420	98478815	647585145	330915066	59954695
1495863860416751039	parsec.facesim	1400	38	1.000000	0.821000	0.868000	700924190	23308	11895512	128702717	184399542	284676194	5657809
1495863860926186007	parsec.facesim	1400	38	1.000000	0.848000	0.897000	700908278	27763	1085645	40170913	310435348	189700215	11509943
1495863861435310684	parsec.facesim	1400	38	1.000000	0.918000	0.973000	700851852	226	738359	34190760	352070187	197228697	11017836
1495863861944622236	parsec.facesim	1400	38	1.000000	0.914000	0.967000	700832304	226	747850	33724517	346614166	195118047	11040812
1495863862453823913	parsec.facesim	1400	38	1.000000	0.911000	0.965000	700950216	224	725011	32932717	337149229	190954843	11373009
1495863862963097339	parsec.facesim	1400	38	1.000000	0.906000	0.960000	700854500	322	613892	36137324	344465818	188493705	10477656
1495863863472291808	parsec.facesim	1400	38	1.000000	0.924000	0.979000	700851272	224	650702	35713647	318697551	185736937	13564552
1495863863981547943	parsec.facesim	1400	38	1.000000	0.898000	0.951000	700873732	248	655361	35286444	314608569	183935778	13491357
1495863864490719286	parsec.facesim	1400	38	1.000000	0.894000	0.945000	700941404	226	637464	34918403	310985696	181998883	13569438
1495863865000022921	parsec.facesim	1400	38	1.000000	0.891000	0.944000	700851380	226	626991	34147649	303912932	178922282	13846086
1495863865509161265	parsec.facesim	1400	38	1.000000	0.887000	0.940000	700845712	224	640707	34310553	305611864	180002760	13702857
1495863866018425733	parsec.facesim	1400	38	1.000000	0.857000	0.908000	700869844	224	21264	6036524	155082918	79958229	14166110
1495863866527790868	parsec.facesim	1400	38	1.000000	0.758000	0.801000	700831340	228	23659	6047149	155189090	80037323	14149835
1495863867037171086	parsec.facesim	1400	38	1.000000	0.754000	0.797000	700990292	224	21746	6067429	155879045	80364190	14231794
1495863867546469846	parsec.facesim	1400	38	1.000000	0.757000	0.800000	701084710	228	22610	6139056	157744994	81368285	14477296
1495863868055701356	parsec.facesim	1400	38	1.000000	0.753000	0.796000	700961342	224	22120	6031102	154037467	79458912	14101453
1495863868564988283	parsec.facesim	1400	38	1.000000	0.749000	0.792000	700960588	226	22910	5987415	153321234	78997414	13949308
1495863869074359251	parsec.facesim	1400	38	1.000000	0.752000	0.795000	700969868	224	21892	6030568	154872180	79723857	14176228
1495863869583543094	parsec.facesim	1400	38	1.000000	0.758000	0.801000	700955788	226	22439	5964296	153070825	78907841	13885172
1495863870092856438	parsec.facesim	1400	38	1.000000	0.749000	0.792000	700964460	224	22101	5972032	153167425	78954277	13899912
1495863870602126156	parsec.facesim	1400	38	1.000000	0.752000	0.795000	700953936	228	23644	6039419	155005758	79926857	14131673
1495863871111427958	parsec.facesim	1400	38	1.000000	0.750000	0.793000	700964390	224	22207	5974609	153220074	78987463	13902444
1495863871620689343	parsec.facesim	1400	38	1.000000	0.749000	0.792000	701066542	228	23404	6011538	154056861	79450182	14004314
1495863872130178436	parsec.facesim	1400	38	1.000000	0.750000	0.793000	700879576	224	22458	5985300	153383409	79091883	13929092
1495863872639377154	parsec.facesim	1400	38	1.000000	0.746000	0.789000	700857936	226	23564	5955169	152395741	78597653	13812470
1495863873148734164	parsec.facesim	1400	38	1.000000	0.755000	0.798000	700858960	220	21928	6025156	154635667	79741003	14068387
1495863873658011841	parsec.facesim	1400	38	1.000000	0.749000	0.792000	700850744	226	22935	5996856	153700620	79253195	13964529
1495863874167309350	parsec.facesim	1400	38	1.000000	0.753000	0.796000	700863360	224	22036	5975317	153180387	78973714	13922034
1495863874676821568	parsec.facesim	1400	38	1.000000	0.748000	0.791000	700867804	228	23198	5953773	152483828	78620545	13862923
1495863875186152120	parsec.facesim	1400	38	1.000000	0.751000	0.794000	700864708	225	21986	6024705	153940086	79383552	14112021
1495863875695402255	parsec.facesim	1400	38	1.000000	0.750000	0.793000	700921416	227	22331	6068725	155971031	80237588	14341446
1495863876204627973	parsec.facesim	1400	38	1.000000	0.752000	0.795000	700865812	224	22138	5943477	152412230	78571706	13807221
1495863876713868609	parsec.facesim	1400	38	1.000000	0.749000	0.792000	700868268	226	22378	5975929	153348765	79057101	13927915
1495863877223254368	parsec.facesim	1400	38	1.000000	0.744000	0.787000	701000378	224	22045	6050905	155390601	80116003	14173071
1495863877732644670	parsec.facesim	1400	38	1.000000	0.754000	0.797000	700965266	226	22655	6066945	155870069	80377041	14230333
1495863878241872430	parsec.facesim	1400	38	1.000000	0.761000	0.805000	700959012	239	361702	22899507	248500508	136011392	14044437
1495863878751189398	parsec.facesim	1400	38	1.000000	0.854000	0.905000	700964092	228	610760	35765859	315346762	178715027	13835345
1495863879260337908	parsec.facesim	1400	38	1.000000	0.899000	0.952000	701047456	226	625618	35130675	309727427	176584272	13862120
1495863879769550918	parsec.facesim	1400	38	1.000000	0.895000	0.948000	700955764	226	641298	34523270	303931508	174342451	14030154
1495863880278758720	parsec.facesim	1400	38	1.000000	0.891000	0.944000	700954968	224	614604	34286566	302173739	173478316	14157335
1495863880788020438	parsec.facesim	1400	38	1.000000	0.891000	0.944000	700952460	251	426726	39409677	297394630	167673267	12350363
1495863881297287907	parsec.facesim	1400	38	1.000000	0.882000	0.934000	701037545	1634	862503	113390141	308101043	198550097	10304041
1495863881807046833	parsec.facesim	1400	38	1.000000	0.883000	0.935000	697344781	3743	1032008	68055056	136941645	114123744	10608785
1495863882317250758	parsec.freqmine	1400	38	1.000000	0.501000	0.533000	482934643	45219	2976101	46406542	115303022	132807116	8404325
1495863882827430434	parsec.freqmine	1400	38	1.000000	0.777000	0.822000	701015725	68248	4379584	64243938	162107485	192232021	12420470
1495863883337325568	parsec.freqmine	1400	38	1.000000	0.775000	0.819000	700868288	67583	4355079	66693233	165422107	193935399	12280654
1495863883847509285	parsec.freqmine	1400	38	1.000000	0.777000	0.822000	700989023	65989	4279777	68768403	167863971	194078429	12046398
1495863884356651045	parsec.freqmine	1400	38	1.000000	0.780000	0.825000	700868443	7893	769745	36614749	75099552	53408103	1852085
1495863884865706930	parsec.freqmine	1400	37	1.000000	0.653000	0.690000	700848470	1716	482024	34988662	68159650	41742063	856073
1495863885374873315	parsec.freqmine	1400	37	1.000000	0.653000	0.690000	700849652	1817	524251	34996933	68316607	42559026	906547
1495863885884074034	parsec.freqmine	1400	37	1.000000	0.654000	0.691000	700850550	1703	497443	34913301	67993970	41906825	900231
1495863886393226752	parsec.freqmine	1400	37	1.000000	0.654000	0.691000	700865304	1704	491391	34911929	67974210	41801363	906027
1495863886902496429	parsec.freqmine	1400	37	1.000000	0.654000	0.691000	700939885	1707	509004	34919643	67994624	42116113	906806
1495863887411777189	parsec.freqmine	1400	37	1.000000	0.654000	0.691000	700853423	1709	500984	34916524	67988099	41984774	901942
1495863887920996907	parsec.freqmine	1400	37	1.000000	0.654000	0.691000	700855155	1709	488149	34915207	68001800	41780249	903378
1495863888430215667	parsec.freqmine	1400	37	1.000000	0.654000	0.691000	700856517	1713	509452	34934924	68031238	42142079	905272
1495863888939391844	parsec.freqmine	1400	37	1.000000	0.654000	0.691000	700861237	1710	544061	34966027	68089094	42746756	904160
1495863889448639771	parsec.freqmine	1400	37	1.000000	0.654000	0.691000	700853163	1717	521236	34962523	68093787	42369404	903314
1495863889957797698	parsec.freqmine	1400	37	1.000000	0.654000	0.691000	700851984	1701	509628	34928594	68014345	42138335	902700
1495863890466994958	parsec.freqmine	1400	37	1.000000	0.654000	0.691000	700850016	1712	489457	34932000	68023646	41814866	901756
1495863890976258343	parsec.freqmine	1400	37	1.000000	0.653000	0.690000	701050765	1706	483787	34920383	68012895	41708685	907392
1495863891485423811	parsec.freqmine	1400	37	1.000000	0.654000	0.691000	700860173	1716	541438	34964809	68091816	42660114	904168
1495863891994546071	parsec.freqmine	1400	37	1.000000	0.653000	0.690000	700851190	1714	518883	34967714	68091243	42314441	906063
1495863892503677165	parsec.freqmine	1400	37	1.000000	0.654000	0.691000	700847256	1712	501884	34952118	68058815	42027643	904382
1495863893012914467	parsec.freqmine	1400	37	1.000000	0.748000	0.791000	700855000	3355	2433825	38223177	140151286	164558108	5411102
1495863893522098977	parsec.freqmine	1400	37	1.000000	0.914000	0.968000	700839284	2434	2930391	35860569	167397254	211278971	7145770
1495863894031772403	parsec.freqmine	1400	37	1.000000	0.915000	0.969000	700852232	9116	3198566	49614192	150573825	171125184	18227542
1495863894541581537	parsec.freqmine	1400	37	1.000000	0.728000	0.770000	700853044	22172	1855077	104071393	169528586	85268924	26262491
1495863895050960172	parsec.freqmine	1400	37	1.000000	0.772000	0.818000	700841166	254	7260711	117915641	375922629	260362267	4704227
1495863895560079849	parsec.freqmine	1400	38	1.000000	0.882000	0.934000	700833692	242	8047917	118559703	420953979	302215548	2994538
1495863896069347776	parsec.freqmine	1400	38	1.000000	0.950000	1.007000	700949624	224	7715777	119777321	434254527	305798507	3192873
1495863896578369703	parsec.freqmine	1400	38	1.000000	0.959000	1.016000	700826314	224	7704162	119199784	436169156	305061710	2954545
1495863897087500046	parsec.freqmine	1400	38	1.000000	0.958000	1.015000	700845986	236	8501899	116459712	406489080	298618304	3388066
1495863897596671848	parsec.freqmine	1400	38	1.000000	0.931000	0.986000	700846556	234	8175044	117899846	421492331	303274271	2692357
1495863898105954733	parsec.freqmine	1400	38	1.000000	0.938000	0.994000	700850645	224	7410517	120604149	441237516	304248401	2406013
1495863898615192785	parsec.freqmine	1400	38	1.000000	0.959000	1.016000	700843155	226	7834107	119254862	435915525	306832824	2371223
1495863899124546169	parsec.freqmine	1400	38	1.000000	0.954000	1.011000	700852062	224	7850695	118336080	430457849	302424079	2836581
1495863899633675305	parsec.freqmine	1400	38	1.000000	0.956000	1.013000	700844600	228	7654052	118816263	430136024	301064774	3204697
1495863900142813315	parsec.freqmine	1400	38	1.000000	0.956000	1.013000	700955009	224	7505687	119557373	438950386	303620431	2748549
1495863900651924075	parsec.freqmine	1400	38	1.000000	0.959000	1.016000	700842886	224	7589649	119610497	438693545	304645558	2531636
1495863901161142002	parsec.freqmine	1400	38	1.000000	0.959000	1.016000	700849076	224	8036869	118741145	434095959	307472716	2428958
1495863901670231512	parsec.freqmine	1400	38	1.000000	0.956000	1.013000	700846392	230	8317925	118276398	423620835	306144398	2643146
1495863902179478397	parsec.freqmine	1400	38	1.000000	0.955000	1.012000	700840113	224	7680027	120350393	435482075	306003480	2475529
1495863902688619782	parsec.freqmine	1400	38	1.000000	0.957000	1.014000	700948339	226	7629243	119763750	434421228	304512540	3213160
1495863903197818626	parsec.freqmine	1400	38	1.000000	0.959000	1.016000	700847309	224	7967364	118713156	430355941	306444151	3348697
1495863903706979177	parsec.freqmine	1400	38	1.000000	0.957000	1.014000	700850657	224	7873173	119065118	433258378	306345306	2999416
1495863904216232396	parsec.freqmine	1400	38	1.000000	0.957000	1.014000	700846460	224	8588392	117547590	424547813	311168956	2537511
1495863904725416073	parsec.freqmine	1400	38	1.000000	0.952000	1.009000	700839037	228	7780169	118231665	431193452	301363314	2657408
1495863905234547249	parsec.freqmine	1400	38	1.000000	0.957000	1.014000	700850945	224	7744682	117920041	438452063	304384311	2592740
1495863905743948051	parsec.freqmine	1400	38	1.000000	0.957000	1.014000	700850820	224	8269642	116858745	429123901	307327639	3032082
1495863906253157394	parsec.freqmine	1400	38	1.000000	0.956000	1.013000	700848917	224	7829888	117613327	430440549	301246221	2653171
1495863906762395404	parsec.freqmine	1400	38	1.000000	0.945000	1.001000	700862252	230	7774093	117972009	433963834	303952069	2912980
1495863907271759748	parsec.freqmine	1400	38	1.000000	0.953000	1.010000	700933329	222	7761504	118101207	438692746	304906900	2417697
1495863907781092591	parsec.freqmine	1400	38	1.000000	0.956000	1.013000	700972748	222	8210059	116764471	433332451	307840704	2339990
1495863908290258226	parsec.freqmine	1400	38	1.000000	0.954000	1.011000	700954273	230	8142941	116515695	417831597	298627565	3116639
1495863908799455153	parsec.freqmine	1400	38	1.000000	0.944000	1.000000	700945342	224	7874435	117194508	434052799	304169913	3127475
1495863909308539830	parsec.freqmine	1400	38	1.000000	0.957000	1.014000	700955218	226	8087018	116604429	429005443	303716005	2679373
1495863909817734840	parsec.freqmine	1400	38	1.000000	0.949000	1.005000	701027826	224	8255938	116053304	427371849	304978403	2810835
1495863910326923975	parsec.freqmine	1400	38	1.000000	0.954000	1.011000	700852168	226	8099424	116009262	415331843	295401998	3101804
1495863910836167818	parsec.freqmine	1400	38	1.000000	0.930000	0.985000	701050674	240	7179071	116618591	398623795	271188433	4027027
1495863911345343370	parsec.freqmine	1400	38	1.000000	0.847000	0.897000	700851300	283	4154324	111775469	266926343	159530338	8914643
1495863911854593672	parsec.freqmine	1400	38	1.000000	0.847000	0.897000	700849512	348	5858063	108794087	291529298	203899605	7033221
1495863912363937348	parsec.freqmine	1400	38	1.000000	0.898000	0.951000	700855108	1668	7759436	102412266	294775186	238845732	7012335
1495863912873294400	parsec.freqmine	1400	38	1.000000	0.838000	0.888000	700850782	1307	9432811	97304547	227637176	246501238	8678981
1495863913382534368	parsec.freqmine	1400	38	1.000000	0.843000	0.893000	700843872	1310	9230763	101446312	239657610	253268412	9809441
1495863913891767712	parsec.freqmine	1400	38	1.000000	0.858000	0.909000	700847318	1280	9664897	101276820	238627134	263169310	10142722
1495863914400991055	parsec.freqmine	1400	38	1.000000	0.856000	0.905000	550326973	3866	7582104	74154501	178988796	206272438	7762481
1495863914910666689	parsec.streamcluster	1400	38	1.000000	0.841000	0.891000	630112526	59705	3908917	59733742	149098602	173161498	11178745
1495863915420563615	parsec.streamcluster	1400	38	1.000000	0.776000	0.821000	700855250	68163	4376541	64552485	162455195	192354341	12535329
1495863915930696957	parsec.streamcluster	1400	38	1.000000	0.774000	0.818000	700960269	67197	4344628	67252572	166069417	194095138	12382355
1495863916440405050	parsec.streamcluster	1400	38	1.000000	0.779000	0.824000	700965357	60838	3763950	74577157	199691982	196059481	11319541
1495863916949764852	parsec.streamcluster	1400	38	1.000000	0.891000	0.944000	700856904	1191	974283	29553518	249642594	162808362	27396041
1495863917459128320	parsec.streamcluster	1400	38	1.000000	0.958000	1.015000	700878788	224	1060087	28315655	249141947	165674621	28895982
1495863917968405913	parsec.streamcluster	1400	38	1.000000	0.958000	1.015000	700856956	226	1074619	28330209	248965381	165899437	28866189
1495863918477771673	parsec.streamcluster	1400	39	1.000000	0.959000	1.016000	700870180	226	1057137	28295058	248899660	165467255	28864033
1495863918987129558	parsec.streamcluster	1400	39	1.000000	0.959000	1.016000	700866398	228	1061349	28224879	248095212	165095104	28775942
1495863919496436359	parsec.streamcluster	1400	39	1.000000	0.959000	1.016000	700975730	224	1066695	28328831	249090046	165807058	28882349
1495863920005690911	parsec.streamcluster	1400	39	1.000000	0.959000	1.016000	700862998	226	1067065	28285575	248643402	165535440	28833060
1495863920515128046	parsec.streamcluster	1400	39	1.000000	0.959000	1.016000	700872724	224	1066218	28347738	249332904	165922036	28922479
1495863921024568264	parsec.streamcluster	1400	39	1.000000	0.961000	1.018000	700850246	226	1052452	28262943	248707221	165234931	28854325
1495863921533891191	parsec.streamcluster	1400	39	1.000000	0.961000	1.018000	700859760	224	1069215	28385434	249677044	166182069	28950603
1495863922043175117	parsec.streamcluster	1400	39	1.000000	0.961000	1.018000	700864472	226	1073149	28372419	249475323	166150492	28932816
1495863922552527585	parsec.streamcluster	1400	39	1.000000	0.959000	1.016000	700889712	228	999889	28172698	248580874	163879806	28918326
1495863923061924679	parsec.streamcluster	1400	39	1.000000	0.958000	1.015000	700849010	224	986933	28018807	248058725	163182971	28869738
1495863923571333313	parsec.streamcluster	1400	39	1.000000	0.959000	1.016000	700857518	224	959265	27952405	247726200	162389380	28856324
1495863924080631073	parsec.streamcluster	1400	39	1.000000	0.957000	1.014000	700855564	226	939079	27900190	247169614	161616600	28800510
1495863924590030541	parsec.streamcluster	1400	39	1.000000	0.957000	1.014000	700844154	226	908675	27750040	246961592	160770389	28827921
1495863925099335051	parsec.streamcluster	1400	39	1.000000	0.957000	1.014000	700900220	224	909582	27897306	247855982	161321702	28922910
1495863925608650228	parsec.streamcluster	1400	39	1.000000	0.956000	1.013000	701010942	230	903312	27887160	246874883	160589408	28835763
1495863926117986446	parsec.streamcluster	1400	39	1.000000	0.956000	1.013000	700864150	226	887906	27766474	246933201	160265269	28884656
1495863926627373789	parsec.streamcluster	1400	40	1.000000	0.955000	1.012000	700862448	228	883294	27800774	247420103	160410320	28963037
1495863927136758674	parsec.streamcluster	1400	40	1.000000	0.959000	1.016000	700863076	224	878775	27755310	246972074	160076748	28904158
1495863927646228976	parsec.streamcluster	1400	40	1.000000	0.958000	1.015000	700866970	226	878879	27783461	246404375	159735675	28912661
1495863928155523069	parsec.streamcluster	1400	40	1.000000	0.958000	1.015000	700861918	224	863749	27613682	245628266	158921353	28870506
1495863928664869995	parsec.streamcluster	1400	40	1.000000	0.956000	1.013000	700969264	226	859680	27555299	245564238	158792456	28869114
1495863929174157505	parsec.streamcluster	1400	40	1.000000	0.954000	1.011000	700872292	224	860752	27628236	246012969	159071859	28917962
1495863929683538682	parsec.streamcluster	1400	40	1.000000	0.955000	1.012000	700862924	226	859798	27642893	246166096	159135847	28936951
1495863930192983692	parsec.streamcluster	1400	40	1.000000	0.955000	1.012000	700861458	226	860468	27554030	245962054	159022889	28919229
1495863930702367660	parsec.streamcluster	1400	40	1.000000	0.955000	1.012000	700861896	228	862229	27650004	246248541	159219954	28948722
1495863931211812003	parsec.streamcluster	1400	40	1.000000	0.955000	1.012000	700848694	224	863665	27781160	246007228	159111703	28961717
1495863931721297929	parsec.streamcluster	1400	40	1.000000	0.956000	1.013000	700860622	226	850055	27567602	245099105	158273086	28925180
1495863932230587064	parsec.streamcluster	1400	40	1.000000	0.954000	1.011000	700866430	224	849219	27540925	245498717	158483984	28971905
1495863932739987574	parsec.streamcluster	1400	39	1.000000	0.955000	1.012000	700863810	226	850436	27490529	245524280	158524890	28978388
1495863933249289209	parsec.streamcluster	1400	40	1.000000	0.955000	1.012000	700862910	224	850940	27608285	246099094	158883461	29038215
1495863933758568886	parsec.streamcluster	1400	40	1.000000	0.956000	1.013000	700857532	226	850634	27511315	245348751	158431198	28958422
1495863934267935104	parsec.streamcluster	1400	40	1.000000	0.955000	1.012000	700942336	226	850487	27574338	246040717	158845890	29036076
1495863934777289155	parsec.streamcluster	1400	40	1.000000	0.956000	1.013000	477999887	6185	915192	24431615	161492374	112653921	17312108
1495863935287264415	splash2x.barnes	1400	39	1.000000	0.955000	1.012000	700878936	67605	4390796	64468061	162702958	192099717	12396556
1495863935797050632	splash2x.barnes	1400	39	1.000000	0.778000	0.823000	700883608	67919	4357576	64889257	162973085	192552026	12367493
1495863936307093683	splash2x.barnes	1400	39	1.000000	0.777000	0.822000	700848222	67207	4330282	67849462	166959690	194635087	12224114
1495863936816731942	splash2x.barnes	1400	38	1.000000	0.781000	0.826000	700953665	52644	3575703	65791855	169761629	190152958	11196898
1495863937326145702	splash2x.barnes	1400	38	1.000000	0.779000	0.825000	700874208	15466	2602955	54026936	135359028	133753347	13745864
1495863937835357920	splash2x.barnes	1400	39	1.000000	0.801000	0.849000	700861188	1406	1843183	38540226	184780393	139992569	12852706
1495863938344556139	splash2x.barnes	1400	39	1.000000	0.912000	0.966000	701158372	226	1561406	41393499	241201972	169350676	11305409
1495863938853756399	splash2x.barnes	1400	38	1.000000	0.926000	0.981000	700848005	228	1496229	41386997	241526547	168904311	12060540
1495863939362951034	splash2x.barnes	1400	39	1.000000	0.926000	0.981000	700851356	224	1468037	41438145	241782956	168617562	12182029
1495863939872099586	splash2x.barnes	1400	38	1.000000	0.925000	0.980000	700851939	226	1494490	41408579	241621729	168934222	11984174
1495863940381310138	splash2x.barnes	1400	38	1.000000	0.926000	0.981000	700847337	224	1460259	41442713	241842268	168573717	12176381
1495863940890559856	splash2x.barnes	1400	39	1.000000	0.925000	0.980000	700854519	226	1455497	41427103	241761152	168159166	11910959
1495863941399733199	splash2x.barnes	1400	38	1.000000	0.925000	0.980000	700848124	224	1483887	41399455	241378078	168400324	11847953
1495863941908856876	splash2x.barnes	1400	38	1.000000	0.921000	0.976000	700871484	228	1600594	41444144	241080847	169859320	10591493
1495863942418334303	splash2x.barnes	1400	38	1.000000	0.921000	0.976000	701023772	228	1649395	41403802	241006456	170257376	10029207
1495863942927614229	splash2x.barnes	1400	39	1.000000	0.918000	0.973000	700969930	226	1549981	41457765	241428497	169607153	10587469
1495863943436822156	splash2x.barnes	1400	38	1.000000	0.920000	0.975000	700949574	226	1505758	41568491	242397979	169824266	11547120
1495863943946109541	splash2x.barnes	1400	38	1.000000	0.925000	0.980000	700957178	224	1486814	41578644	242750175	169806666	11612318
1495863944455332634	splash2x.barnes	1400	38	1.000000	0.925000	0.980000	700949274	226	1499442	41598953	242603790	170017044	11535501
1495863944964554728	splash2x.barnes	1400	38	1.000000	0.926000	0.981000	700948522	224	1479188	41520224	242198349	169286127	11669585
1495863945473618363	splash2x.barnes	1400	38	1.000000	0.925000	0.980000	700948242	226	1475298	41555446	242436465	169577742	11568194
1495863945982814707	splash2x.barnes	1400	38	1.000000	0.924000	0.979000	700954130	226	1443203	41513364	242184810	168783229	11696898
1495863946492114091	splash2x.barnes	1400	38	1.000000	0.925000	0.980000	700953834	226	1586216	41475166	241301230	169919045	10624529
1495863947001354435	splash2x.barnes	1400	38	1.000000	0.918000	0.973000	700948839	226	1583736	41409991	241346297	169904292	10451594
1495863947510614612	splash2x.barnes	1400	38	1.000000	0.922000	0.977000	700947274	226	1592644	41395587	241377981	169971765	10322407
1495863948020082371	splash2x.barnes	1400	38	1.000000	0.870000	0.922000	701030071	4830	1415591	56727990	158137321	121059905	8215346
1495863948529338548	splash2x.barnes	1400	38	1.000000	0.863000	0.914000	700868164	226	1630868	38380975	218785376	157412835	11259350
1495863949038441058	splash2x.barnes	1400	38	1.000000	0.922000	0.977000	700865845	224	1495417	41493456	242298898	169632513	11041004
1495863949547770943	splash2x.barnes	1400	38	1.000000	0.923000	0.978000	700853059	226	1497446	41533630	242432316	169843198	11377063
1495863950057085286	splash2x.barnes	1400	38	1.000000	0.924000	0.979000	700939218	226	1482001	41515614	242329115	169277938	11436164
1495863950566304963	splash2x.barnes	1400	38	1.000000	0.922000	0.977000	700845644	226	1473155	41460573	242323565	169403639	11454433
1495863951075509181	splash2x.barnes	1400	38	1.000000	0.925000	0.980000	700831196	226	1462006	41527649	242470237	169439189	11281939
1495863951584764108	splash2x.barnes	1400	38	1.000000	0.923000	0.978000	700852167	226	1448198	41467731	242226960	168688427	11484777
1495863952094043743	splash2x.barnes	1400	38	1.000000	0.923000	0.978000	700854359	224	1523488	41552877	242331626	169713959	10597281
1495863952603219920	splash2x.barnes	1400	38	1.000000	0.918000	0.973000	700852708	226	1589355	41605119	242529635	170637438	9753554
1495863953112468555	splash2x.barnes	1400	38	1.000000	0.918000	0.973000	700846493	224	1632717	41494651	241998895	171068512	9688187
1495863953621671315	splash2x.barnes	1400	38	1.000000	0.918000	0.973000	700839715	226	1528904	41526153	242353662	170197730	10862896
1495863954130962408	splash2x.barnes	1400	38	1.000000	0.925000	0.980000	700839664	226	1504048	41533920	242745276	170501777	11422738
1495863954640095794	splash2x.barnes	1400	38	1.000000	0.926000	0.981000	700826872	222	1477140	41560637	242766953	170329778	11590614
1495863955149392470	splash2x.barnes	1400	38	1.000000	0.925000	0.980000	700828861	226	1464517	41483390	242327614	169532687	11816211
1495863955658598980	splash2x.barnes	1400	38	1.000000	0.925000	0.980000	700851119	224	1480061	41524078	242444946	169850902	11779960
1495863956167771740	splash2x.barnes	1400	38	1.000000	0.925000	0.980000	700850804	226	1447851	41452296	241996403	168830941	12089775
1495863956677073792	splash2x.barnes	1400	38	1.000000	0.925000	0.980000	700851712	224	1610836	41538963	242122850	170910065	10095965
1495863957186362552	splash2x.barnes	1400	38	1.000000	0.925000	0.980000	700959504	226	1587662	41524704	242345735	170582662	9948792
1495863957695710437	splash2x.barnes	1400	38	1.000000	0.919000	0.974000	701040517	226	1615774	41520721	242324237	170969160	9640638
1495863958205119238	splash2x.barnes	1400	38	1.000000	0.917000	0.972000	700861995	4834	1430580	53698489	135504667	107932620	9838982
1495863958714405082	splash2x.barnes	1400	38	1.000000	0.794000	0.840000	700855140	226	1589763	41644205	242860124	170780950	9365644
1495863959223536217	splash2x.barnes	1400	38	1.000000	0.919000	0.974000	700855596	226	1486276	41606127	243032722	169675177	10890835
1495863959732813143	splash2x.barnes	1400	38	1.000000	0.923000	0.978000	700847884	224	1492113	41590701	242895516	169523791	11097773
1495863960242041570	splash2x.barnes	1400	38	1.000000	0.924000	0.979000	700855092	226	1499103	41657486	243197153	169969063	10817020
1495863960751356747	splash2x.barnes	1400	38	1.000000	0.922000	0.977000	700848554	224	1465394	41616977	243218482	169367379	11018919
1495863961260520924	splash2x.barnes	1400	38	1.000000	0.925000	0.980000	700857462	226	1487700	41655180	243058538	169498300	10965561
1495863961769850934	splash2x.barnes	1400	38	1.000000	0.923000	0.978000	700940478	226	1465183	41587708	242825519	169018992	11059655
1495863962279001694	splash2x.barnes	1400	38	1.000000	0.922000	0.977000	700867115	226	1540667	41677553	242909260	170081860	9932002
1495863962788233037	splash2x.barnes	1400	38	1.000000	0.917000	0.972000	700859531	226	1630400	41676764	242877204	171116968	9265325
1495863963297519964	splash2x.barnes	1400	38	1.000000	0.920000	0.975000	700854832	226	1612018	41594508	242353971	170615716	9842535
1495863963806726640	splash2x.barnes	1400	38	1.000000	0.919000	0.974000	700854358	224	1493177	41578216	242748583	169734558	11166822
1495863964316302983	splash2x.barnes	1400	38	1.000000	0.920000	0.975000	700848890	226	1480604	41592573	242747256	169681259	11483118
1495863964825491285	splash2x.barnes	1400	38	1.000000	0.924000	0.979000	700854852	224	1522453	41669593	243140090	170670267	11012798
1495863965334640920	splash2x.barnes	1400	38	1.000000	0.924000	0.979000	700849432	226	1457320	41575825	242644017	169395021	11796494
1495863965843748097	splash2x.barnes	1400	38	1.000000	0.925000	0.980000	701047108	226	1482268	41575666	242579366	169776332	11827622
1495863966352871941	splash2x.barnes	1400	38	1.000000	0.925000	0.980000	700854096	226	1455690	41551384	242389500	169113420	11781176
1495863966862085659	splash2x.barnes	1400	38	1.000000	0.925000	0.980000	700962500	226	1465256	41544976	242234884	168758448	11622859
1495863967371504252	splash2x.barnes	1400	38	1.000000	0.925000	0.980000	700857490	226	1623387	41629143	242666917	171157861	9482891
1495863967880777304	splash2x.barnes	1400	38	1.000000	0.920000	0.975000	700854100	224	1595635	41655388	243149381	170919011	9565748
1495863968390116480	splash2x.barnes	1400	38	1.000000	0.919000	0.974000	700849874	1359	1411909	43375556	205856733	147651037	9712002
1495863968899488782	splash2x.barnes	1400	38	1.000000	0.826000	0.875000	700858832	3715	1592878	52073595	173164362	131529688	9988584
1495863969408670500	splash2x.barnes	1400	38	1.000000	0.918000	0.973000	700853053	226	1551617	41552147	242446196	170286069	10191605
1495863969917965094	splash2x.barnes	1400	38	1.000000	0.924000	0.979000	700947069	226	1505288	41614184	242956170	170135550	11215838
1495863970427234520	splash2x.barnes	1400	38	1.000000	0.924000	0.979000	700852070	226	1467142	41558078	242773060	169544131	11733671
1495863970936536905	splash2x.barnes	1400	38	1.000000	0.923000	0.978000	700855556	226	1493103	41577530	242820866	169777902	11186017
1495863971445956082	splash2x.barnes	1400	38	1.000000	0.925000	0.980000	700854516	226	1458722	41572962	242771322	169330431	11531351
1495863971955118759	splash2x.barnes	1400	38	1.000000	0.925000	0.980000	700838740	224	1481904	41605779	242932483	169596814	11337214
1495863972464344852	splash2x.barnes	1400	38	1.000000	0.925000	0.980000	700848318	222	1457517	41573533	242635701	168991837	11430517
1495863972973553654	splash2x.barnes	1400	38	1.000000	0.923000	0.978000	700856878	224	1594762	41658273	242727451	170834672	9698142
1495863973483175372	splash2x.barnes	1400	38	1.000000	0.918000	0.973000	700854072	226	1600089	41641433	242895647	171145528	9640344
1495863973992264882	splash2x.barnes	1400	38	1.000000	0.917000	0.972000	700959132	226	1586277	41631073	242602940	170619108	9716147
1495863974501430642	splash2x.barnes	1400	38	1.000000	0.920000	0.975000	700858258	226	1479155	41620751	243021724	170030197	11033883
1495863975010568652	splash2x.barnes	1400	38	1.000000	0.924000	0.979000	700852264	226	1476230	41598497	242973700	169783526	11245637
1495863975519665829	splash2x.barnes	1400	38	1.000000	0.925000	0.980000	700847418	226	1499153	41674499	243322027	170657203	11104074
1495863976028827714	splash2x.barnes	1400	38	1.000000	0.925000	0.980000	700851293	224	1462372	41645957	243097353	169745254	11369258
1495863976537971558	splash2x.barnes	1400	38	1.000000	0.924000	0.979000	700951043	226	1491801	41643169	243096616	170267941	11253809
1495863977047131609	splash2x.barnes	1400	38	1.000000	0.923000	0.976000	700850996	224	1450082	41573774	242723815	169069287	11351566
1495863977556373495	splash2x.barnes	1400	38	1.000000	0.925000	0.980000	700850416	226	1531966	41625069	242589619	170042591	10609382
1495863978065464088	splash2x.barnes	1400	38	1.000000	0.918000	0.973000	701146318	226	1566128	41629105	242923262	170666899	9607085
1495863978574568598	splash2x.barnes	1400	38	1.000000	0.921000	0.974000	700959430	226	1578061	41606339	242960971	170767711	9798311
1495863979084144191	splash2x.fmm	1400	38	1.000000	0.917000	0.972000	478615331	3043	942060	27215662	131647663	99202286	6806530
1495863979594198158	splash2x.fmm	1400	38	1.000000	0.509000	0.542000	700754124	66674	4344910	66097116	165306823	192228403	12318512
1495863980103778085	splash2x.fmm	1400	38	1.000000	0.775000	0.819000	701118960	68090	4362734	64822391	162886532	192335277	12419139
1495863980613877302	splash2x.fmm	1400	38	1.000000	0.778000	0.823000	701125434	67456	4323855	67458742	166425820	193858530	12286870
1495863981123220895	splash2x.fmm	1400	38	1.000000	0.781000	0.826000	701001008	54067	3477849	61385458	151648144	169596304	10399344
1495863981632441405	splash2x.fmm	1400	38	1.000000	0.749000	0.792000	701051384	10784	694423	40510719	102925932	89010491	4861383
1495863982141819998	splash2x.fmm	1400	38	1.000000	0.771000	0.815000	700995824	46833	3968042	49411118	133414315	173552784	17636021
1495863982651176967	splash2x.fmm	1400	38	1.000000	0.770000	0.816000	700946646	239	2031524	37234549	129375963	146598101	6421040
1495863983160334102	splash2x.fmm	1400	38	1.000000	0.828000	0.877000	700950610	226	386822	24665269	129170360	150055710	3330106
1495863983669502029	splash2x.fmm	1400	38	1.000000	0.844000	0.894000	700960016	224	368181	26595225	137338872	159540137	3335705
1495863984178636747	splash2x.fmm	1400	38	1.000000	0.856000	0.905000	700931356	226	375349	25332346	132013170	153310176	3343601
1495863984687871840	splash2x.fmm	1400	38	1.000000	0.842000	0.892000	701112124	226	371150	25671568	133399985	154821627	3330821
1495863985197117059	splash2x.fmm	1400	38	1.000000	0.829000	0.877000	700946707	226	360791	26894835	138608586	160877893	3337436
1495863985706352402	splash2x.fmm	1400	38	1.000000	0.854000	0.905000	701014081	224	371199	25595647	133118213	154596016	3342885
1495863986215622704	splash2x.fmm	1400	38	1.000000	0.851000	0.900000	700842716	226	324466	38356363	188716641	222090653	2850401
1495863986724847131	splash2x.fmm	1400	38	1.000000	0.834000	0.884000	700849056	228	314912	45706053	163907472	189830695	4184874
1495863987234040891	splash2x.fmm	1400	38	1.000000	0.934000	0.990000	700859200	239	3168871	41308630	100849060	131629520	11071821
1495863987743249692	splash2x.fmm	1400	38	1.000000	0.737000	0.779000	700851212	225	484239	24870404	135963276	149352357	3932653
1495863988252439536	splash2x.fmm	1400	38	1.000000	0.834000	0.884000	700848268	226	369978	25799933	133963378	155528171	3274636
1495863988761693838	splash2x.fmm	1400	38	1.000000	0.831000	0.880000	701006004	222	366968	27178321	139805775	162454854	3300735
1495863989270742431	splash2x.fmm	1400	38	1.000000	0.856000	0.905000	700854580	226	383103	25829107	134118224	156058093	3313548
1495863989779998524	splash2x.fmm	1400	38	1.000000	0.842000	0.890000	700844460	224	380086	24847064	129940326	150827342	3314938
1495863990289092535	splash2x.fmm	1400	38	1.000000	0.829000	0.878000	700843360	226	365158	26965607	138896343	161424069	3359880
1495863990798291878	splash2x.fmm	1400	38	1.000000	0.842000	0.890000	700862452	226	373301	26565089	137225937	159487807	3299256
1495863991307455013	splash2x.fmm	1400	38	1.000000	0.846000	0.896000	700854088	226	357346	31624824	159400098	186651648	3085432
1495863991816718190	splash2x.fmm	1400	38	1.000000	0.926000	0.981000	700857356	226	322663	41920781	201542622	236552958	2953009
1495863992326038283	splash2x.fmm	1400	38	1.000000	0.901000	0.955000	700871404	236	2481254	47549807	96064199	129939168	9999223
1495863992835187293	splash2x.fmm	1400	38	1.000000	0.773000	0.817000	700960564	229	1081895	29310815	133826090	140908210	5893969
1495863993344389970	splash2x.fmm	1400	38	1.000000	0.831000	0.880000	700851976	226	373230	25280569	131778454	152903069	3279099
1495863993853502605	splash2x.fmm	1400	38	1.000000	0.819000	0.868000	700857124	224	366831	26277190	136011062	157891482	3253814
1495863994362692074	splash2x.fmm	1400	38	1.000000	0.850000	0.899000	700862216	226	371635	26232246	135805447	157774137	3292745
1495863994871911251	splash2x.fmm	1400	38	1.000000	0.845000	0.895000	700855158	226	381333	24589005	128835776	149552247	3361236
1495863995381199552	splash2x.fmm	1400	38	1.000000	0.820000	0.867000	700966390	226	376948	25885458	134359156	156227800	3330380
1495863995890409229	splash2x.fmm	1400	38	1.000000	0.844000	0.894000	700853796	224	367698	26053658	135111994	156737964	3264638
1495863996399551822	splash2x.fmm	1400	38	1.000000	0.841000	0.891000	700925900	228	375362	25721727	133639358	155230145	3332264
1495863996908694166	splash2x.fmm	1400	38	1.000000	0.841000	0.891000	700889152	224	309240	41549069	202580386	238935774	2737177
1495863997417892676	splash2x.fmm	1400	38	1.000000	0.936000	0.992000	700863112	231	299461	40306259	130387888	148106291	6263030
1495863997927150478	splash2x.fmm	1400	38	1.000000	0.760000	0.805000	700874512	235	3268161	43267668	125804481	153582205	9661553
1495863998436321654	splash2x.fmm	1400	38	1.000000	0.829000	0.878000	700856924	226	386412	24678535	129245796	150171291	3345400
1495863998945637123	splash2x.fmm	1400	38	1.000000	0.832000	0.881000	700858428	226	374340	25933539	134590069	156365981	3258029
1495863999454850383	splash2x.fmm	1400	38	1.000000	0.836000	0.886000	700852148	226	374491	26557751	137190635	159409732	3303670
1495863999964002976	splash2x.fmm	1400	38	1.000000	0.836000	0.886000	700845836	224	372284	25450543	132546795	153889595	3310833
1495864000473106612	splash2x.fmm	1400	38	1.000000	0.835000	0.885000	700860192	228	378029	25557527	132935858	154318565	3316072
1495864000982321705	splash2x.fmm	1400	38	1.000000	0.845000	0.894000	700994916	224	376949	26485314	136892969	159158919	3350384
1495864001491658923	splash2x.fmm	1400	38	1.000000	0.841000	0.891000	700850888	226	373357	25837367	134154007	155794299	3290371
1495864002000766058	splash2x.fmm	1400	38	1.000000	0.840000	0.888000	700851748	224	335503	35706826	177129376	208050419	2936658
1495864002509984068	splash2x.fmm	1400	38	1.000000	0.937000	0.993000	700853020	228	329772	44164824	179806302	209740521	3663083
1495864003019102412	splash2x.fmm	1400	38	1.000000	0.806000	0.854000	700855904	239	3052024	45777822	94325170	129695366	10893259
1495864003528178756	splash2x.fmm	1400	38	1.000000	0.751000	0.796000	700849184	227	511073	24952607	140577340	147610901	4434174
1495864004037274224	splash2x.fmm	1400	38	1.000000	0.829000	0.878000	700853412	224	376759	25574642	133013464	154453911	3269248
1495864004546423984	splash2x.fmm	1400	38	1.000000	0.840000	0.890000	700846372	226	368185	26573277	137303351	159347217	3276167
1495864005055609953	splash2x.fmm	1400	38	1.000000	0.860000	0.909000	701108128	226	371234	25707124	133519357	155166425	3306894
1495864005564681130	splash2x.fmm	1400	38	1.000000	0.832000	0.881000	700864926	222	388441	24853283	129958134	151060634	3325302
1495864006073864515	splash2x.fmm	1400	38	1.000000	0.839000	0.889000	700844160	224	374915	25882772	134319302	156107250	3315992
1495864006582982858	splash2x.fmm	1400	38	1.000000	0.848000	0.897000	700838358	226	375509	26135635	135433401	157283134	3285509
1495864007092098827	splash2x.fmm	1400	38	1.000000	0.838000	0.888000	700851636	226	369556	29555734	150359477	175642752	3163172
1495864007601426378	splash2x.fmm	1400	38	1.000000	0.943000	0.999000	700844848	226	302036	41571364	202669949	238909491	2752305
1495864008111132721	splash2x.fmm	1400	38	1.000000	0.934000	0.990000	669065588	3079	511208	40764529	109344734	119730052	7053091
1495864008620940772	splash2x.radiosity	1400	38	1.000000	0.613000	0.650000	511598242	48132	3158768	49055154	121949310	140727766	8963429
1495864009130725531	splash2x.radiosity	1400	38	1.000000	0.777000	0.822000	700842954	68393	4368148	64195579	162078745	192016157	12468488
1495864009640639374	splash2x.radiosity	1400	38	1.000000	0.777000	0.823000	700856970	67558	4343910	66953462	165716364	193838247	12319342
1495864010150933882	splash2x.radiosity	1400	38	1.000000	0.778000	0.823000	700932886	66184	4245168	67943578	166647589	192909348	12118408
1495864010661021683	splash2x.radiosity	1400	38	1.000000	0.771000	0.815000	700959580	72869	1741924	54685960	169173211	158332176	12743289
1495864011170990109	splash2x.radiosity	1400	38	1.000000	0.777000	0.822000	700883425	83900	1826889	56161501	182192079	163778950	10882066
1495864011680975284	splash2x.radiosity	1400	38	1.000000	0.778000	0.823000	700878179	83494	1908249	56735581	182223591	165980938	10997682
1495864012191320960	splash2x.radiosity	1400	37	1.000000	0.778000	0.823000	700880072	53107	1199870	37566147	125018608	101792861	19420160
1495864012700754178	splash2x.radiosity	1400	38	1.000000	0.788000	0.835000	700942087	224	6199519	136699243	263436711	346680648	3552607
1495864013209840021	splash2x.radiosity	1400	38	1.000000	0.942000	0.998000	700980994	226	5758160	135143542	266985013	340393280	3217463
1495864013718852198	splash2x.radiosity	1400	38	1.000000	0.981000	1.039000	701111273	224	4923877	128210048	273752619	324621134	1095820
1495864014227761709	splash2x.radiosity	1400	38	1.000000	0.953000	1.010000	701003834	226	5055506	129146265	272730922	325238118	1738087
1495864014736850677	splash2x.radiosity	1400	38	1.000000	0.945000	1.001000	700793181	226	6003014	124182652	262062596	319967400	3619412
1495864015245741896	splash2x.radiosity	1400	38	1.000000	0.951000	1.008000	700791988	226	5860864	129455857	263387128	332180682	2905030
1495864015754779281	splash2x.radiosity	1400	38	1.000000	0.966000	1.023000	700785411	224	6745914	131553308	255160024	339585164	4871590
1495864016263685209	splash2x.radiosity	1400	38	1.000000	0.972000	1.030000	700865941	228	6743866	130142490	255449736	338203905	4737066
1495864016772742302	splash2x.radiosity	1400	38	1.000000	0.971000	1.029000	700792078	224	6594812	129114812	257164540	335212074	3758896
1495864017281737104	splash2x.radiosity	1400	38	1.000000	0.973000	1.031000	700793831	226	4916978	124716352	272073732	317462095	1492628
1495864017790797906	splash2x.radiosity	1400	38	1.000000	0.956000	1.013000	700812291	224	5419321	126196232	268948668	324674253	2408104
1495864018299889958	splash2x.radiosity	1400	38	1.000000	0.949000	1.005000	700798136	226	6010198	124170376	264102960	324662578	2759636
1495864018808850760	splash2x.radiosity	1400	38	1.000000	0.961000	1.018000	700785588	226	5654427	123374949	271796432	321175091	2286371
1495864019317814104	splash2x.radiosity	1400	38	1.000000	0.958000	1.015000	700793872	226	5221417	118014082	273094392	307537780	1649291
1495864019826783198	splash2x.radiosity	1400	38	1.000000	0.940000	0.996000	700791428	224	5491866	121239182	268527250	316443936	1866626
1495864020335948708	splash2x.radiosity	1400	38	1.000000	0.951000	1.008000	700793851	228	3972130	113241811	278436389	293456856	1251324
1495864020844953885	splash2x.radiosity	1400	38	1.000000	0.936000	0.992000	700780334	224	4567381	118155268	272612639	304521118	1501346
1495864021353911562	splash2x.radiosity	1400	38	1.000000	0.940000	0.996000	700801606	226	4901198	120242329	271030632	307928015	1630933
1495864021862929864	splash2x.radiosity	1400	38	1.000000	0.944000	1.000000	700794398	224	4880698	120056719	270994371	308522389	1508737
1495864022371945708	splash2x.radiosity	1400	38	1.000000	0.940000	0.996000	700791108	226	5706917	114934416	267305721	307289100	2288798
1495864022881146843	splash2x.radiosity	1400	38	1.000000	0.949000	1.005000	700793499	222	5708689	111809003	265678781	302688342	2465384
1495864023390201353	splash2x.radiosity	1400	38	1.000000	0.947000	1.003000	700788221	226	5371782	116062135	270040536	306299056	2253500
1495864023899234780	splash2x.radiosity	1400	38	1.000000	0.951000	1.008000	700894824	224	4874962	122727039	273296897	310417741	2685029
1495864024408115624	splash2x.radiosity	1400	38	1.000000	0.949000	1.005000	700810492	226	5309250	118064449	269686649	307330316	2539862
1495864024917160009	splash2x.radiosity	1400	38	1.000000	0.963000	1.020000	700993508	226	4575230	124999237	278285815	309063896	1244158
1495864025426167936	splash2x.radiosity	1400	38	1.000000	0.951000	1.008000	700792837	226	6324904	134601848	258632636	337620404	3271837
1495864025935253196	splash2x.radiosity	1400	38	1.000000	0.973000	1.031000	700792545	224	6474956	135598527	257256367	339639507	3671742
1495864026444332623	splash2x.radiosity	1400	38	1.000000	0.972000	1.030000	700792276	226	6475333	125135486	257579035	325107616	2736038
1495864026953210426	splash2x.radiosity	1400	38	1.000000	0.948000	1.004000	700795225	226	6362832	123407864	257601837	321848603	1799405
1495864027462128478	splash2x.radiosity	1400	38	1.000000	0.942000	0.998000	700793031	226	5521275	122421992	262708321	315849618	1386865
1495864027971175196	splash2x.radiosity	1400	38	1.000000	0.939000	0.995000	700791477	224	4362465	124529924	274150151	307667221	1131926
1495864028480153457	splash2x.radiosity	1400	38	1.000000	0.944000	1.000000	700794640	226	5251330	118710966	269120493	306533824	1544906
1495864028989144384	splash2x.radiosity	1400	38	1.000000	0.943000	0.999000	700794442	224	4832894	110412103	266948753	288384788	1520989
1495864029498089269	splash2x.radiosity	1400	38	1.000000	0.940000	0.996000	700863926	228	4882030	110380726	267415285	289974053	1805402
1495864030007092446	splash2x.radiosity	1400	38	1.000000	0.924000	0.979000	700783641	224	5906957	122354806	266714965	316434121	1936682
1495864030516150415	splash2x.radiosity	1400	38	1.000000	0.953000	1.010000	700792152	226	5492231	117977983	266869327	308796553	1877550
1495864031025150884	splash2x.radiosity	1400	38	1.000000	0.948000	1.004000	700789524	226	5977609	117674573	264345674	313213471	1894004
1495864031534108894	splash2x.radiosity	1400	38	1.000000	0.939000	0.995000	700794775	226	5704577	129207832	262649214	323601296	2271243
1495864032043158029	splash2x.radiosity	1400	38	1.000000	0.961000	1.018000	700799588	224	4808716	120718932	276029537	302444296	2316902
1495864032552268498	splash2x.radiosity	1400	38	1.000000	0.952000	1.009000	700801404	226	5016103	117787911	271915603	300779652	2919588
1495864033061333758	splash2x.radiosity	1400	38	1.000000	0.951000	1.008000	700789522	224	5613233	118041325	269481447	306694507	2219647
1495864033570364935	splash2x.radiosity	1400	38	1.000000	0.954000	1.011000	700894933	228	4812257	106960377	285437163	296719482	1629939
1495864034079412029	splash2x.radiosity	1400	38	1.000000	0.941000	0.997000	700794438	224	4165898	104388620	287424246	283781559	1315213
1495864034588454747	splash2x.radiosity	1400	38	1.000000	0.942000	0.998000	700788724	226	5796052	119302340	273344132	315484951	2099334
1495864035097481716	splash2x.radiosity	1400	38	1.000000	0.955000	1.012000	700785031	226	5168457	115641892	280086734	306193203	1577833
1495864035606583518	splash2x.radiosity	1400	38	1.000000	0.948000	1.004000	700786955	226	5789138	116547751	274717398	311874684	2073997
1495864036115600737	splash2x.radiosity	1400	38	1.000000	0.944000	1.000000	700791258	224	5841865	113289210	274388320	309973247	1843674
1495864036624632247	splash2x.radiosity	1400	38	1.000000	0.942000	0.998000	700776964	226	4555607	114089362	280483012	294409817	1500443
1495864037133836799	splash2x.radiosity	1400	38	1.000000	0.937000	0.993000	700816192	224	4997379	113662396	277142268	299174624	1692086
1495864037642998892	splash2x.radiosity	1400	38	1.000000	0.943000	0.999000	700796283	226	4983903	117036670	276027657	303122557	2439010
1495864038152004444	splash2x.radiosity	1400	38	1.000000	0.961000	1.018000	700956185	226	5525641	117714237	274998970	309104015	2568205
1495864038661066913	splash2x.radiosity	1400	38	1.000000	0.946000	1.002000	700795991	226	5715163	119142656	270606021	312798212	2297513
1495864039170089548	splash2x.radiosity	1400	38	1.000000	0.934000	0.990000	700782496	226	5601193	115516342	268068494	306940711	1644484
1495864039679125142	splash2x.radiosity	1400	38	1.000000	0.942000	0.998000	700790637	226	5542578	120627379	268492098	312609022	2203192
1495864040188101986	splash2x.radiosity	1400	38	1.000000	0.946000	1.002000	700785125	224	4991338	118591573	272216059	302660734	1765591
1495864040697357996	splash2x.radiosity	1400	38	1.000000	0.942000	0.998000	700765566	226	5388207	115332258	271575589	303924465	2090216
1495864041206481339	splash2x.radiosity	1400	38	1.000000	0.942000	0.998000	700792027	220	4939691	117774020	274494241	301484752	2280855
1495864041715567891	splash2x.radiosity	1400	38	1.000000	0.948000	1.004000	700804381	226	5137807	120846977	261088854	303772073	2372920
1495864042224552526	splash2x.radiosity	1400	38	1.000000	0.934000	0.990000	700790199	224	4816061	113696212	268211549	293496038	1689769
1495864042733735328	splash2x.radiosity	1400	38	1.000000	0.930000	0.985000	700888590	228	4256319	111997953	266418172	282727736	2182226
1495864043242738630	splash2x.radiosity	1400	38	1.000000	0.937000	0.993000	700789636	226	5625126	111567378	269023382	302616089	2401937
1495864043751823557	splash2x.radiosity	1400	38	1.000000	0.936000	0.992000	700818112	224	5008313	109863561	270044964	292106014	2593574
1495864044261145567	splash2x.radiosity	1400	38	1.000000	0.942000	0.998000	700791292	226	5060031	109845816	266295062	291602427	2525532
1495864044770214452	splash2x.radiosity	1400	38	1.000000	0.936000	0.992000	700799576	224	4941609	110539980	258751054	287070284	3153012
1495864045279163338	splash2x.radiosity	1400	38	1.000000	0.931000	0.986000	700797036	226	5020310	105739687	256246995	281461604	3679793
1495864045788157556	splash2x.radiosity	1400	38	1.000000	0.923000	0.978000	700796876	224	4672879	102475106	250517960	270133621	4657278
1495864046297142567	splash2x.radiosity	1400	38	1.000000	0.923000	0.978000	700799752	228	4240706	92186032	231084900	242727755	6798767
1495864046806209285	splash2x.radiosity	1400	38	1.000000	0.900000	0.954000	700802904	226	2446545	58934384	176931009	152303728	12713048
1495864047315225879	splash2x.radiosity	1400	38	1.000000	0.850000	0.901000	700798488	259	1420202	77359902	151580303	87500567	13889808
1495864047824312098	splash2x.radiosity	1400	38	1.000000	0.778000	0.823000	700925636	224	2054316	212601277	211539381	59958041	13348917
1495864048333269025	splash2x.radiosity	1400	38	1.000000	0.718000	0.759000	700916348	252	1853027	178534496	203048987	86825218	10926977
1495864048842585910	splash2x.radiosity	1400	38	1.000000	0.717000	0.758000	480260660	23536	1903011	48951312	119968899	125926086	5616256
1495864049352356377	splash2x.raytrace	1400	38	1.000000	0.492000	0.523000	701052758	68721	4395526	62990821	160266278	191279082	12527351
1495864049862396761	splash2x.raytrace	1400	38	1.000000	0.774000	0.818000	701020966	67911	4362153	65646123	164014501	193188547	12352615
1495864050372048854	splash2x.raytrace	1400	37	1.000000	0.778000	0.823000	701133344	67088	4328694	68700331	168054219	194955032	12221020
1495864050882105571	splash2x.raytrace	1400	37	1.000000	0.783000	0.828000	700961136	31231	3323461	89601129	195922640	204987496	21702827
1495864051391362540	splash2x.raytrace	1400	38	1.000000	0.963000	1.020000	700888255	266	376875	72177092	209109246	165139520	65756474
1495864051900427842	splash2x.raytrace	1400	38	1.000000	1.016000	1.076000	700890995	224	399388	69909594	208114767	164804246	66999766
1495864052409602518	splash2x.raytrace	1400	38	1.000000	1.017000	1.078000	700992764	226	398635	70831545	207963209	165169044	66724648
1495864052918685487	splash2x.raytrace	1400	38	1.000000	1.014000	1.074000	700865768	224	329851	71794340	208774955	164997701	67111656
1495864053427777789	splash2x.raytrace	1400	38	1.000000	1.019000	1.080000	700862684	226	340600	70545924	210461964	164597262	64491212
1495864053936866466	splash2x.raytrace	1400	38	1.000000	1.014000	1.074000	700840724	224	260804	70207347	209404038	164050733	66713498
1495864054446028893	splash2x.raytrace	1400	38	1.000000	1.018000	1.079000	700925932	226	304460	69207091	208077973	164104090	66837572
1495864054955176069	splash2x.raytrace	1400	38	1.000000	1.017000	1.078000	700846224	226	404030	67197063	207408956	164279338	66848180
1495864055464292580	splash2x.raytrace	1400	38	1.000000	1.014000	1.074000	700859006	226	399518	67710005	207651267	164547205	67399162
1495864055973447756	splash2x.raytrace	1400	38	1.000000	1.017000	1.078000	700857657	224	395044	67579562	208146793	165135042	67237987
1495864056482558475	splash2x.raytrace	1400	38	1.000000	1.017000	1.078000	700858631	226	288227	68952453	205609015	162410538	67288907
1495864056991717318	splash2x.raytrace	1400	38	1.000000	1.015000	1.076000	700852730	224	278730	68422766	206239540	162409798	67139554
1495864057500987703	splash2x.raytrace	1400	38	1.000000	1.014000	1.074000	700877320	226	319813	68847166	207696461	163551236	66519605
1495864058010133005	splash2x.raytrace	1400	38	1.000000	1.016000	1.076000	700849862	224	319720	69078685	208440636	164183225	66593941
1495864058519287974	splash2x.raytrace	1400	38	1.000000	1.017000	1.078000	700900443	224	270187	70036699	209273382	164196555	66590073
1495864059028433567	splash2x.raytrace	1400	38	1.000000	1.017000	1.078000	700849225	226	325026	69688190	208125107	164342587	66957008
1495864059537680744	splash2x.raytrace	1400	38	1.000000	1.017000	1.078000	700848530	226	333463	68447237	205089506	161976477	66463565
1495864060046855379	splash2x.raytrace	1400	38	1.000000	1.010000	1.070000	700858438	224	375482	68031094	207650769	164015376	67644406
1495864060556121056	splash2x.raytrace	1400	38	1.000000	1.015000	1.075000	700851809	226	290390	67917763	204324585	160567590	67359448
1495864061065367024	splash2x.raytrace	1400	38	1.000000	1.011000	1.071000	700853561	224	370261	68282400	206995125	164016639	67577890
1495864061574573451	splash2x.raytrace	1400	38	1.000000	1.019000	1.081000	700851580	226	386464	70639255	207875544	165019760	67862326
1495864062083737961	splash2x.raytrace	1400	39	1.000000	1.015000	1.075000	700967924	224	353552	69011694	208028012	164500064	68041865
1495864062592917513	splash2x.raytrace	1400	38	1.000000	1.017000	1.078000	700926868	228	317338	69282858	207728520	163902121	67314064
1495864063102111940	splash2x.raytrace	1400	38	1.000000	1.018000	1.079000	700857216	226	324640	68588749	206797396	162933543	68046930
1495864063611304200	splash2x.raytrace	1400	39	1.000000	1.016000	1.076000	700936790	228	306992	67575865	206205801	162468332	68099226
1495864064120483460	splash2x.raytrace	1400	38	1.000000	1.014000	1.074000	700863598	224	326770	68383622	207101537	163481501	68150955
1495864064629646262	splash2x.raytrace	1400	39	1.000000	1.019000	1.080000	700846936	226	375024	68517286	208850268	164882560	67125299
1495864065138752647	splash2x.raytrace	1400	38	1.000000	1.015000	1.075000	700849443	224	301561	70063210	209737571	164352017	66162972
1495864065647902949	splash2x.raytrace	1400	39	1.000000	1.019000	1.081000	700846083	226	314015	68373401	208269562	163832594	68330277
1495864066157243667	splash2x.raytrace	1400	38	1.000000	1.020000	1.081000	700853048	224	332173	68436363	207821744	163758035	68174251
1495864066666525719	splash2x.raytrace	1400	38	1.000000	1.017000	1.078000	701038158	242	291059	67542986	204177524	160404608	67535886
1495864067175635354	splash2x.raytrace	1400	38	1.000000	1.014000	1.074000	700852680	226	267632	67180598	206630689	161824472	68595786
1495864067684949239	splash2x.raytrace	1400	39	1.000000	1.017000	1.078000	700847648	226	287969	67542215	206296345	162424547	68260423
1495864068194146499	splash2x.raytrace	1400	38	1.000000	1.013000	1.073000	700857996	224	275627	67522255	206112820	161025025	67790626
1495864068703310801	splash2x.raytrace	1400	38	1.000000	1.015000	1.075000	700846295	226	284854	67136444	207306601	162188685	68484637
1495864069212496852	splash2x.raytrace	1400	39	1.000000	1.019000	1.080000	700846281	224	373628	68085079	209339910	165006066	68809198
1495864069721803821	splash2x.raytrace	1400	39	1.000000	1.019000	1.080000	700847720	226	405012	68151397	209525207	165868115	68625822
1495864070231093956	splash2x.raytrace	1400	38	1.000000	1.020000	1.081000	700851000	224	370821	68056345	208873252	164905055	68074163
1495864070740321091	splash2x.raytrace	1400	38	1.000000	1.020000	1.081000	700920844	228	412862	67579357	209108385	165555328	68676190
1495864071249490434	splash2x.raytrace	1400	38	1.000000	1.020000	1.081000	700843892	226	342620	66848337	209141805	164090227	68655070
1495864071758619819	splash2x.raytrace	1400	39	1.000000	1.019000	1.080000	700952672	226	384424	67224463	207848373	164358902	68134950
1495864072267751163	splash2x.raytrace	1400	39	1.000000	1.015000	1.075000	700842927	224	351073	67508011	207552868	163794054	67863568
1495864072776973798	splash2x.raytrace	1400	39	1.000000	1.014000	1.075000	700846928	224	275793	69089006	207505369	163658927	67339285
1495864073286589891	splash2x.raytrace	1400	38	1.000000	1.014000	1.075000	700835136	226	260493	68874839	207069910	162914942	67932057
1495864073795810359	splash2x.raytrace	1400	39	1.000000	1.018000	1.079000	700921908	224	250011	67430695	206215900	162226825	67947632
1495864074305045119	splash2x.raytrace	1400	38	1.000000	1.016000	1.076000	700916954	228	322447	67785967	206594679	163308987	67951847
1495864074814227129	splash2x.raytrace	1400	38	1.000000	1.015000	1.075000	700860640	226	285825	67151724	206672643	162571235	68103334
1495864075323342223	splash2x.raytrace	1400	39	1.000000	1.015000	1.075000	700857154	226	304727	67355551	207807450	163013336	68369243
1495864075832599233	splash2x.raytrace	1400	39	1.000000	1.018000	1.079000	700858752	224	336697	67178799	208312133	163918051	68163085
1495864076341809701	splash2x.raytrace	1400	38	1.000000	1.017000	1.078000	700859636	222	392806	67662623	209537232	165374949	68665990
1495864076850988503	splash2x.raytrace	1400	38	1.000000	1.019000	1.080000	700858140	224	436184	67543222	210354373	166493465	68564105
1495864077360111597	splash2x.raytrace	1400	39	1.000000	1.020000	1.081000	700861392	226	419993	67742290	211559931	166751663	69389540
1495864077869278273	splash2x.raytrace	1400	38	1.000000	1.023000	1.084000	700850010	224	393379	67024220	210221397	165572445	68792480
1495864078378441284	splash2x.raytrace	1400	39	1.000000	1.022000	1.083000	700936174	228	371797	66355174	207423530	163410896	68301266
1495864078887668377	splash2x.raytrace	1400	38	1.000000	1.017000	1.078000	700862248	226	366139	66417319	207497109	163511884	68041971
1495864079396932929	splash2x.raytrace	1400	38	1.000000	1.013000	1.073000	700859016	226	361391	66202829	207019273	163357572	67573493
1495864079906105522	splash2x.raytrace	1400	38	1.000000	1.015000	1.075000	700862548	224	380112	67329595	207652486	164582077	67454291
1495864080415181449	splash2x.raytrace	1400	38	1.000000	1.017000	1.078000	700858816	226	251005	69874937	207063432	163215082	67319979
1495864080924330626	splash2x.raytrace	1400	38	1.000000	1.017000	1.078000	700956796	224	179993	69447073	206614737	162302844	67418565
1495864081433428178	splash2x.raytrace	1400	39	1.000000	1.015000	1.075000	700865828	226	344408	67754298	207174827	163575293	67376861
1495864081942819271	splash2x.raytrace	1400	39	1.000000	1.015000	1.075000	700867462	224	329875	67681853	208093401	163946553	68047738
1495864082452419905	splash2x.raytrace	1400	38	1.000000	1.015000	1.075000	700934796	228	291902	67501474	207899358	162793172	69268780
1495864082961651915	splash2x.raytrace	1400	38	1.000000	1.019000	1.080000	700989294	226	299397	68202020	208075882	163338926	68988793
1495864083470782759	splash2x.raytrace	1400	39	1.000000	1.020000	1.081000	701042142	226	362823	67664876	208885419	164668617	68642398
1495864083980078394	splash2x.raytrace	1400	39	1.000000	1.018000	1.079000	700961784	224	418622	67629904	210509456	166168705	68863223
1495864084489269237	splash2x.raytrace	1400	39	1.000000	1.021000	1.082000	700956698	226	392630	67711996	209765601	165604822	68686541
1495864084998334664	splash2x.raytrace	1400	38	1.000000	1.020000	1.081000	700961818	224	397502	67604599	210133831	165720241	68708584
1495864085507473883	splash2x.raytrace	1400	39	1.000000	1.020000	1.081000	700965398	226	389999	67199196	209120080	164880912	68654443
1495864086016698393	splash2x.raytrace	1400	39	1.000000	1.019000	1.080000	701022368	226	331768	67198853	208736519	163974753	68224578
1495864086525942903	splash2x.raytrace	1400	39	1.000000	1.017000	1.078000	700964796	226	370585	66307988	207438536	163788159	67762062
1495864087035193496	splash2x.raytrace	1400	38	1.000000	1.013000	1.073000	700959554	226	329788	67289653	207526696	164050163	66425787
1495864087544339756	splash2x.raytrace	1400	39	1.000000	1.012000	1.072000	700957730	226	264500	68303708	208151251	164037738	65785489
1495864088053606516	splash2x.raytrace	1400	39	1.000000	1.012000	1.072000	700949316	224	363151	68224947	209367148	165221393	66834011
1495864088562860526	splash2x.raytrace	1400	38	1.000000	1.018000	1.079000	700979878	226	360002	68263473	209493060	165107866	67640046
1495864089072052078	splash2x.raytrace	1400	39	1.000000	1.017000	1.078000	700958256	224	335800	67737113	208856932	164403920	68363544
1495864089581292713	splash2x.raytrace	1400	39	1.000000	1.019000	1.080000	701047920	228	307983	67661387	208310682	163931389	68051352
1495864090090482682	splash2x.raytrace	1400	38	1.000000	1.016000	1.076000	700933141	224	295318	67400900	207832803	163795119	67577677
1495864090599647025	splash2x.raytrace	1400	39	1.000000	1.016000	1.076000	701027665	226	373860	67314697	208381915	164610008	68204169
1495864091108807369	splash2x.raytrace	1400	39	1.000000	1.015000	1.075000	700870216	226	383387	67663930	209306245	165396648	68079907
1495864091617958170	splash2x.raytrace	1400	39	1.000000	1.017000	1.078000	700882320	226	403712	66927381	209042632	165385674	67807047
1495864092127135472	splash2x.raytrace	1400	39	1.000000	1.018000	1.079000	700878208	224	380261	67114654	209136557	165202901	67812853
1495864092636277524	splash2x.raytrace	1400	39	1.000000	1.012000	1.072000	700881364	226	261800	67973778	208449335	163916272	65805208
1495864093145407743	splash2x.raytrace	1400	39	1.000000	1.012000	1.072000	700879715	224	306979	68617981	209297196	164556674	65859481
1495864093654535211	splash2x.raytrace	1400	39	1.000000	1.014000	1.074000	700953241	228	335878	68374478	209370879	165029248	66088235
1495864094163664013	splash2x.raytrace	1400	39	1.000000	1.012000	1.072000	700881600	224	311865	68247248	209232039	164991145	66023628
1495864094672873981	splash2x.raytrace	1400	39	1.000000	1.017000	1.078000	700878703	222	414680	67941351	209995132	166179520	66141561
1495864095182577449	splash2x.raytrace	1400	38	1.000000	1.013000	1.073000	700873867	226	427853	67998975	210253990	166681898	66542673
1495864095691911167	splash2x.raytrace	1400	39	1.000000	1.017000	1.078000	647680165	3085	506352	63360049	191596028	153409132	55695334
1495864096201998135	splash2x.water_nsquared	1400	38	1.000000	0.988000	1.047000	532548509	49736	3293986	50920661	126690721	146474504	9332149
1495864096711900644	splash2x.water_nsquared	1400	38	1.000000	0.777000	0.822000	701001348	68022	4373241	64108211	161781708	191923430	12493499
1495864097221865903	splash2x.water_nsquared	1400	38	1.000000	0.776000	0.821000	701002240	67102	4350028	66746732	165203605	193584644	12351610
1495864097731663954	splash2x.water_nsquared	1400	38	1.000000	0.778000	0.823000	700937758	66017	4234689	67812533	166421595	192700498	12109719
1495864098240985214	splash2x.water_nsquared	1400	38	1.000000	0.792000	0.837000	700998772	6938	2067253	140678186	360051130	331506267	9791880
1495864098750088599	splash2x.water_nsquared	1400	39	1.000000	1.160000	1.230000	700878322	226	1180926	152909227	484648432	410190208	12100996
1495864099259226442	splash2x.water_nsquared	1400	39	1.000000	1.163000	1.233000	700876755	226	1091251	151798712	488548133	412426379	12271977
1495864099768385036	splash2x.water_nsquared	1400	39	1.000000	1.163000	1.233000	700880053	226	1166097	151454783	486361468	409728268	12179752
1495864100277548213	splash2x.water_nsquared	1400	39	1.000000	1.165000	1.236000	700988098	224	1105143	153609021	486612325	412199884	12192676
1495864100786743306	splash2x.water_nsquared	1400	39	1.000000	1.162000	1.232000	700841570	226	1182551	150538289	487117954	411338446	12233498
1495864101295977108	splash2x.water_nsquared	1400	39	1.000000	1.165000	1.234000	700960019	226	1151339	153042621	485394388	410873935	12130245
1495864101805213076	splash2x.water_nsquared	1400	39	1.000000	1.163000	1.232000	700847201	226	1201081	150869907	486283407	411813438	12208145
1495864102314348336	splash2x.water_nsquared	1400	39	1.000000	1.155000	1.225000	700826194	228	1530259	154298317	464818909	400403014	11373419
1495864102823388972	splash2x.water_nsquared	1400	39	1.000000	1.147000	1.216000	700959946	224	1395378	155055608	462175270	395275983	11225194
1495864103332699773	splash2x.water_nsquared	1400	39	1.000000	1.147000	1.215000	700990175	226	1404421	156773735	455557492	389682016	10935055
1495864103841882742	splash2x.water_nsquared	1400	39	1.000000	1.144000	1.212000	700843008	224	1437062	159471476	448325311	384864862	10615728
1495864104351132543	splash2x.water_nsquared	1400	39	1.000000	1.138000	1.207000	700849079	226	1292111	162794918	443688606	381516962	10419895
1495864104860272387	splash2x.water_nsquared	1400	39	1.000000	1.132000	1.201000	700922885	226	1187825	164013641	441104445	377467149	10269305
1495864105369381189	splash2x.water_nsquared	1400	39	1.000000	1.132000	1.199000	700854590	236	1865671	147484389	429178086	373870557	11319565
1495864105878488157	splash2x.water_nsquared	1400	39	1.000000	1.128000	1.196000	700846962	224	1940768	145649482	473965557	409142399	11932875
1495864106387717292	splash2x.water_nsquared	1400	40	1.000000	1.171000	1.242000	700858008	228	1888835	147945120	473299251	410236158	11914365
1495864106896928677	splash2x.water_nsquared	1400	39	1.000000	1.171000	1.242000	700858198	228	1938042	145286090	474758724	410553437	12010159
1495864107406214604	splash2x.water_nsquared	1400	39	1.000000	1.171000	1.242000	700853802	226	1933175	146121029	473764333	408634217	11933267
1495864107915496239	splash2x.water_nsquared	1400	40	1.000000	1.170000	1.241000	700891620	224	1922482	147740693	472817604	410818023	11911050
1495864108424644791	splash2x.water_nsquared	1400	40	1.000000	1.173000	1.244000	700864572	226	1948340	145075840	474709748	410230987	12001827
1495864108933824801	splash2x.water_nsquared	1400	40	1.000000	1.170000	1.241000	700930000	226	1886876	146962300	473694655	408865491	11920775
1495864109443013186	splash2x.water_nsquared	1400	40	1.000000	1.172000	1.243000	700956142	226	1830506	147793853	472781616	408740838	11871490
1495864109952347154	splash2x.water_nsquared	1400	40	1.000000	1.172000	1.243000	700857497	224	1878146	148155278	466196803	402773365	11595187
1495864110461615373	splash2x.water_nsquared	1400	40	1.000000	1.166000	1.237000	700859777	228	1922422	151210556	457245399	396743633	11208647
1495864110970731716	splash2x.water_nsquared	1400	40	1.000000	1.160000	1.230000	700849551	224	1788097	154993160	451492782	392811436	10952294
1495864111480015393	splash2x.water_nsquared	1400	40	1.000000	1.151000	1.221000	700852839	226	1776372	155250978	446849748	387963950	10755893
1495864111989139820	splash2x.water_nsquared	1400	40	1.000000	1.147000	1.216000	700853202	224	1784734	156613010	441409200	383664167	10511506
1495864112498334663	splash2x.water_nsquared	1400	40	1.000000	1.147000	1.216000	700857117	226	1868393	158378484	434536971	379672498	10217132
1495864113007614340	splash2x.water_nsquared	1400	39	1.000000	1.138000	1.207000	700974087	222	1932928	159754897	428928673	376229253	9971054
1495864113516900683	splash2x.water_nsquared	1400	39	1.000000	1.138000	1.206000	700869494	230	2133875	139488042	444789134	389370458	12415371
1495864114026132068	splash2x.water_nsquared	1400	40	1.000000	1.170000	1.241000	700860390	224	1947557	145479332	474474596	410693911	11993954
1495864114535245078	splash2x.water_nsquared	1400	40	1.000000	1.168000	1.239000	700850912	228	1914626	145954971	473918655	408553167	11953405
1495864115044501172	splash2x.water_nsquared	1400	40	1.000000	1.171000	1.242000	700857464	224	1918523	147716868	472856567	410509498	11923800
1495864115553611807	splash2x.water_nsquared	1400	40	1.000000	1.168000	1.239000	700857341	226	1947938	145054155	474726809	410335327	12017343
1495864116062763025	splash2x.water_nsquared	1400	40	1.000000	1.172000	1.243000	700859510	224	1921978	146695942	473247870	408725580	11915838
1495864116571981619	splash2x.water_nsquared	1400	40	1.000000	1.169000	1.240000	700856957	226	1921782	147120611	473177165	410686135	11942101
1495864117081309462	splash2x.water_nsquared	1400	40	1.000000	1.171000	1.242000	700923340	226	1883370	145228741	475596885	409705410	12024807
1495864117590629930	splash2x.water_nsquared	1400	40	1.000000	1.171000	1.242000	700844296	226	1839724	149000145	468257734	404341925	11668151
1495864118099871482	splash2x.water_nsquared	1400	40	1.000000	1.168000	1.239000	700969961	224	1845931	151041338	461431278	400421041	11405252
1495864118608969909	splash2x.water_nsquared	1400	40	1.000000	1.160000	1.230000	700951690	228	1839327	151532779	456060013	395059873	11171143
1495864119118175044	splash2x.water_nsquared	1400	40	1.000000	1.156000	1.226000	701013893	224	1913722	153764796	447944001	389791178	10814469
1495864119627363887	splash2x.water_nsquared	1400	40	1.000000	1.148000	1.218000	700853000	226	1842930	156990655	442009078	385599180	10547084
1495864120136559856	splash2x.water_nsquared	1400	40	1.000000	1.143000	1.212000	700853837	224	1727017	159112988	438295306	381832683	10377826
1495864120645665449	splash2x.water_nsquared	1400	40	1.000000	1.142000	1.211000	700852006	227	1732872	159865913	433639493	377858613	10169841
1495864121154898043	splash2x.water_nsquared	1400	40	1.000000	1.141000	1.210000	700903179	233	2277905	143554536	422196463	372980982	11465178
1495864121664071470	splash2x.water_nsquared	1400	40	1.000000	1.170000	1.241000	700850865	226	1948995	145633216	473660224	408787970	11937663
1495864122173184105	splash2x.water_nsquared	1400	40	1.000000	1.171000	1.242000	700846237	224	1892050	147906406	473180667	410333361	11926843
1495864122682495531	splash2x.water_nsquared	1400	40	1.000000	1.170000	1.241000	700888223	228	1928445	145287614	474860769	410471893	12030639
1495864123191788333	splash2x.water_nsquared	1400	40	1.000000	1.170000	1.241000	700845541	224	1925448	146350424	473472154	408619005	11937469
1495864123701106718	splash2x.water_nsquared	1400	40	1.000000	1.172000	1.243000	700847839	226	1924107	147348850	472953116	410644944	11940876
1495864124210244270	splash2x.water_nsquared	1400	40	1.000000	1.169000	1.240000	700840820	224	1951107	145040234	474693535	410110568	12013783
1495864124719443697	splash2x.water_nsquared	1400	40	1.000000	1.171000	1.242000	700843165	226	1879473	147280707	473492119	408971133	11927838
1495864125228625040	splash2x.water_nsquared	1400	40	1.000000	1.171000	1.242000	700902823	226	1827950	147557386	472906068	408615435	11894046
1495864125737837175	splash2x.water_nsquared	1400	40	1.000000	1.171000	1.242000	700849805	226	1869386	148110548	466041720	402409894	11608097
1495864126247005477	splash2x.water_nsquared	1400	40	1.000000	1.163000	1.233000	700847676	224	1916060	151629192	456922041	396782786	11203986
1495864126756212154	splash2x.water_nsquared	1400	40	1.000000	1.155000	1.225000	700845460	228	1800551	154691419	451224465	392555909	10964978
1495864127265362330	splash2x.water_nsquared	1400	40	1.000000	1.151000	1.220000	700851972	224	1766014	155173665	446967891	387924763	10772257
1495864127774673799	splash2x.water_nsquared	1400	40	1.000000	1.147000	1.216000	700840659	226	1802953	156629133	440873321	383513928	10510789
1495864128283923809	splash2x.water_nsquared	1400	40	1.000000	1.139000	1.208000	700852574	224	1883702	158254699	434324929	379617660	10222363
1495864128793043236	splash2x.water_nsquared	1400	40	1.000000	1.138000	1.207000	700948049	228	1970942	157976747	423979015	372142952	10087994
1495864129302650995	splash2x.water_nsquared	1400	40	1.000000	1.136000	1.205000	700904544	228	2293259	145398941	435300890	402509016	11695415
1495864129811833339	splash2x.water_nsquared	1400	40	1.000000	1.159000	1.229000	700818234	226	2187661	145082489	444260685	406136953	11843542
1495864130320947849	splash2x.water_nsquared	1400	40	1.000000	1.155000	1.225000	700818908	224	2184024	146520927	443050188	404610284	11755938
1495864130830003609	splash2x.water_nsquared	1400	40	1.000000	1.158000	1.228000	700809651	228	2266385	146687279	440558013	406490038	11705259
1495864131339047703	splash2x.water_nsquared	1400	40	1.000000	1.156000	1.226000	700812513	224	2183377	145103578	444404062	405862585	11850820
1495864131848370296	splash2x.water_nsquared	1400	40	1.000000	1.156000	1.226000	700817133	222	2242954	146275073	441600401	406477915	11734260
1495864132357707473	splash2x.water_nsquared	1400	40	1.000000	1.156000	1.226000	700859428	226	2130740	145450958	444916511	405365781	11850211
1495864132867029191	splash2x.water_nsquared	1400	40	1.000000	1.157000	1.227000	701070448	226	2097983	149341802	439103774	401202236	11507646
1495864133376163868	splash2x.water_nsquared	1400	40	1.000000	1.158000	1.228000	700832200	226	2103355	151196411	433457791	397405924	11266866
1495864133885225711	splash2x.water_nsquared	1400	40	1.000000	1.151000	1.221000	700852855	224	2048965	152530850	430539241	392759843	11085232
1495864134394315847	splash2x.water_nsquared	1400	40	1.000000	1.149000	1.219000	700851053	228	2107574	155190850	424547867	388458485	10773898
1495864134903413815	splash2x.water_nsquared	1400	40	1.000000	1.144000	1.213000	700847600	224	2022814	159026955	419746099	385239901	10520320
1495864135412560950	splash2x.water_nsquared	1400	40	1.000000	1.140000	1.209000	700840284	226	1937519	160693338	416926620	381751595	10366982
1495864135921719752	splash2x.water_nsquared	1400	40	1.000000	1.139000	1.208000	700846936	224	1919738	161838736	413791005	378321617	10193132
1495864136430933637	splash2x.water_nsquared	1400	40	1.000000	1.131000	1.199000	339623951	2972	1228992	70948869	182482864	170625174	4825739
