#Timestamp	CPU(0) Frequency(MHz)	CPU(0) Temperature(C)	A7 Voltage(V)	A7 Current(A)	A7 Power(W)	CPU(4) Frequency(MHz)	CPU(4) Temperature(C)	A15 Voltage(V)	A15 Current(A)	A15 Power(W)	GPU Frequency(MHz)	GPU Temperature(C)	GPU Voltage(V)	GPU Current(A)	GPU Power(W)	RAM Voltage(V)	RAM Current(A)	RAM Power(W)
1495863806407778474	1400 43 1.200000 0.221000 0.277000 1400 38 1.000000 0.303000 0.324000 600 40 0.900000 0.071000 0.070000 1.200000 0.036000 0.043000
1495863806917614525	1400 43 1.200000 0.101000 0.128000 1400 38 1.000000 0.774000 0.820000 600 40 0.900000 0.071000 0.070000 1.200000 0.013000 0.015000
1495863807427314951	1400 43 1.200000 0.099000 0.126000 1400 38 1.000000 0.776000 0.821000 600 40 0.900000 0.071000 0.070000 1.200000 0.013000 0.015000
1495863807937159419	1400 43 1.200000 0.100000 0.127000 1400 38 1.000000 0.779000 0.824000 600 40 0.900000 0.071000 0.070000 1.200000 0.012000 0.014000
1495863808447267511	1400 43 1.200000 0.100000 0.127000 1400 38 1.000000 0.792000 0.837000 600 40 0.900000 0.071000 0.070000 1.200000 0.047000 0.057000
1495863808956987395	1400 43 1.200000 0.100000 0.127000 1400 38 1.000000 0.791000 0.836000 600 40 0.900000 0.071000 0.070000 1.200000 0.061000 0.074000
1495863809466650280	1400 44 1.200000 0.099000 0.126000 1400 38 1.000000 0.793000 0.838000 600 41 0.900000 0.072000 0.071000 1.200000 0.062000 0.075000
1495863809976234664	1400 44 1.200000 0.102000 0.129000 1400 38 1.000000 0.893000 0.946000 600 41 0.900000 0.072000 0.071000 1.200000 0.060000 0.073000
1495863810485556883	1400 46 1.200000 0.099000 0.125000 1400 39 1.000000 0.946000 1.002000 600 40 0.900000 0.071000 0.070000 1.200000 0.045000 0.054000
1495863810994822143	1400 45 1.200000 0.099000 0.126000 1400 39 1.000000 0.983000 1.041000 600 41 0.900000 0.072000 0.071000 1.200000 0.037000 0.044000
1495863811504193236	1400 45 1.200000 0.103000 0.131000 1400 39 1.000000 0.942000 0.998000 600 41 0.900000 0.072000 0.071000 1.200000 0.032000 0.038000
1495863812013488829	1400 45 1.200000 0.105000 0.133000 1400 39 1.000000 0.932000 0.987000 600 41 0.900000 0.072000 0.071000 1.200000 0.032000 0.038000
1495863812522855714	1400 45 1.200000 0.103000 0.131000 1400 39 1.000000 0.924000 0.979000 600 41 0.900000 0.072000 0.071000 1.200000 0.032000 0.038000
1495863813032344307	1400 45 1.200000 0.101000 0.128000 1400 39 1.000000 0.944000 1.000000 600 41 0.900000 0.072000 0.071000 1.200000 0.036000 0.043000
1495863813541786733	1400 45 1.200000 0.098000 0.124000 1400 39 1.000000 0.945000 1.001000 600 41 0.900000 0.072000 0.071000 1.200000 0.034000 0.041000
1495863814051279785	1400 45 1.200000 0.102000 0.129000 1400 39 1.000000 0.953000 1.008000 600 41 0.900000 0.072000 0.071000 1.200000 0.033000 0.040000
1495863814560785003	1400 46 1.200000 0.103000 0.131000 1400 39 1.000000 0.938000 0.994000 600 41 0.900000 0.072000 0.071000 1.200000 0.031000 0.037000
1495863815070368637	1400 44 1.200000 0.104000 0.132000 1400 39 1.000000 0.935000 0.991000 600 41 0.900000 0.072000 0.071000 1.200000 0.021000 0.025000
1495863815579905064	1400 44 1.200000 0.097000 0.123000 1400 39 1.000000 0.871000 0.921000 600 41 0.900000 0.072000 0.071000 1.200000 0.013000 0.015000
1495863816089378115	1400 44 1.200000 0.098000 0.124000 1400 38 1.000000 0.860000 0.909000 600 41 0.900000 0.072000 0.071000 1.200000 0.013000 0.015000
1495863816598783333	1400 44 1.200000 0.097000 0.123000 1400 38 1.000000 0.863000 0.913000 600 41 0.900000 0.072000 0.071000 1.200000 0.013000 0.015000
1495863817108292051	1400 44 1.200000 0.096000 0.122000 1400 38 1.000000 0.865000 0.915000 600 41 0.900000 0.071000 0.070000 1.200000 0.015000 0.018000
1495863817617921811	1400 44 1.200000 0.103000 0.131000 1400 38 1.000000 0.868000 0.918000 600 41 0.900000 0.072000 0.071000 1.200000 0.015000 0.018000
1495863818127449487	1400 44 1.200000 0.104000 0.132000 1400 38 1.000000 0.856000 0.905000 600 40 0.900000 0.072000 0.071000 1.200000 0.014000 0.017000
1495863818636999622	1400 44 1.200000 0.101000 0.128000 1400 38 1.000000 0.856000 0.905000 600 40 0.900000 0.071000 0.070000 1.200000 0.015000 0.018000
1495863819146496506	1400 44 1.200000 0.100000 0.127000 1400 38 1.000000 0.857000 0.908000 600 40 0.900000 0.072000 0.071000 1.200000 0.014000 0.017000
1495863819656147807	1400 44 1.200000 0.098000 0.124000 1400 38 1.000000 0.863000 0.914000 600 40 0.900000 0.071000 0.070000 1.200000 0.015000 0.018000
1495863820165570692	1400 44 1.200000 0.097000 0.123000 1400 38 1.000000 0.865000 0.916000 600 40 0.900000 0.071000 0.070000 1.200000 0.016000 0.019000
1495863820675122660	1400 44 1.200000 0.096000 0.122000 1400 38 1.000000 0.858000 0.909000 600 40 0.900000 0.071000 0.070000 1.200000 0.016000 0.019000
1495863821184650170	1400 44 1.200000 0.097000 0.123000 1400 38 1.000000 0.864000 0.915000 600 40 0.900000 0.072000 0.071000 1.200000 0.016000 0.019000
1495863821694147513	1400 44 1.200000 0.097000 0.123000 1400 38 1.000000 0.861000 0.912000 600 40 0.900000 0.071000 0.070000 1.200000 0.015000 0.018000
1495863822203701272	1400 44 1.200000 0.096000 0.122000 1400 38 1.000000 0.860000 0.911000 600 40 0.900000 0.071000 0.070000 1.200000 0.013000 0.015000
1495863822713296865	1400 44 1.200000 0.103000 0.131000 1400 38 1.000000 0.860000 0.911000 600 40 0.900000 0.072000 0.071000 1.200000 0.012000 0.014000
1495863823222735000	1400 44 1.200000 0.101000 0.128000 1400 38 1.000000 0.865000 0.916000 600 40 0.900000 0.071000 0.070000 1.200000 0.012000 0.014000
1495863823732136052	1400 44 1.200000 0.104000 0.132000 1400 38 1.000000 0.835000 0.885000 600 40 0.900000 0.071000 0.070000 1.200000 0.013000 0.015000
1495863824241610770	1400 44 1.200000 0.104000 0.132000 1400 38 1.000000 0.829000 0.878000 600 40 0.900000 0.071000 0.070000 1.200000 0.012000 0.014000
1495863824751203988	1400 44 1.200000 0.101000 0.128000 1400 38 1.000000 0.837000 0.887000 600 40 0.900000 0.071000 0.070000 1.200000 0.013000 0.015000
1495863825260541831	1400 43 1.200000 0.099000 0.126000 1400 38 1.000000 0.835000 0.885000 600 40 0.900000 0.071000 0.070000 1.200000 0.012000 0.014000
1495863825770086132	1400 44 1.200000 0.097000 0.123000 1400 38 1.000000 0.831000 0.879000 600 40 0.900000 0.071000 0.070000 1.200000 0.012000 0.014000
1495863826279506517	1400 44 1.200000 0.100000 0.127000 1400 38 1.000000 0.834000 0.884000 600 40 0.900000 0.071000 0.070000 1.200000 0.014000 0.016000
1495863826788961985	1400 44 1.200000 0.104000 0.132000 1400 38 1.000000 0.845000 0.895000 600 40 0.900000 0.071000 0.070000 1.200000 0.015000 0.018000
1495863827298440870	1400 44 1.200000 0.104000 0.132000 1400 38 1.000000 0.847000 0.897000 600 40 0.900000 0.071000 0.070000 1.200000 0.013000 0.015000
1495863827807979004	1400 44 1.200000 0.100000 0.127000 1400 38 1.000000 0.843000 0.893000 600 40 0.900000 0.071000 0.070000 1.200000 0.013000 0.015000
1495863828317647680	1400 44 1.200000 0.098000 0.124000 1400 38 1.000000 0.843000 0.891000 600 40 0.900000 0.071000 0.070000 1.200000 0.012000 0.014000
1495863828827136065	1400 44 1.200000 0.099000 0.126000 1400 38 1.000000 0.844000 0.892000 600 40 0.900000 0.071000 0.070000 1.200000 0.012000 0.014000
1495863829336527783	1400 43 1.200000 0.098000 0.124000 1400 38 1.000000 0.846000 0.896000 600 40 0.900000 0.071000 0.070000 1.200000 0.014000 0.016000
1495863829845921793	1400 44 1.200000 0.095000 0.121000 1400 38 1.000000 0.840000 0.890000 600 40 0.900000 0.071000 0.070000 1.200000 0.013000 0.015000
1495863830355244928	1400 44 1.200000 0.095000 0.121000 1400 38 1.000000 0.845000 0.895000 600 40 0.900000 0.071000 0.070000 1.200000 0.015000 0.018000
1495863830864675146	1400 43 1.200000 0.097000 0.123000 1400 38 1.000000 0.841000 0.889000 600 40 0.900000 0.071000 0.070000 1.200000 0.016000 0.019000
1495863831374098531	1400 44 1.200000 0.096000 0.122000 1400 38 1.000000 0.834000 0.884000 600 40 0.900000 0.071000 0.070000 1.200000 0.012000 0.014000
1495863831883561541	1400 44 1.200000 0.096000 0.122000 1400 38 1.000000 0.840000 0.888000 600 40 0.900000 0.071000 0.070000 1.200000 0.013000 0.015000
1495863832392987550	1400 44 1.200000 0.101000 0.128000 1400 38 1.000000 0.846000 0.895000 600 40 0.900000 0.071000 0.070000 1.200000 0.014000 0.016000
1495863832902569602	1400 43 1.200000 0.103000 0.131000 1400 38 1.000000 0.826000 0.873000 600 40 0.900000 0.071000 0.070000 1.200000 0.014000 0.016000
1495863833412121361	1400 44 1.200000 0.096000 0.122000 1400 38 1.000000 0.835000 0.885000 600 40 0.900000 0.071000 0.070000 1.200000 0.013000 0.015000
1495863833921608204	1400 44 1.200000 0.100000 0.127000 1400 38 1.000000 0.848000 0.897000 600 40 0.900000 0.071000 0.070000 1.200000 0.016000 0.019000
1495863834431194880	1400 43 1.200000 0.098000 0.124000 1400 38 1.000000 0.842000 0.890000 600 40 0.900000 0.071000 0.070000 1.200000 0.015000 0.018000
1495863834940606974	1400 43 1.200000 0.099000 0.126000 1400 38 1.000000 0.844000 0.892000 600 40 0.900000 0.071000 0.070000 1.200000 0.014000 0.016000
1495863835450090317	1400 44 1.200000 0.100000 0.127000 1400 38 1.000000 0.846000 0.896000 600 40 0.900000 0.071000 0.070000 1.200000 0.014000 0.016000
1495863835959634201	1400 44 1.200000 0.103000 0.131000 1400 38 1.000000 0.844000 0.892000 600 40 0.900000 0.071000 0.070000 1.200000 0.013000 0.015000
1495863836470818709	1400 43 1.200000 0.104000 0.132000 1400 38 1.000000 0.846000 0.895000 600 40 0.900000 0.071000 0.070000 1.200000 0.013000 0.015000
1495863836980950259	1400 43 1.200000 0.198000 0.249000 1400 38 1.000000 0.832000 0.880000 600 40 0.900000 0.071000 0.070000 1.200000 0.044000 0.053000
1495863837490624060	1400 44 1.200000 0.105000 0.133000 1400 38 1.000000 0.842000 0.890000 600 40 0.900000 0.071000 0.070000 1.200000 0.021000 0.025000
1495863838000682569	1400 43 1.200000 0.107000 0.136000 1400 38 1.000000 0.842000 0.890000 600 40 0.900000 0.071000 0.070000 1.200000 0.024000 0.029000
1495863838510338162	1400 43 1.200000 0.102000 0.129000 1400 38 1.000000 0.845000 0.894000 600 40 0.900000 0.071000 0.070000 1.200000 0.012000 0.014000
1495863839019780797	1400 44 1.200000 0.096000 0.122000 1400 38 1.000000 0.842000 0.892000 600 40 0.900000 0.071000 0.070000 1.200000 0.019000 0.023000
1495863839529185223	1400 44 1.200000 0.095000 0.121000 1400 38 1.000000 0.838000 0.886000 600 40 0.900000 0.071000 0.070000 1.200000 0.013000 0.015000
1495863840038560775	1400 44 1.200000 0.097000 0.123000 1400 38 1.000000 0.823000 0.872000 600 40 0.900000 0.071000 0.070000 1.200000 0.014000 0.016000
1495863840547962326	1400 44 1.200000 0.099000 0.126000 1400 38 1.000000 0.825000 0.872000 600 40 0.900000 0.071000 0.070000 1.200000 0.016000 0.019000
1495863841057380628	1400 44 1.200000 0.102000 0.129000 1400 38 1.000000 0.842000 0.890000 600 40 0.900000 0.071000 0.070000 1.200000 0.015000 0.018000
1495863841566701763	1400 44 1.200000 0.103000 0.131000 1400 38 1.000000 0.836000 0.884000 600 40 0.900000 0.071000 0.070000 1.200000 0.015000 0.018000
1495863842076433980	1400 44 1.200000 0.118000 0.149000 1400 38 1.000000 0.835000 0.883000 600 40 0.900000 0.071000 0.070000 1.200000 0.020000 0.024000
1495863842585945865	1400 43 1.200000 0.096000 0.122000 1400 38 1.000000 0.842000 0.890000 600 40 0.900000 0.071000 0.070000 1.200000 0.015000 0.018000
1495863843095319208	1400 44 1.200000 0.096000 0.122000 1400 38 1.000000 0.848000 0.897000 600 40 0.900000 0.071000 0.070000 1.200000 0.015000 0.018000
1495863843604726176	1400 43 1.200000 0.096000 0.122000 1400 38 1.000000 0.842000 0.892000 600 40 0.900000 0.071000 0.070000 1.200000 0.016000 0.019000
1495863844114164894	1400 44 1.200000 0.096000 0.122000 1400 38 1.000000 0.839000 0.887000 600 40 0.900000 0.071000 0.070000 1.200000 0.017000 0.020000
1495863844623456904	1400 44 1.200000 0.097000 0.123000 1400 38 1.000000 0.839000 0.887000 600 40 0.900000 0.071000 0.070000 1.200000 0.014000 0.016000
1495863845132846331	1400 43 1.200000 0.102000 0.129000 1400 38 1.000000 0.836000 0.886000 600 40 0.900000 0.071000 0.070000 1.200000 0.012000 0.014000
1495863845642223466	1400 44 1.200000 0.099000 0.126000 1400 38 1.000000 0.847000 0.896000 600 40 0.900000 0.071000 0.070000 1.200000 0.013000 0.015000
1495863846151613059	1400 43 1.200000 0.099000 0.125000 1400 38 1.000000 0.840000 0.890000 600 40 0.900000 0.071000 0.070000 1.200000 0.014000 0.016000
1495863846661245235	1400 44 1.200000 0.099000 0.126000 1400 38 1.000000 0.844000 0.894000 600 40 0.900000 0.071000 0.070000 1.200000 0.014000 0.016000
1495863847170984953	1400 44 1.200000 0.102000 0.129000 1400 38 1.000000 0.837000 0.887000 600 40 0.900000 0.071000 0.070000 1.200000 0.016000 0.019000
1495863847680456962	1400 43 1.200000 0.104000 0.132000 1400 38 1.000000 0.834000 0.884000 600 40 0.900000 0.071000 0.070000 1.200000 0.015000 0.018000
1495863848189842222	1400 43 1.200000 0.101000 0.128000 1400 38 1.000000 0.846000 0.895000 600 40 0.900000 0.071000 0.070000 1.200000 0.015000 0.018000
1495863848699347607	1400 44 1.200000 0.098000 0.124000 1400 38 1.000000 0.832000 0.880000 600 40 0.900000 0.071000 0.070000 1.200000 0.014000 0.017000
1495863849209310699	1400 44 1.200000 0.097000 0.123000 1400 38 1.000000 0.838000 0.886000 600 40 0.900000 0.071000 0.070000 1.200000 0.013000 0.015000
1495863849718697251	1400 43 1.200000 0.101000 0.128000 1400 38 1.000000 0.827000 0.874000 600 40 0.900000 0.071000 0.070000 1.200000 0.012000 0.014000
1495863850228176552	1400 43 1.200000 0.102000 0.129000 1400 38 1.000000 0.841000 0.889000 600 40 0.900000 0.071000 0.070000 1.200000 0.014000 0.016000
1495863850737617729	1400 43 1.200000 0.102000 0.129000 1400 38 1.000000 0.838000 0.888000 600 40 0.900000 0.071000 0.070000 1.200000 0.016000 0.019000
1495863851246815614	1400 42 1.200000 0.109000 0.138000 1400 38 1.000000 0.703000 0.745000 600 40 0.900000 0.071000 0.070000 1.200000 0.023000 0.027000
1495863851756734414	1400 42 1.200000 0.101000 0.128000 1400 38 1.000000 0.777000 0.822000 600 40 0.900000 0.071000 0.070000 1.200000 0.027000 0.032000
1495863852266919006	1400 43 1.200000 0.100000 0.127000 1400 38 1.000000 0.776000 0.821000 600 40 0.900000 0.071000 0.070000 1.200000 0.013000 0.015000
1495863852776686391	1400 43 1.200000 0.098000 0.124000 1400 37 1.000000 0.777000 0.822000 600 40 0.900000 0.071000 0.070000 1.200000 0.010000 0.012000
1495863853286091734	1400 43 1.200000 0.100000 0.127000 1400 38 1.000000 0.781000 0.826000 600 40 0.900000 0.071000 0.070000 1.200000 0.018000 0.021000
1495863853795910535	1400 45 1.200000 0.097000 0.123000 1400 38 1.000000 0.834000 0.882000 600 40 0.900000 0.071000 0.070000 1.200000 0.039000 0.047000
1495863854305185836	1400 43 1.200000 0.097000 0.123000 1400 38 1.000000 0.795000 0.841000 600 40 0.900000 0.071000 0.070000 1.200000 0.070000 0.085000
1495863854814853679	1400 42 1.200000 0.099000 0.125000 1400 38 1.000000 0.818000 0.865000 600 40 0.900000 0.071000 0.070000 1.200000 0.051000 0.062000
1495863855324117523	1400 42 1.200000 0.100000 0.127000 1400 38 1.000000 0.737000 0.779000 600 40 0.900000 0.071000 0.070000 1.200000 0.050000 0.060000
1495863855833321949	1400 43 1.200000 0.094000 0.119000 1400 38 1.000000 0.791000 0.836000 600 40 0.900000 0.071000 0.070000 1.200000 0.048000 0.058000
1495863856342509459	1400 42 1.200000 0.104000 0.132000 1400 38 1.000000 0.778000 0.823000 600 40 0.900000 0.071000 0.070000 1.200000 0.046000 0.055000
1495863856851707011	1400 42 1.200000 0.103000 0.131000 1400 38 1.000000 0.772000 0.816000 600 40 0.900000 0.071000 0.070000 1.200000 0.053000 0.064000
1495863857360925688	1400 42 1.200000 0.100000 0.127000 1400 38 1.000000 0.737000 0.779000 600 40 0.900000 0.071000 0.070000 1.200000 0.038000 0.046000
1495863857870087823	1400 42 1.200000 0.096000 0.122000 1400 38 1.000000 0.738000 0.780000 600 40 0.900000 0.071000 0.070000 1.200000 0.036000 0.043000
1495863858379293875	1400 42 1.200000 0.097000 0.123000 1400 38 1.000000 0.738000 0.780000 600 40 0.900000 0.071000 0.070000 1.200000 0.040000 0.048000
1495863858888391885	1400 43 1.200000 0.103000 0.131000 1400 38 1.000000 0.743000 0.786000 600 40 0.900000 0.071000 0.070000 1.200000 0.053000 0.064000
1495863859397656187	1400 45 1.200000 0.102000 0.129000 1400 38 1.000000 0.818000 0.865000 600 40 0.900000 0.071000 0.070000 1.200000 0.036000 0.043000
1495863859906894613	1400 44 1.200000 0.102000 0.129000 1400 38 1.000000 1.274000 1.351000 600 41 0.900000 0.071000 0.070000 1.200000 0.010000 0.012000
1495863860416751039	1400 43 1.200000 0.096000 0.122000 1400 38 1.000000 0.821000 0.868000 600 40 0.900000 0.071000 0.070000 1.200000 0.038000 0.046000
1495863860926186007	1400 44 1.200000 0.101000 0.128000 1400 38 1.000000 0.848000 0.897000 600 40 0.900000 0.071000 0.070000 1.200000 0.045000 0.054000
1495863861435310684	1400 44 1.200000 0.097000 0.123000 1400 38 1.000000 0.918000 0.973000 600 40 0.900000 0.071000 0.070000 1.200000 0.044000 0.053000
1495863861944622236	1400 44 1.200000 0.100000 0.127000 1400 38 1.000000 0.914000 0.967000 600 40 0.900000 0.071000 0.070000 1.200000 0.043000 0.052000
1495863862453823913	1400 44 1.200000 0.103000 0.131000 1400 38 1.000000 0.911000 0.965000 600 40 0.900000 0.071000 0.070000 1.200000 0.044000 0.053000
1495863862963097339	1400 44 1.200000 0.104000 0.132000 1400 38 1.000000 0.906000 0.960000 600 40 0.900000 0.071000 0.070000 1.200000 0.043000 0.052000
1495863863472291808	1400 44 1.200000 0.102000 0.129000 1400 38 1.000000 0.924000 0.979000 600 40 0.900000 0.071000 0.070000 1.200000 0.042000 0.051000
1495863863981547943	1400 44 1.200000 0.100000 0.127000 1400 38 1.000000 0.898000 0.951000 600 40 0.900000 0.072000 0.071000 1.200000 0.042000 0.051000
1495863864490719286	1400 44 1.200000 0.097000 0.123000 1400 38 1.000000 0.894000 0.945000 600 40 0.900000 0.071000 0.070000 1.200000 0.043000 0.052000
1495863865000022921	1400 44 1.200000 0.097000 0.123000 1400 38 1.000000 0.891000 0.944000 600 40 0.900000 0.071000 0.070000 1.200000 0.043000 0.052000
1495863865509161265	1400 44 1.200000 0.095000 0.120000 1400 38 1.000000 0.887000 0.940000 600 40 0.900000 0.071000 0.070000 1.200000 0.043000 0.052000
1495863866018425733	1400 43 1.200000 0.096000 0.122000 1400 38 1.000000 0.857000 0.908000 600 40 0.900000 0.071000 0.070000 1.200000 0.057000 0.069000
1495863866527790868	1400 43 1.200000 0.099000 0.126000 1400 38 1.000000 0.758000 0.801000 600 40 0.900000 0.071000 0.070000 1.200000 0.089000 0.108000
1495863867037171086	1400 43 1.200000 0.099000 0.126000 1400 38 1.000000 0.754000 0.797000 600 40 0.900000 0.071000 0.070000 1.200000 0.089000 0.108000
1495863867546469846	1400 42 1.200000 0.101000 0.128000 1400 38 1.000000 0.757000 0.800000 600 40 0.900000 0.071000 0.070000 1.200000 0.086000 0.104000
1495863868055701356	1400 43 1.200000 0.101000 0.128000 1400 38 1.000000 0.753000 0.796000 600 40 0.900000 0.071000 0.070000 1.200000 0.084000 0.102000
1495863868564988283	1400 43 1.200000 0.104000 0.132000 1400 38 1.000000 0.749000 0.792000 600 40 0.900000 0.071000 0.070000 1.200000 0.084000 0.102000
1495863869074359251	1400 43 1.200000 0.105000 0.133000 1400 38 1.000000 0.752000 0.795000 600 40 0.900000 0.071000 0.070000 1.200000 0.088000 0.107000
1495863869583543094	1400 42 1.200000 0.106000 0.134000 1400 38 1.000000 0.758000 0.801000 600 40 0.900000 0.071000 0.070000 1.200000 0.085000 0.103000
1495863870092856438	1400 43 1.200000 0.104000 0.132000 1400 38 1.000000 0.749000 0.792000 600 40 0.900000 0.071000 0.070000 1.200000 0.085000 0.103000
1495863870602126156	1400 43 1.200000 0.101000 0.128000 1400 38 1.000000 0.752000 0.795000 600 40 0.900000 0.071000 0.070000 1.200000 0.087000 0.105000
1495863871111427958	1400 43 1.200000 0.099000 0.125000 1400 38 1.000000 0.750000 0.793000 600 40 0.900000 0.071000 0.070000 1.200000 0.086000 0.104000
1495863871620689343	1400 43 1.200000 0.103000 0.131000 1400 38 1.000000 0.749000 0.792000 600 40 0.900000 0.071000 0.070000 1.200000 0.086000 0.104000
1495863872130178436	1400 42 1.200000 0.107000 0.136000 1400 38 1.000000 0.750000 0.793000 600 40 0.900000 0.071000 0.070000 1.200000 0.085000 0.103000
1495863872639377154	1400 43 1.200000 0.106000 0.134000 1400 38 1.000000 0.746000 0.789000 600 40 0.900000 0.071000 0.070000 1.200000 0.085000 0.103000
1495863873148734164	1400 43 1.200000 0.103000 0.131000 1400 38 1.000000 0.755000 0.798000 600 40 0.900000 0.071000 0.070000 1.200000 0.086000 0.104000
1495863873658011841	1400 42 1.200000 0.099000 0.126000 1400 38 1.000000 0.749000 0.792000 600 40 0.900000 0.071000 0.070000 1.200000 0.088000 0.107000
1495863874167309350	1400 42 1.200000 0.100000 0.127000 1400 38 1.000000 0.753000 0.796000 600 40 0.900000 0.071000 0.070000 1.200000 0.086000 0.104000
1495863874676821568	1400 42 1.200000 0.098000 0.124000 1400 38 1.000000 0.748000 0.791000 600 40 0.900000 0.071000 0.070000 1.200000 0.085000 0.103000
1495863875186152120	1400 43 1.200000 0.098000 0.124000 1400 38 1.000000 0.751000 0.794000 600 40 0.900000 0.071000 0.070000 1.200000 0.086000 0.104000
1495863875695402255	1400 42 1.200000 0.099000 0.126000 1400 38 1.000000 0.750000 0.793000 600 40 0.900000 0.071000 0.070000 1.200000 0.087000 0.105000
1495863876204627973	1400 43 1.200000 0.099000 0.126000 1400 38 1.000000 0.752000 0.795000 600 40 0.900000 0.071000 0.070000 1.200000 0.086000 0.104000
1495863876713868609	1400 42 1.200000 0.102000 0.129000 1400 38 1.000000 0.749000 0.792000 600 40 0.900000 0.071000 0.070000 1.200000 0.089000 0.108000
1495863877223254368	1400 42 1.200000 0.101000 0.128000 1400 38 1.000000 0.744000 0.787000 600 40 0.900000 0.071000 0.070000 1.200000 0.084000 0.102000
1495863877732644670	1400 42 1.200000 0.102000 0.129000 1400 38 1.000000 0.754000 0.797000 600 40 0.900000 0.071000 0.070000 1.200000 0.084000 0.102000
1495863878241872430	1400 42 1.200000 0.098000 0.124000 1400 38 1.000000 0.761000 0.805000 600 40 0.900000 0.071000 0.070000 1.200000 0.086000 0.104000
1495863878751189398	1400 44 1.200000 0.106000 0.134000 1400 38 1.000000 0.854000 0.905000 600 40 0.900000 0.071000 0.070000 1.200000 0.057000 0.069000
1495863879260337908	1400 44 1.200000 0.104000 0.132000 1400 38 1.000000 0.899000 0.952000 600 40 0.900000 0.071000 0.070000 1.200000 0.042000 0.051000
1495863879769550918	1400 44 1.200000 0.101000 0.128000 1400 38 1.000000 0.895000 0.948000 600 40 0.900000 0.071000 0.070000 1.200000 0.042000 0.051000
1495863880278758720	1400 44 1.200000 0.097000 0.123000 1400 38 1.000000 0.891000 0.944000 600 40 0.900000 0.071000 0.070000 1.200000 0.042000 0.051000
1495863880788020438	1400 44 1.200000 0.097000 0.123000 1400 38 1.000000 0.891000 0.944000 600 40 0.900000 0.071000 0.070000 1.200000 0.042000 0.051000
1495863881297287907	1400 44 1.200000 0.101000 0.128000 1400 38 1.000000 0.882000 0.934000 600 40 0.900000 0.071000 0.070000 1.200000 0.051000 0.061000
1495863881807046833	1400 43 1.200000 0.109000 0.138000 1400 38 1.000000 0.883000 0.935000 600 40 0.900000 0.072000 0.071000 1.200000 0.044000 0.053000
1495863882317250758	1400 43 1.200000 0.114000 0.144000 1400 38 1.000000 0.501000 0.533000 600 40 0.900000 0.071000 0.070000 1.200000 0.053000 0.064000
1495863882827430434	1400 43 1.200000 0.100000 0.127000 1400 38 1.000000 0.777000 0.822000 600 40 0.900000 0.071000 0.070000 1.200000 0.010000 0.012000
1495863883337325568	1400 43 1.200000 0.101000 0.128000 1400 38 1.000000 0.775000 0.819000 600 40 0.900000 0.071000 0.070000 1.200000 0.012000 0.014000
1495863883847509285	1400 43 1.200000 0.102000 0.129000 1400 38 1.000000 0.777000 0.822000 600 40 0.900000 0.071000 0.070000 1.200000 0.009000 0.010000
1495863884356651045	1400 42 1.200000 0.106000 0.134000 1400 38 1.000000 0.780000 0.825000 600 40 0.900000 0.071000 0.070000 1.200000 0.010000 0.012000
1495863884865706930	1400 41 1.200000 0.103000 0.131000 1400 37 1.000000 0.653000 0.690000 600 40 0.900000 0.070000 0.069000 1.200000 0.013000 0.015000
1495863885374873315	1400 41 1.200000 0.101000 0.128000 1400 37 1.000000 0.653000 0.690000 600 40 0.900000 0.070000 0.069000 1.200000 0.013000 0.015000
1495863885884074034	1400 41 1.200000 0.097000 0.123000 1400 37 1.000000 0.654000 0.691000 600 39 0.900000 0.070000 0.069000 1.200000 0.014000 0.016000
1495863886393226752	1400 41 1.200000 0.096000 0.122000 1400 37 1.000000 0.654000 0.691000 600 39 0.900000 0.070000 0.069000 1.200000 0.015000 0.018000
1495863886902496429	1400 41 1.200000 0.096000 0.122000 1400 37 1.000000 0.654000 0.691000 600 39 0.900000 0.070000 0.069000 1.200000 0.016000 0.019000
1495863887411777189	1400 41 1.200000 0.095000 0.121000 1400 37 1.000000 0.654000 0.691000 600 39 0.900000 0.070000 0.069000 1.200000 0.015000 0.018000
1495863887920996907	1400 41 1.200000 0.094000 0.119000 1400 37 1.000000 0.654000 0.691000 600 39 0.900000 0.070000 0.069000 1.200000 0.015000 0.018000
1495863888430215667	1400 41 1.200000 0.094000 0.119000 1400 37 1.000000 0.654000 0.691000 600 39 0.900000 0.070000 0.069000 1.200000 0.014000 0.016000
1495863888939391844	1400 41 1.200000 0.095000 0.120000 1400 37 1.000000 0.654000 0.691000 600 39 0.900000 0.070000 0.069000 1.200000 0.013000 0.015000
1495863889448639771	1400 41 1.200000 0.094000 0.119000 1400 37 1.000000 0.654000 0.691000 600 39 0.900000 0.070000 0.069000 1.200000 0.013000 0.015000
1495863889957797698	1400 41 1.200000 0.096000 0.122000 1400 37 1.000000 0.654000 0.691000 600 39 0.900000 0.070000 0.069000 1.200000 0.013000 0.015000
1495863890466994958	1400 41 1.200000 0.098000 0.124000 1400 37 1.000000 0.654000 0.691000 600 39 0.900000 0.070000 0.069000 1.200000 0.013000 0.015000
1495863890976258343	1400 41 1.200000 0.094000 0.119000 1400 37 1.000000 0.653000 0.690000 600 39 0.900000 0.070000 0.069000 1.200000 0.013000 0.015000
1495863891485423811	1400 41 1.200000 0.100000 0.127000 1400 37 1.000000 0.654000 0.691000 600 39 0.900000 0.070000 0.069000 1.200000 0.014000 0.016000
1495863891994546071	1400 41 1.200000 0.100000 0.127000 1400 37 1.000000 0.653000 0.690000 600 39 0.900000 0.070000 0.069000 1.200000 0.014000 0.016000
1495863892503677165	1400 41 1.200000 0.098000 0.124000 1400 37 1.000000 0.654000 0.691000 600 39 0.900000 0.070000 0.069000 1.200000 0.013000 0.015000
1495863893012914467	1400 43 1.200000 0.095000 0.120000 1400 37 1.000000 0.748000 0.791000 600 39 0.900000 0.070000 0.069000 1.200000 0.019000 0.023000
1495863893522098977	1400 44 1.200000 0.097000 0.123000 1400 37 1.000000 0.914000 0.968000 600 39 0.900000 0.070000 0.069000 1.200000 0.031000 0.037000
1495863894031772403	1400 42 1.200000 0.101000 0.128000 1400 37 1.000000 0.915000 0.969000 600 40 0.900000 0.070000 0.069000 1.200000 0.032000 0.038000
1495863894541581537	1400 42 1.200000 0.104000 0.132000 1400 37 1.000000 0.728000 0.770000 600 40 0.900000 0.070000 0.069000 1.200000 0.047000 0.057000
1495863895050960172	1400 43 1.200000 0.103000 0.131000 1400 37 1.000000 0.772000 0.818000 600 40 0.900000 0.070000 0.069000 1.200000 0.059000 0.071000
1495863895560079849	1400 44 1.200000 0.095000 0.120000 1400 38 1.000000 0.882000 0.934000 600 40 0.900000 0.071000 0.070000 1.200000 0.029000 0.035000
1495863896069347776	1400 44 1.200000 0.096000 0.122000 1400 38 1.000000 0.950000 1.007000 600 40 0.900000 0.071000 0.070000 1.200000 0.004000 0.004000
1495863896578369703	1400 44 1.200000 0.096000 0.122000 1400 38 1.000000 0.959000 1.016000 600 40 0.900000 0.071000 0.070000 1.200000 0.004000 0.004000
1495863897087500046	1400 44 1.200000 0.095000 0.120000 1400 38 1.000000 0.958000 1.015000 600 40 0.900000 0.071000 0.070000 1.200000 0.004000 0.004000
1495863897596671848	1400 45 1.200000 0.094000 0.119000 1400 38 1.000000 0.931000 0.986000 600 40 0.900000 0.071000 0.070000 1.200000 0.009000 0.010000
1495863898105954733	1400 45 1.200000 0.096000 0.122000 1400 38 1.000000 0.938000 0.994000 600 40 0.900000 0.071000 0.070000 1.200000 0.007000 0.008000
1495863898615192785	1400 45 1.200000 0.099000 0.126000 1400 38 1.000000 0.959000 1.016000 600 40 0.900000 0.071000 0.070000 1.200000 0.006000 0.007000
1495863899124546169	1400 45 1.200000 0.098000 0.124000 1400 38 1.000000 0.954000 1.011000 600 40 0.900000 0.071000 0.070000 1.200000 0.004000 0.004000
1495863899633675305	1400 45 1.200000 0.098000 0.124000 1400 38 1.000000 0.956000 1.013000 600 40 0.900000 0.071000 0.070000 1.200000 0.004000 0.004000
1495863900142813315	1400 45 1.200000 0.096000 0.122000 1400 38 1.000000 0.956000 1.013000 600 40 0.900000 0.071000 0.070000 1.200000 0.007000 0.008000
1495863900651924075	1400 45 1.200000 0.095000 0.120000 1400 38 1.000000 0.959000 1.016000 600 40 0.900000 0.071000 0.070000 1.200000 0.004000 0.004000
1495863901161142002	1400 45 1.200000 0.104000 0.132000 1400 38 1.000000 0.959000 1.016000 600 40 0.900000 0.071000 0.070000 1.200000 0.004000 0.004000
1495863901670231512	1400 45 1.200000 0.102000 0.129000 1400 38 1.000000 0.956000 1.013000 600 40 0.900000 0.071000 0.070000 1.200000 0.003000 0.003000
1495863902179478397	1400 45 1.200000 0.100000 0.127000 1400 38 1.000000 0.955000 1.012000 600 40 0.900000 0.071000 0.070000 1.200000 0.003000 0.003000
1495863902688619782	1400 45 1.200000 0.096000 0.122000 1400 38 1.000000 0.957000 1.014000 600 40 0.900000 0.071000 0.070000 1.200000 0.003000 0.003000
1495863903197818626	1400 45 1.200000 0.097000 0.123000 1400 38 1.000000 0.959000 1.016000 600 40 0.900000 0.071000 0.070000 1.200000 0.003000 0.003000
1495863903706979177	1400 45 1.200000 0.101000 0.128000 1400 38 1.000000 0.957000 1.014000 600 40 0.900000 0.071000 0.070000 1.200000 0.003000 0.003000
1495863904216232396	1400 45 1.200000 0.102000 0.129000 1400 38 1.000000 0.957000 1.014000 600 40 0.900000 0.071000 0.070000 1.200000 0.003000 0.003000
1495863904725416073	1400 45 1.200000 0.095000 0.120000 1400 38 1.000000 0.952000 1.009000 600 40 0.900000 0.071000 0.070000 1.200000 0.006000 0.007000
1495863905234547249	1400 45 1.200000 0.094000 0.119000 1400 38 1.000000 0.957000 1.014000 600 40 0.900000 0.071000 0.070000 1.200000 0.005000 0.006000
1495863905743948051	1400 45 1.200000 0.098000 0.124000 1400 38 1.000000 0.957000 1.014000 600 40 0.900000 0.071000 0.070000 1.200000 0.003000 0.003000
1495863906253157394	1400 45 1.200000 0.096000 0.122000 1400 38 1.000000 0.956000 1.013000 600 40 0.900000 0.071000 0.070000 1.200000 0.005000 0.006000
1495863906762395404	1400 45 1.200000 0.098000 0.124000 1400 38 1.000000 0.945000 1.001000 600 40 0.900000 0.071000 0.070000 1.200000 0.008000 0.009000
1495863907271759748	1400 45 1.200000 0.103000 0.131000 1400 38 1.000000 0.953000 1.010000 600 40 0.900000 0.071000 0.070000 1.200000 0.005000 0.006000
1495863907781092591	1400 45 1.200000 0.103000 0.131000 1400 38 1.000000 0.956000 1.013000 600 40 0.900000 0.071000 0.070000 1.200000 0.003000 0.003000
1495863908290258226	1400 45 1.200000 0.101000 0.128000 1400 38 1.000000 0.954000 1.011000 600 40 0.900000 0.071000 0.070000 1.200000 0.004000 0.004000
1495863908799455153	1400 45 1.200000 0.096000 0.122000 1400 38 1.000000 0.944000 1.000000 600 40 0.900000 0.071000 0.070000 1.200000 0.005000 0.006000
1495863909308539830	1400 45 1.200000 0.096000 0.122000 1400 38 1.000000 0.957000 1.014000 600 40 0.900000 0.071000 0.070000 1.200000 0.005000 0.006000
1495863909817734840	1400 45 1.200000 0.097000 0.123000 1400 38 1.000000 0.949000 1.005000 600 40 0.900000 0.071000 0.070000 1.200000 0.007000 0.008000
1495863910326923975	1400 45 1.200000 0.094000 0.119000 1400 38 1.000000 0.954000 1.011000 600 40 0.900000 0.071000 0.070000 1.200000 0.006000 0.007000
1495863910836167818	1400 44 1.200000 0.096000 0.122000 1400 38 1.000000 0.930000 0.985000 600 40 0.900000 0.071000 0.070000 1.200000 0.008000 0.009000
1495863911345343370	1400 43 1.200000 0.098000 0.124000 1400 38 1.000000 0.847000 0.897000 600 40 0.900000 0.071000 0.070000 1.200000 0.028000 0.034000
1495863911854593672	1400 43 1.200000 0.096000 0.122000 1400 38 1.000000 0.847000 0.897000 600 40 0.900000 0.071000 0.070000 1.200000 0.032000 0.038000
1495863912363937348	1400 43 1.200000 0.100000 0.127000 1400 38 1.000000 0.898000 0.951000 600 40 0.900000 0.071000 0.070000 1.200000 0.013000 0.015000
1495863912873294400	1400 44 1.200000 0.097000 0.123000 1400 38 1.000000 0.838000 0.888000 600 40 0.900000 0.071000 0.070000 1.200000 0.043000 0.052000
1495863913382534368	1400 44 1.200000 0.098000 0.124000 1400 38 1.000000 0.843000 0.893000 600 40 0.900000 0.071000 0.070000 1.200000 0.034000 0.041000
1495863913891767712	1400 44 1.200000 0.101000 0.128000 1400 38 1.000000 0.858000 0.909000 600 40 0.900000 0.071000 0.070000 1.200000 0.034000 0.041000
1495863914400991055	1400 44 1.200000 0.103000 0.131000 1400 38 1.000000 0.856000 0.905000 600 40 0.900000 0.071000 0.070000 1.200000 0.032000 0.038000
1495863914910666689	1400 42 1.200000 0.112000 0.142000 1400 38 1.000000 0.841000 0.891000 600 40 0.900000 0.071000 0.070000 1.200000 0.041000 0.049000
1495863915420563615	1400 43 1.200000 0.102000 0.129000 1400 38 1.000000 0.776000 0.821000 600 40 0.900000 0.071000 0.070000 1.200000 0.010000 0.012000
1495863915930696957	1400 42 1.200000 0.100000 0.127000 1400 38 1.000000 0.774000 0.818000 600 40 0.900000 0.071000 0.070000 1.200000 0.010000 0.012000
1495863916440405050	1400 43 1.200000 0.104000 0.132000 1400 38 1.000000 0.779000 0.824000 600 40 0.900000 0.070000 0.069000 1.200000 0.012000 0.014000
1495863916949764852	1400 44 1.200000 0.107000 0.136000 1400 38 1.000000 0.891000 0.944000 600 40 0.900000 0.071000 0.070000 1.200000 0.028000 0.034000
1495863917459128320	1400 44 1.200000 0.110000 0.140000 1400 38 1.000000 0.958000 1.015000 600 40 0.900000 0.071000 0.070000 1.200000 0.132000 0.161000
1495863917968405913	1400 44 1.200000 0.101000 0.128000 1400 38 1.000000 0.958000 1.015000 600 41 0.900000 0.071000 0.070000 1.200000 0.132000 0.161000
1495863918477771673	1400 44 1.200000 0.103000 0.131000 1400 39 1.000000 0.959000 1.016000 600 41 0.900000 0.071000 0.070000 1.200000 0.132000 0.161000
1495863918987129558	1400 45 1.200000 0.104000 0.132000 1400 39 1.000000 0.959000 1.016000 600 41 0.900000 0.071000 0.070000 1.200000 0.132000 0.161000
1495863919496436359	1400 45 1.200000 0.102000 0.129000 1400 39 1.000000 0.959000 1.016000 600 41 0.900000 0.072000 0.071000 1.200000 0.131000 0.159000
1495863920005690911	1400 45 1.200000 0.102000 0.129000 1400 39 1.000000 0.959000 1.016000 600 41 0.900000 0.072000 0.071000 1.200000 0.132000 0.161000
1495863920515128046	1400 45 1.200000 0.110000 0.140000 1400 39 1.000000 0.959000 1.016000 600 41 0.900000 0.072000 0.071000 1.200000 0.133000 0.161000
1495863921024568264	1400 45 1.200000 0.107000 0.136000 1400 39 1.000000 0.961000 1.018000 600 41 0.900000 0.072000 0.071000 1.200000 0.133000 0.161000
1495863921533891191	1400 45 1.200000 0.106000 0.134000 1400 39 1.000000 0.961000 1.018000 600 41 0.900000 0.072000 0.071000 1.200000 0.132000 0.160000
1495863922043175117	1400 45 1.200000 0.105000 0.133000 1400 39 1.000000 0.961000 1.018000 600 41 0.900000 0.072000 0.071000 1.200000 0.132000 0.160000
1495863922552527585	1400 45 1.200000 0.104000 0.132000 1400 39 1.000000 0.959000 1.016000 600 41 0.900000 0.072000 0.071000 1.200000 0.132000 0.161000
1495863923061924679	1400 45 1.200000 0.102000 0.129000 1400 39 1.000000 0.958000 1.015000 600 41 0.900000 0.072000 0.071000 1.200000 0.132000 0.161000
1495863923571333313	1400 45 1.200000 0.111000 0.141000 1400 39 1.000000 0.959000 1.016000 600 41 0.900000 0.072000 0.071000 1.200000 0.132000 0.161000
1495863924080631073	1400 45 1.200000 0.111000 0.141000 1400 39 1.000000 0.957000 1.014000 600 41 0.900000 0.072000 0.071000 1.200000 0.132000 0.160000
1495863924590030541	1400 45 1.200000 0.106000 0.134000 1400 39 1.000000 0.957000 1.014000 600 41 0.900000 0.072000 0.071000 1.200000 0.132000 0.161000
1495863925099335051	1400 45 1.200000 0.103000 0.131000 1400 39 1.000000 0.957000 1.014000 600 41 0.900000 0.072000 0.071000 1.200000 0.132000 0.161000
1495863925608650228	1400 45 1.200000 0.107000 0.136000 1400 39 1.000000 0.956000 1.013000 600 41 0.900000 0.072000 0.071000 1.200000 0.132000 0.161000
1495863926117986446	1400 45 1.200000 0.111000 0.141000 1400 39 1.000000 0.956000 1.013000 600 41 0.900000 0.072000 0.071000 1.200000 0.132000 0.161000
1495863926627373789	1400 45 1.200000 0.104000 0.132000 1400 40 1.000000 0.955000 1.012000 600 42 0.900000 0.072000 0.071000 1.200000 0.132000 0.161000
1495863927136758674	1400 45 1.200000 0.103000 0.131000 1400 40 1.000000 0.959000 1.016000 600 41 0.900000 0.072000 0.071000 1.200000 0.133000 0.161000
1495863927646228976	1400 45 1.200000 0.108000 0.137000 1400 40 1.000000 0.958000 1.015000 600 42 0.900000 0.072000 0.071000 1.200000 0.132000 0.160000
1495863928155523069	1400 45 1.200000 0.106000 0.134000 1400 40 1.000000 0.958000 1.015000 600 42 0.900000 0.072000 0.071000 1.200000 0.133000 0.161000
1495863928664869995	1400 45 1.200000 0.106000 0.134000 1400 40 1.000000 0.956000 1.013000 600 42 0.900000 0.072000 0.071000 1.200000 0.132000 0.160000
1495863929174157505	1400 45 1.200000 0.109000 0.138000 1400 40 1.000000 0.954000 1.011000 600 42 0.900000 0.072000 0.071000 1.200000 0.131000 0.159000
1495863929683538682	1400 45 1.200000 0.111000 0.141000 1400 40 1.000000 0.955000 1.012000 600 42 0.900000 0.072000 0.071000 1.200000 0.132000 0.161000
1495863930192983692	1400 45 1.200000 0.109000 0.138000 1400 40 1.000000 0.955000 1.012000 600 42 0.900000 0.072000 0.071000 1.200000 0.132000 0.161000
1495863930702367660	1400 45 1.200000 0.107000 0.136000 1400 40 1.000000 0.955000 1.012000 600 42 0.900000 0.072000 0.071000 1.200000 0.132000 0.161000
1495863931211812003	1400 45 1.200000 0.104000 0.132000 1400 40 1.000000 0.955000 1.012000 600 42 0.900000 0.072000 0.071000 1.200000 0.132000 0.161000
1495863931721297929	1400 45 1.200000 0.104000 0.132000 1400 40 1.000000 0.956000 1.013000 600 41 0.900000 0.072000 0.071000 1.200000 0.132000 0.161000
1495863932230587064	1400 45 1.200000 0.104000 0.132000 1400 40 1.000000 0.954000 1.011000 600 42 0.900000 0.072000 0.071000 1.200000 0.131000 0.159000
1495863932739987574	1400 45 1.200000 0.102000 0.129000 1400 39 1.000000 0.955000 1.012000 600 42 0.900000 0.072000 0.071000 1.200000 0.132000 0.160000
1495863933249289209	1400 45 1.200000 0.102000 0.129000 1400 40 1.000000 0.955000 1.012000 600 42 0.900000 0.072000 0.071000 1.200000 0.131000 0.159000
1495863933758568886	1400 45 1.200000 0.106000 0.134000 1400 40 1.000000 0.956000 1.013000 600 42 0.900000 0.072000 0.071000 1.200000 0.131000 0.159000
1495863934267935104	1400 45 1.200000 0.104000 0.132000 1400 40 1.000000 0.955000 1.012000 600 42 0.900000 0.072000 0.071000 1.200000 0.131000 0.159000
1495863934777289155	1400 45 1.200000 0.106000 0.134000 1400 40 1.000000 0.956000 1.013000 600 42 0.900000 0.072000 0.071000 1.200000 0.131000 0.159000
1495863935287264415	1400 44 1.200000 0.104000 0.132000 1400 39 1.000000 0.955000 1.012000 600 41 0.900000 0.072000 0.071000 1.200000 0.109000 0.132000
1495863935797050632	1400 44 1.200000 0.133000 0.169000 1400 39 1.000000 0.778000 0.823000 600 41 0.900000 0.072000 0.071000 1.200000 0.013000 0.015000
1495863936307093683	1400 44 1.200000 0.106000 0.134000 1400 39 1.000000 0.777000 0.822000 600 41 0.900000 0.072000 0.071000 1.200000 0.011000 0.013000
1495863936816731942	1400 44 1.200000 0.104000 0.132000 1400 38 1.000000 0.781000 0.826000 600 41 0.900000 0.072000 0.071000 1.200000 0.010000 0.012000
1495863937326145702	1400 43 1.200000 0.102000 0.129000 1400 38 1.000000 0.779000 0.825000 600 41 0.900000 0.072000 0.071000 1.200000 0.030000 0.036000
1495863937835357920	1400 44 1.200000 0.102000 0.129000 1400 39 1.000000 0.801000 0.849000 600 41 0.900000 0.071000 0.070000 1.200000 0.072000 0.087000
1495863938344556139	1400 44 1.200000 0.102000 0.129000 1400 39 1.000000 0.912000 0.966000 600 41 0.900000 0.072000 0.071000 1.200000 0.061000 0.074000
1495863938853756399	1400 44 1.200000 0.104000 0.132000 1400 38 1.000000 0.926000 0.981000 600 41 0.900000 0.072000 0.071000 1.200000 0.018000 0.021000
1495863939362951034	1400 44 1.200000 0.102000 0.129000 1400 39 1.000000 0.926000 0.981000 600 41 0.900000 0.071000 0.070000 1.200000 0.016000 0.019000
1495863939872099586	1400 44 1.200000 0.096000 0.122000 1400 38 1.000000 0.925000 0.980000 600 41 0.900000 0.072000 0.071000 1.200000 0.014000 0.016000
1495863940381310138	1400 44 1.200000 0.096000 0.122000 1400 38 1.000000 0.926000 0.981000 600 41 0.900000 0.071000 0.070000 1.200000 0.015000 0.018000
1495863940890559856	1400 44 1.200000 0.097000 0.123000 1400 39 1.000000 0.925000 0.980000 600 40 0.900000 0.071000 0.070000 1.200000 0.015000 0.018000
1495863941399733199	1400 44 1.200000 0.097000 0.123000 1400 38 1.000000 0.925000 0.980000 600 41 0.900000 0.071000 0.070000 1.200000 0.014000 0.016000
1495863941908856876	1400 44 1.200000 0.095000 0.120000 1400 38 1.000000 0.921000 0.976000 600 40 0.900000 0.071000 0.070000 1.200000 0.016000 0.019000
1495863942418334303	1400 44 1.200000 0.103000 0.131000 1400 38 1.000000 0.921000 0.976000 600 40 0.900000 0.071000 0.070000 1.200000 0.019000 0.023000
1495863942927614229	1400 44 1.200000 0.101000 0.128000 1400 39 1.000000 0.918000 0.973000 600 40 0.900000 0.071000 0.070000 1.200000 0.018000 0.021000
1495863943436822156	1400 44 1.200000 0.097000 0.123000 1400 38 1.000000 0.920000 0.975000 600 40 0.900000 0.071000 0.070000 1.200000 0.017000 0.020000
1495863943946109541	1400 44 1.200000 0.098000 0.124000 1400 38 1.000000 0.925000 0.980000 600 40 0.900000 0.071000 0.070000 1.200000 0.015000 0.018000
1495863944455332634	1400 44 1.200000 0.097000 0.123000 1400 38 1.000000 0.925000 0.980000 600 40 0.900000 0.071000 0.070000 1.200000 0.015000 0.018000
1495863944964554728	1400 44 1.200000 0.096000 0.122000 1400 38 1.000000 0.926000 0.981000 600 40 0.900000 0.071000 0.070000 1.200000 0.015000 0.018000
1495863945473618363	1400 44 1.200000 0.096000 0.122000 1400 38 1.000000 0.925000 0.980000 600 40 0.900000 0.071000 0.070000 1.200000 0.014000 0.016000
1495863945982814707	1400 44 1.200000 0.102000 0.129000 1400 38 1.000000 0.924000 0.979000 600 40 0.900000 0.071000 0.070000 1.200000 0.014000 0.016000
1495863946492114091	1400 44 1.200000 0.101000 0.128000 1400 38 1.000000 0.925000 0.980000 600 40 0.900000 0.072000 0.071000 1.200000 0.014000 0.016000
1495863947001354435	1400 44 1.200000 0.099000 0.125000 1400 38 1.000000 0.918000 0.973000 600 40 0.900000 0.071000 0.070000 1.200000 0.016000 0.019000
1495863947510614612	1400 44 1.200000 0.099000 0.125000 1400 38 1.000000 0.922000 0.977000 600 40 0.900000 0.071000 0.070000 1.200000 0.018000 0.021000
1495863948020082371	1400 43 1.200000 0.102000 0.129000 1400 38 1.000000 0.870000 0.922000 600 40 0.900000 0.071000 0.070000 1.200000 0.054000 0.065000
1495863948529338548	1400 44 1.200000 0.105000 0.133000 1400 38 1.000000 0.863000 0.914000 600 40 0.900000 0.072000 0.071000 1.200000 0.071000 0.086000
1495863949038441058	1400 44 1.200000 0.097000 0.123000 1400 38 1.000000 0.922000 0.977000 600 40 0.900000 0.071000 0.070000 1.200000 0.019000 0.023000
1495863949547770943	1400 44 1.200000 0.100000 0.127000 1400 38 1.000000 0.923000 0.978000 600 40 0.900000 0.071000 0.070000 1.200000 0.014000 0.016000
1495863950057085286	1400 44 1.200000 0.098000 0.124000 1400 38 1.000000 0.924000 0.979000 600 40 0.900000 0.071000 0.070000 1.200000 0.016000 0.019000
1495863950566304963	1400 44 1.200000 0.098000 0.124000 1400 38 1.000000 0.922000 0.977000 600 40 0.900000 0.071000 0.070000 1.200000 0.016000 0.019000
1495863951075509181	1400 44 1.200000 0.099000 0.126000 1400 38 1.000000 0.925000 0.980000 600 40 0.900000 0.071000 0.070000 1.200000 0.015000 0.018000
1495863951584764108	1400 44 1.200000 0.103000 0.131000 1400 38 1.000000 0.923000 0.978000 600 40 0.900000 0.071000 0.070000 1.200000 0.015000 0.018000
1495863952094043743	1400 44 1.200000 0.104000 0.132000 1400 38 1.000000 0.923000 0.978000 600 40 0.900000 0.072000 0.071000 1.200000 0.015000 0.018000
1495863952603219920	1400 44 1.200000 0.101000 0.128000 1400 38 1.000000 0.918000 0.973000 600 40 0.900000 0.071000 0.070000 1.200000 0.018000 0.021000
1495863953112468555	1400 44 1.200000 0.096000 0.122000 1400 38 1.000000 0.918000 0.973000 600 40 0.900000 0.072000 0.071000 1.200000 0.020000 0.024000
1495863953621671315	1400 44 1.200000 0.096000 0.122000 1400 38 1.000000 0.918000 0.973000 600 40 0.900000 0.071000 0.070000 1.200000 0.018000 0.021000
1495863954130962408	1400 44 1.200000 0.097000 0.123000 1400 38 1.000000 0.925000 0.980000 600 40 0.900000 0.071000 0.070000 1.200000 0.014000 0.016000
1495863954640095794	1400 44 1.200000 0.096000 0.122000 1400 38 1.000000 0.926000 0.981000 600 40 0.900000 0.071000 0.070000 1.200000 0.014000 0.016000
1495863955149392470	1400 44 1.200000 0.095000 0.120000 1400 38 1.000000 0.925000 0.980000 600 40 0.900000 0.071000 0.070000 1.200000 0.014000 0.016000
1495863955658598980	1400 44 1.200000 0.096000 0.122000 1400 38 1.000000 0.925000 0.980000 600 40 0.900000 0.071000 0.070000 1.200000 0.014000 0.016000
1495863956167771740	1400 44 1.200000 0.096000 0.122000 1400 38 1.000000 0.925000 0.980000 600 40 0.900000 0.071000 0.070000 1.200000 0.014000 0.016000
1495863956677073792	1400 44 1.200000 0.097000 0.123000 1400 38 1.000000 0.925000 0.980000 600 40 0.900000 0.071000 0.070000 1.200000 0.013000 0.015000
1495863957186362552	1400 44 1.200000 0.097000 0.123000 1400 38 1.000000 0.925000 0.980000 600 40 0.900000 0.071000 0.070000 1.200000 0.018000 0.021000
1495863957695710437	1400 44 1.200000 0.100000 0.127000 1400 38 1.000000 0.919000 0.974000 600 40 0.900000 0.071000 0.070000 1.200000 0.019000 0.023000
1495863958205119238	1400 43 1.200000 0.102000 0.129000 1400 38 1.000000 0.917000 0.972000 600 40 0.900000 0.071000 0.070000 1.200000 0.018000 0.021000
1495863958714405082	1400 44 1.200000 0.103000 0.131000 1400 38 1.000000 0.794000 0.840000 600 40 0.900000 0.071000 0.070000 1.200000 0.054000 0.065000
1495863959223536217	1400 44 1.200000 0.101000 0.128000 1400 38 1.000000 0.919000 0.974000 600 40 0.900000 0.071000 0.070000 1.200000 0.017000 0.020000
1495863959732813143	1400 44 1.200000 0.100000 0.127000 1400 38 1.000000 0.923000 0.978000 600 40 0.900000 0.071000 0.070000 1.200000 0.016000 0.019000
1495863960242041570	1400 44 1.200000 0.097000 0.123000 1400 38 1.000000 0.924000 0.979000 600 40 0.900000 0.071000 0.070000 1.200000 0.016000 0.019000
1495863960751356747	1400 44 1.200000 0.099000 0.126000 1400 38 1.000000 0.922000 0.977000 600 40 0.900000 0.071000 0.070000 1.200000 0.016000 0.019000
1495863961260520924	1400 44 1.200000 0.102000 0.129000 1400 38 1.000000 0.925000 0.980000 600 40 0.900000 0.071000 0.070000 1.200000 0.016000 0.019000
1495863961769850934	1400 44 1.200000 0.104000 0.132000 1400 38 1.000000 0.923000 0.978000 600 40 0.900000 0.071000 0.070000 1.200000 0.015000 0.018000
1495863962279001694	1400 44 1.200000 0.096000 0.122000 1400 38 1.000000 0.922000 0.977000 600 40 0.900000 0.071000 0.070000 1.200000 0.014000 0.016000
1495863962788233037	1400 44 1.200000 0.095000 0.120000 1400 38 1.000000 0.917000 0.972000 600 40 0.900000 0.071000 0.070000 1.200000 0.016000 0.019000
1495863963297519964	1400 44 1.200000 0.096000 0.122000 1400 38 1.000000 0.920000 0.975000 600 40 0.900000 0.071000 0.070000 1.200000 0.017000 0.020000
1495863963806726640	1400 44 1.200000 0.096000 0.122000 1400 38 1.000000 0.919000 0.974000 600 40 0.900000 0.071000 0.070000 1.200000 0.017000 0.020000
1495863964316302983	1400 44 1.200000 0.101000 0.128000 1400 38 1.000000 0.920000 0.975000 600 40 0.900000 0.071000 0.070000 1.200000 0.017000 0.020000
1495863964825491285	1400 44 1.200000 0.104000 0.132000 1400 38 1.000000 0.924000 0.979000 600 40 0.900000 0.071000 0.070000 1.200000 0.016000 0.019000
1495863965334640920	1400 44 1.200000 0.102000 0.129000 1400 38 1.000000 0.924000 0.979000 600 40 0.900000 0.071000 0.070000 1.200000 0.016000 0.019000
1495863965843748097	1400 44 1.200000 0.099000 0.126000 1400 38 1.000000 0.925000 0.980000 600 40 0.900000 0.071000 0.070000 1.200000 0.014000 0.016000
1495863966352871941	1400 44 1.200000 0.096000 0.122000 1400 38 1.000000 0.925000 0.980000 600 40 0.900000 0.071000 0.070000 1.200000 0.014000 0.016000
1495863966862085659	1400 44 1.200000 0.096000 0.122000 1400 38 1.000000 0.925000 0.980000 600 40 0.900000 0.071000 0.070000 1.200000 0.014000 0.016000
1495863967371504252	1400 44 1.200000 0.096000 0.122000 1400 38 1.000000 0.925000 0.980000 600 40 0.900000 0.071000 0.070000 1.200000 0.014000 0.016000
1495863967880777304	1400 44 1.200000 0.094000 0.119000 1400 38 1.000000 0.920000 0.975000 600 40 0.900000 0.070000 0.069000 1.200000 0.016000 0.019000
1495863968390116480	1400 44 1.200000 0.104000 0.132000 1400 38 1.000000 0.919000 0.974000 600 40 0.900000 0.071000 0.070000 1.200000 0.017000 0.020000
1495863968899488782	1400 43 1.200000 0.102000 0.129000 1400 38 1.000000 0.826000 0.875000 600 40 0.900000 0.071000 0.070000 1.200000 0.064000 0.077000
1495863969408670500	1400 44 1.200000 0.100000 0.127000 1400 38 1.000000 0.918000 0.973000 600 40 0.900000 0.071000 0.070000 1.200000 0.016000 0.019000
1495863969917965094	1400 44 1.200000 0.096000 0.122000 1400 38 1.000000 0.924000 0.979000 600 40 0.900000 0.071000 0.070000 1.200000 0.013000 0.015000
1495863970427234520	1400 44 1.200000 0.098000 0.124000 1400 38 1.000000 0.924000 0.979000 600 40 0.900000 0.071000 0.070000 1.200000 0.014000 0.016000
1495863970936536905	1400 44 1.200000 0.098000 0.124000 1400 38 1.000000 0.923000 0.978000 600 40 0.900000 0.071000 0.070000 1.200000 0.014000 0.016000
1495863971445956082	1400 44 1.200000 0.102000 0.129000 1400 38 1.000000 0.925000 0.980000 600 40 0.900000 0.071000 0.070000 1.200000 0.014000 0.016000
1495863971955118759	1400 44 1.200000 0.101000 0.128000 1400 38 1.000000 0.925000 0.980000 600 40 0.900000 0.071000 0.070000 1.200000 0.015000 0.018000
1495863972464344852	1400 44 1.200000 0.100000 0.127000 1400 38 1.000000 0.925000 0.980000 600 40 0.900000 0.071000 0.070000 1.200000 0.016000 0.019000
1495863972973553654	1400 44 1.200000 0.096000 0.122000 1400 38 1.000000 0.923000 0.978000 600 40 0.900000 0.071000 0.070000 1.200000 0.016000 0.019000
1495863973483175372	1400 44 1.200000 0.097000 0.123000 1400 38 1.000000 0.918000 0.973000 600 40 0.900000 0.071000 0.070000 1.200000 0.018000 0.021000
1495863973992264882	1400 44 1.200000 0.101000 0.128000 1400 38 1.000000 0.917000 0.972000 600 40 0.900000 0.071000 0.070000 1.200000 0.017000 0.020000
1495863974501430642	1400 44 1.200000 0.103000 0.131000 1400 38 1.000000 0.920000 0.975000 600 40 0.900000 0.071000 0.070000 1.200000 0.016000 0.019000
1495863975010568652	1400 44 1.200000 0.104000 0.132000 1400 38 1.000000 0.924000 0.979000 600 40 0.900000 0.071000 0.070000 1.200000 0.015000 0.018000
1495863975519665829	1400 44 1.200000 0.095000 0.120000 1400 38 1.000000 0.925000 0.980000 600 40 0.900000 0.071000 0.070000 1.200000 0.016000 0.019000
1495863976028827714	1400 44 1.200000 0.096000 0.122000 1400 38 1.000000 0.925000 0.980000 600 40 0.900000 0.071000 0.070000 1.200000 0.013000 0.015000
1495863976537971558	1400 44 1.200000 0.097000 0.123000 1400 38 1.000000 0.924000 0.979000 600 40 0.900000 0.071000 0.070000 1.200000 0.014000 0.016000
1495863977047131609	1400 44 1.200000 0.096000 0.122000 1400 38 1.000000 0.923000 0.976000 600 40 0.900000 0.071000 0.070000 1.200000 0.014000 0.016000
1495863977556373495	1400 44 1.200000 0.096000 0.122000 1400 38 1.000000 0.925000 0.980000 600 40 0.900000 0.071000 0.070000 1.200000 0.013000 0.015000
1495863978065464088	1400 44 1.200000 0.096000 0.122000 1400 38 1.000000 0.918000 0.973000 600 40 0.900000 0.071000 0.070000 1.200000 0.015000 0.018000
1495863978574568598	1400 44 1.200000 0.097000 0.123000 1400 38 1.000000 0.921000 0.974000 600 40 0.900000 0.071000 0.070000 1.200000 0.016000 0.019000
1495863979084144191	1400 41 1.200000 0.099000 0.126000 1400 38 1.000000 0.917000 0.972000 600 40 0.900000 0.071000 0.070000 1.200000 0.018000 0.021000
1495863979594198158	1400 43 1.200000 0.130000 0.164000 1400 38 1.000000 0.509000 0.542000 600 40 0.900000 0.071000 0.070000 1.200000 0.038000 0.046000
1495863980103778085	1400 43 1.200000 0.104000 0.132000 1400 38 1.000000 0.775000 0.819000 600 40 0.900000 0.071000 0.070000 1.200000 0.013000 0.015000
1495863980613877302	1400 43 1.200000 0.104000 0.132000 1400 38 1.000000 0.778000 0.823000 600 40 0.900000 0.071000 0.070000 1.200000 0.010000 0.012000
1495863981123220895	1400 42 1.200000 0.106000 0.134000 1400 38 1.000000 0.781000 0.826000 600 40 0.900000 0.071000 0.070000 1.200000 0.010000 0.012000
1495863981632441405	1400 42 1.200000 0.103000 0.131000 1400 38 1.000000 0.749000 0.792000 600 40 0.900000 0.071000 0.070000 1.200000 0.028000 0.034000
1495863982141819998	1400 43 1.200000 0.101000 0.128000 1400 38 1.000000 0.771000 0.815000 600 40 0.900000 0.071000 0.070000 1.200000 0.051000 0.062000
1495863982651176967	1400 44 1.200000 0.099000 0.126000 1400 38 1.000000 0.770000 0.816000 600 40 0.900000 0.071000 0.070000 1.200000 0.064000 0.077000
1495863983160334102	1400 44 1.200000 0.098000 0.124000 1400 38 1.000000 0.828000 0.877000 600 40 0.900000 0.071000 0.070000 1.200000 0.021000 0.025000
1495863983669502029	1400 43 1.200000 0.102000 0.129000 1400 38 1.000000 0.844000 0.894000 600 40 0.900000 0.071000 0.070000 1.200000 0.020000 0.024000
1495863984178636747	1400 43 1.200000 0.097000 0.123000 1400 38 1.000000 0.856000 0.905000 600 40 0.900000 0.071000 0.070000 1.200000 0.021000 0.025000
1495863984687871840	1400 43 1.200000 0.095000 0.120000 1400 38 1.000000 0.842000 0.892000 600 40 0.900000 0.071000 0.070000 1.200000 0.018000 0.021000
1495863985197117059	1400 43 1.200000 0.095000 0.121000 1400 38 1.000000 0.829000 0.877000 600 40 0.900000 0.071000 0.070000 1.200000 0.018000 0.021000
1495863985706352402	1400 44 1.200000 0.096000 0.122000 1400 38 1.000000 0.854000 0.905000 600 40 0.900000 0.070000 0.069000 1.200000 0.018000 0.021000
1495863986215622704	1400 44 1.200000 0.096000 0.122000 1400 38 1.000000 0.851000 0.900000 600 40 0.900000 0.071000 0.070000 1.200000 0.020000 0.024000
1495863986724847131	1400 45 1.200000 0.101000 0.128000 1400 38 1.000000 0.834000 0.884000 600 40 0.900000 0.071000 0.070000 1.200000 0.019000 0.023000
1495863987234040891	1400 42 1.200000 0.103000 0.131000 1400 38 1.000000 0.934000 0.990000 600 40 0.900000 0.071000 0.070000 1.200000 0.014000 0.016000
1495863987743249692	1400 43 1.200000 0.105000 0.133000 1400 38 1.000000 0.737000 0.779000 600 40 0.900000 0.071000 0.070000 1.200000 0.093000 0.113000
1495863988252439536	1400 44 1.200000 0.100000 0.127000 1400 38 1.000000 0.834000 0.884000 600 40 0.900000 0.071000 0.070000 1.200000 0.032000 0.038000
1495863988761693838	1400 44 1.200000 0.096000 0.122000 1400 38 1.000000 0.831000 0.880000 600 40 0.900000 0.071000 0.070000 1.200000 0.018000 0.021000
1495863989270742431	1400 43 1.200000 0.096000 0.122000 1400 38 1.000000 0.856000 0.905000 600 40 0.900000 0.071000 0.070000 1.200000 0.019000 0.023000
1495863989779998524	1400 43 1.200000 0.096000 0.122000 1400 38 1.000000 0.842000 0.890000 600 40 0.900000 0.071000 0.070000 1.200000 0.018000 0.021000
1495863990289092535	1400 44 1.200000 0.094000 0.119000 1400 38 1.000000 0.829000 0.878000 600 40 0.900000 0.071000 0.070000 1.200000 0.018000 0.021000
1495863990798291878	1400 44 1.200000 0.104000 0.132000 1400 38 1.000000 0.842000 0.890000 600 40 0.900000 0.071000 0.070000 1.200000 0.018000 0.021000
1495863991307455013	1400 43 1.200000 0.102000 0.129000 1400 38 1.000000 0.846000 0.896000 600 40 0.900000 0.071000 0.070000 1.200000 0.018000 0.021000
1495863991816718190	1400 45 1.200000 0.099000 0.126000 1400 38 1.000000 0.926000 0.981000 600 40 0.900000 0.071000 0.070000 1.200000 0.014000 0.017000
1495863992326038283	1400 43 1.200000 0.096000 0.122000 1400 38 1.000000 0.901000 0.955000 600 40 0.900000 0.071000 0.070000 1.200000 0.013000 0.015000
1495863992835187293	1400 43 1.200000 0.100000 0.127000 1400 38 1.000000 0.773000 0.817000 600 40 0.900000 0.071000 0.070000 1.200000 0.093000 0.113000
1495863993344389970	1400 43 1.200000 0.101000 0.128000 1400 38 1.000000 0.831000 0.880000 600 40 0.900000 0.071000 0.070000 1.200000 0.066000 0.080000
1495863993853502605	1400 44 1.200000 0.102000 0.129000 1400 38 1.000000 0.819000 0.868000 600 40 0.900000 0.071000 0.070000 1.200000 0.020000 0.024000
1495863994362692074	1400 44 1.200000 0.103000 0.131000 1400 38 1.000000 0.850000 0.899000 600 40 0.900000 0.071000 0.070000 1.200000 0.020000 0.024000
1495863994871911251	1400 43 1.200000 0.101000 0.128000 1400 38 1.000000 0.845000 0.895000 600 40 0.900000 0.071000 0.070000 1.200000 0.020000 0.024000
1495863995381199552	1400 43 1.200000 0.099000 0.125000 1400 38 1.000000 0.820000 0.867000 600 40 0.900000 0.071000 0.070000 1.200000 0.020000 0.024000
1495863995890409229	1400 44 1.200000 0.096000 0.122000 1400 38 1.000000 0.844000 0.894000 600 40 0.900000 0.071000 0.070000 1.200000 0.019000 0.023000
1495863996399551822	1400 44 1.200000 0.099000 0.125000 1400 38 1.000000 0.841000 0.891000 600 40 0.900000 0.071000 0.070000 1.200000 0.019000 0.023000
1495863996908694166	1400 45 1.200000 0.102000 0.129000 1400 38 1.000000 0.841000 0.891000 600 40 0.900000 0.071000 0.070000 1.200000 0.018000 0.021000
1495863997417892676	1400 44 1.200000 0.096000 0.122000 1400 38 1.000000 0.936000 0.992000 600 40 0.900000 0.071000 0.070000 1.200000 0.013000 0.015000
1495863997927150478	1400 43 1.200000 0.097000 0.123000 1400 38 1.000000 0.760000 0.805000 600 40 0.900000 0.071000 0.070000 1.200000 0.078000 0.095000
1495863998436321654	1400 44 1.200000 0.096000 0.122000 1400 38 1.000000 0.829000 0.878000 600 40 0.900000 0.071000 0.070000 1.200000 0.053000 0.064000
1495863998945637123	1400 44 1.200000 0.097000 0.123000 1400 38 1.000000 0.832000 0.881000 600 40 0.900000 0.071000 0.070000 1.200000 0.018000 0.021000
1495863999454850383	1400 44 1.200000 0.096000 0.122000 1400 38 1.000000 0.836000 0.886000 600 40 0.900000 0.071000 0.070000 1.200000 0.018000 0.021000
1495863999964002976	1400 43 1.200000 0.094000 0.119000 1400 38 1.000000 0.836000 0.886000 600 40 0.900000 0.071000 0.070000 1.200000 0.018000 0.021000
1495864000473106612	1400 44 1.200000 0.096000 0.122000 1400 38 1.000000 0.835000 0.885000 600 40 0.900000 0.071000 0.070000 1.200000 0.019000 0.023000
1495864000982321705	1400 44 1.200000 0.101000 0.128000 1400 38 1.000000 0.845000 0.894000 600 40 0.900000 0.071000 0.070000 1.200000 0.019000 0.023000
1495864001491658923	1400 43 1.200000 0.100000 0.127000 1400 38 1.000000 0.841000 0.891000 600 40 0.900000 0.071000 0.070000 1.200000 0.020000 0.024000
1495864002000766058	1400 45 1.200000 0.098000 0.124000 1400 38 1.000000 0.840000 0.888000 600 40 0.900000 0.071000 0.070000 1.200000 0.020000 0.024000
1495864002509984068	1400 45 1.200000 0.096000 0.122000 1400 38 1.000000 0.937000 0.993000 600 40 0.900000 0.071000 0.070000 1.200000 0.013000 0.015000
1495864003019102412	1400 43 1.200000 0.099000 0.126000 1400 38 1.000000 0.806000 0.854000 600 40 0.900000 0.071000 0.070000 1.200000 0.015000 0.018000
1495864003528178756	1400 44 1.200000 0.102000 0.129000 1400 38 1.000000 0.751000 0.796000 600 40 0.900000 0.071000 0.070000 1.200000 0.090000 0.109000
1495864004037274224	1400 43 1.200000 0.103000 0.131000 1400 38 1.000000 0.829000 0.878000 600 40 0.900000 0.071000 0.070000 1.200000 0.018000 0.021000
1495864004546423984	1400 44 1.200000 0.103000 0.131000 1400 38 1.000000 0.840000 0.890000 600 40 0.900000 0.071000 0.070000 1.200000 0.019000 0.023000
1495864005055609953	1400 44 1.200000 0.100000 0.127000 1400 38 1.000000 0.860000 0.909000 600 40 0.900000 0.071000 0.070000 1.200000 0.020000 0.024000
1495864005564681130	1400 43 1.200000 0.097000 0.123000 1400 38 1.000000 0.832000 0.881000 600 40 0.900000 0.071000 0.070000 1.200000 0.020000 0.024000
1495864006073864515	1400 43 1.200000 0.098000 0.124000 1400 38 1.000000 0.839000 0.889000 600 40 0.900000 0.071000 0.070000 1.200000 0.020000 0.024000
1495864006582982858	1400 44 1.200000 0.097000 0.123000 1400 38 1.000000 0.848000 0.897000 600 40 0.900000 0.071000 0.070000 1.200000 0.019000 0.023000
1495864007092098827	1400 43 1.200000 0.095000 0.120000 1400 38 1.000000 0.838000 0.888000 600 40 0.900000 0.071000 0.070000 1.200000 0.018000 0.021000
1495864007601426378	1400 45 1.200000 0.096000 0.122000 1400 38 1.000000 0.943000 0.999000 600 40 0.900000 0.071000 0.070000 1.200000 0.013000 0.015000
1495864008111132721	1400 42 1.200000 0.102000 0.129000 1400 38 1.000000 0.934000 0.990000 600 40 0.900000 0.071000 0.070000 1.200000 0.013000 0.015000
1495864008620940772	1400 42 1.200000 0.134000 0.169000 1400 38 1.000000 0.613000 0.650000 600 40 0.900000 0.071000 0.070000 1.200000 0.073000 0.088000
1495864009130725531	1400 42 1.200000 0.101000 0.128000 1400 38 1.000000 0.777000 0.822000 600 40 0.900000 0.071000 0.070000 1.200000 0.012000 0.014000
1495864009640639374	1400 42 1.200000 0.105000 0.133000 1400 38 1.000000 0.777000 0.823000 600 40 0.900000 0.071000 0.070000 1.200000 0.012000 0.014000
1495864010150933882	1400 43 1.200000 0.106000 0.134000 1400 38 1.000000 0.778000 0.823000 600 40 0.900000 0.071000 0.070000 1.200000 0.012000 0.014000
1495864010661021683	1400 43 1.200000 0.099000 0.126000 1400 38 1.000000 0.771000 0.815000 600 40 0.900000 0.070000 0.069000 1.200000 0.042000 0.051000
1495864011170990109	1400 43 1.200000 0.098000 0.124000 1400 38 1.000000 0.777000 0.822000 600 40 0.900000 0.071000 0.070000 1.200000 0.045000 0.054000
1495864011680975284	1400 43 1.200000 0.099000 0.126000 1400 38 1.000000 0.778000 0.823000 600 40 0.900000 0.071000 0.070000 1.200000 0.043000 0.052000
1495864012191320960	1400 41 1.200000 0.099000 0.126000 1400 37 1.000000 0.778000 0.823000 600 40 0.900000 0.071000 0.070000 1.200000 0.048000 0.058000
1495864012700754178	1400 44 1.200000 0.098000 0.124000 1400 38 1.000000 0.788000 0.835000 600 40 0.900000 0.071000 0.070000 1.200000 0.073000 0.089000
1495864013209840021	1400 45 1.200000 0.104000 0.132000 1400 38 1.000000 0.942000 0.998000 600 40 0.900000 0.071000 0.070000 1.200000 0.004000 0.004000
1495864013718852198	1400 45 1.200000 0.101000 0.128000 1400 38 1.000000 0.981000 1.039000 600 40 0.900000 0.071000 0.070000 1.200000 0.005000 0.006000
1495864014227761709	1400 45 1.200000 0.098000 0.124000 1400 38 1.000000 0.953000 1.010000 600 40 0.900000 0.071000 0.070000 1.200000 0.005000 0.006000
1495864014736850677	1400 45 1.200000 0.097000 0.123000 1400 38 1.000000 0.945000 1.001000 600 40 0.900000 0.071000 0.070000 1.200000 0.005000 0.006000
1495864015245741896	1400 45 1.200000 0.096000 0.122000 1400 38 1.000000 0.951000 1.008000 600 40 0.900000 0.071000 0.070000 1.200000 0.007000 0.008000
1495864015754779281	1400 45 1.200000 0.102000 0.129000 1400 38 1.000000 0.966000 1.023000 600 40 0.900000 0.071000 0.070000 1.200000 0.007000 0.008000
1495864016263685209	1400 45 1.200000 0.103000 0.131000 1400 38 1.000000 0.972000 1.030000 600 40 0.900000 0.071000 0.070000 1.200000 0.007000 0.008000
1495864016772742302	1400 45 1.200000 0.102000 0.129000 1400 38 1.000000 0.971000 1.029000 600 40 0.900000 0.071000 0.070000 1.200000 0.007000 0.008000
1495864017281737104	1400 45 1.200000 0.101000 0.128000 1400 38 1.000000 0.973000 1.031000 600 40 0.900000 0.071000 0.070000 1.200000 0.007000 0.008000
1495864017790797906	1400 45 1.200000 0.098000 0.124000 1400 38 1.000000 0.956000 1.013000 600 40 0.900000 0.071000 0.070000 1.200000 0.007000 0.008000
1495864018299889958	1400 45 1.200000 0.097000 0.123000 1400 38 1.000000 0.949000 1.005000 600 40 0.900000 0.071000 0.070000 1.200000 0.006000 0.007000
1495864018808850760	1400 45 1.200000 0.099000 0.126000 1400 38 1.000000 0.961000 1.018000 600 40 0.900000 0.071000 0.070000 1.200000 0.005000 0.006000
1495864019317814104	1400 45 1.200000 0.102000 0.129000 1400 38 1.000000 0.958000 1.015000 600 40 0.900000 0.071000 0.070000 1.200000 0.006000 0.007000
1495864019826783198	1400 45 1.200000 0.096000 0.122000 1400 38 1.000000 0.940000 0.996000 600 40 0.900000 0.071000 0.070000 1.200000 0.006000 0.007000
1495864020335948708	1400 45 1.200000 0.094000 0.119000 1400 38 1.000000 0.951000 1.008000 600 40 0.900000 0.071000 0.070000 1.200000 0.006000 0.007000
1495864020844953885	1400 45 1.200000 0.096000 0.122000 1400 38 1.000000 0.936000 0.992000 600 40 0.900000 0.071000 0.070000 1.200000 0.005000 0.006000
1495864021353911562	1400 45 1.200000 0.096000 0.122000 1400 38 1.000000 0.940000 0.996000 600 40 0.900000 0.071000 0.070000 1.200000 0.005000 0.006000
1495864021862929864	1400 45 1.200000 0.096000 0.122000 1400 38 1.000000 0.944000 1.000000 600 40 0.900000 0.071000 0.070000 1.200000 0.006000 0.007000
1495864022371945708	1400 45 1.200000 0.094000 0.119000 1400 38 1.000000 0.940000 0.996000 600 40 0.900000 0.071000 0.070000 1.200000 0.006000 0.007000
1495864022881146843	1400 45 1.200000 0.101000 0.128000 1400 38 1.000000 0.949000 1.005000 600 40 0.900000 0.071000 0.070000 1.200000 0.007000 0.008000
1495864023390201353	1400 45 1.200000 0.104000 0.132000 1400 38 1.000000 0.947000 1.003000 600 40 0.900000 0.071000 0.070000 1.200000 0.007000 0.008000
1495864023899234780	1400 45 1.200000 0.095000 0.120000 1400 38 1.000000 0.951000 1.008000 600 40 0.900000 0.071000 0.070000 1.200000 0.008000 0.009000
1495864024408115624	1400 45 1.200000 0.099000 0.125000 1400 38 1.000000 0.949000 1.005000 600 40 0.900000 0.071000 0.070000 1.200000 0.005000 0.006000
1495864024917160009	1400 45 1.200000 0.099000 0.126000 1400 38 1.000000 0.963000 1.020000 600 40 0.900000 0.071000 0.070000 1.200000 0.007000 0.008000
1495864025426167936	1400 45 1.200000 0.096000 0.122000 1400 38 1.000000 0.951000 1.008000 600 40 0.900000 0.071000 0.070000 1.200000 0.008000 0.009000
1495864025935253196	1400 45 1.200000 0.099000 0.126000 1400 38 1.000000 0.973000 1.031000 600 40 0.900000 0.071000 0.070000 1.200000 0.007000 0.008000
1495864026444332623	1400 45 1.200000 0.102000 0.129000 1400 38 1.000000 0.972000 1.030000 600 40 0.900000 0.071000 0.070000 1.200000 0.005000 0.006000
1495864026953210426	1400 45 1.200000 0.104000 0.132000 1400 38 1.000000 0.948000 1.004000 600 40 0.900000 0.071000 0.070000 1.200000 0.006000 0.007000
1495864027462128478	1400 45 1.200000 0.101000 0.128000 1400 38 1.000000 0.942000 0.998000 600 40 0.900000 0.071000 0.070000 1.200000 0.005000 0.006000
1495864027971175196	1400 45 1.200000 0.099000 0.126000 1400 38 1.000000 0.939000 0.995000 600 40 0.900000 0.071000 0.070000 1.200000 0.007000 0.008000
1495864028480153457	1400 45 1.200000 0.097000 0.123000 1400 38 1.000000 0.944000 1.000000 600 40 0.900000 0.071000 0.070000 1.200000 0.006000 0.007000
1495864028989144384	1400 44 1.200000 0.097000 0.123000 1400 38 1.000000 0.943000 0.999000 600 40 0.900000 0.071000 0.070000 1.200000 0.006000 0.007000
1495864029498089269	1400 44 1.200000 0.096000 0.122000 1400 38 1.000000 0.940000 0.996000 600 40 0.900000 0.071000 0.070000 1.200000 0.007000 0.008000
1495864030007092446	1400 45 1.200000 0.102000 0.129000 1400 38 1.000000 0.924000 0.979000 600 40 0.900000 0.071000 0.070000 1.200000 0.009000 0.010000
1495864030516150415	1400 45 1.200000 0.103000 0.131000 1400 38 1.000000 0.953000 1.010000 600 40 0.900000 0.071000 0.070000 1.200000 0.007000 0.008000
1495864031025150884	1400 45 1.200000 0.102000 0.129000 1400 38 1.000000 0.948000 1.004000 600 40 0.900000 0.071000 0.070000 1.200000 0.007000 0.008000
1495864031534108894	1400 45 1.200000 0.100000 0.127000 1400 38 1.000000 0.939000 0.995000 600 40 0.900000 0.071000 0.070000 1.200000 0.007000 0.008000
1495864032043158029	1400 45 1.200000 0.099000 0.126000 1400 38 1.000000 0.961000 1.018000 600 40 0.900000 0.071000 0.070000 1.200000 0.006000 0.007000
1495864032552268498	1400 45 1.200000 0.097000 0.123000 1400 38 1.000000 0.952000 1.009000 600 40 0.900000 0.071000 0.070000 1.200000 0.007000 0.008000
1495864033061333758	1400 45 1.200000 0.096000 0.122000 1400 38 1.000000 0.951000 1.008000 600 40 0.900000 0.071000 0.070000 1.200000 0.006000 0.007000
1495864033570364935	1400 45 1.200000 0.096000 0.122000 1400 38 1.000000 0.954000 1.011000 600 40 0.900000 0.071000 0.070000 1.200000 0.007000 0.008000
1495864034079412029	1400 45 1.200000 0.096000 0.122000 1400 38 1.000000 0.941000 0.997000 600 40 0.900000 0.071000 0.070000 1.200000 0.007000 0.008000
1495864034588454747	1400 45 1.200000 0.096000 0.122000 1400 38 1.000000 0.942000 0.998000 600 40 0.900000 0.071000 0.070000 1.200000 0.007000 0.008000
1495864035097481716	1400 45 1.200000 0.095000 0.120000 1400 38 1.000000 0.955000 1.012000 600 40 0.900000 0.071000 0.070000 1.200000 0.006000 0.007000
1495864035606583518	1400 45 1.200000 0.099000 0.125000 1400 38 1.000000 0.948000 1.004000 600 40 0.900000 0.071000 0.070000 1.200000 0.007000 0.008000
1495864036115600737	1400 45 1.200000 0.099000 0.126000 1400 38 1.000000 0.944000 1.000000 600 40 0.900000 0.071000 0.070000 1.200000 0.008000 0.009000
1495864036624632247	1400 45 1.200000 0.099000 0.126000 1400 38 1.000000 0.942000 0.998000 600 40 0.900000 0.071000 0.070000 1.200000 0.008000 0.009000
1495864037133836799	1400 45 1.200000 0.101000 0.128000 1400 38 1.000000 0.937000 0.993000 600 40 0.900000 0.071000 0.070000 1.200000 0.009000 0.010000
1495864037642998892	1400 45 1.200000 0.104000 0.132000 1400 38 1.000000 0.943000 0.999000 600 40 0.900000 0.071000 0.070000 1.200000 0.010000 0.012000
1495864038152004444	1400 45 1.200000 0.101000 0.128000 1400 38 1.000000 0.961000 1.018000 600 40 0.900000 0.071000 0.070000 1.200000 0.009000 0.010000
1495864038661066913	1400 45 1.200000 0.099000 0.126000 1400 38 1.000000 0.946000 1.002000 600 40 0.900000 0.071000 0.070000 1.200000 0.008000 0.009000
1495864039170089548	1400 45 1.200000 0.098000 0.124000 1400 38 1.000000 0.934000 0.990000 600 40 0.900000 0.071000 0.070000 1.200000 0.008000 0.009000
1495864039679125142	1400 45 1.200000 0.098000 0.124000 1400 38 1.000000 0.942000 0.998000 600 40 0.900000 0.071000 0.070000 1.200000 0.007000 0.008000
1495864040188101986	1400 45 1.200000 0.100000 0.127000 1400 38 1.000000 0.946000 1.002000 600 40 0.900000 0.071000 0.070000 1.200000 0.007000 0.008000
1495864040697357996	1400 45 1.200000 0.101000 0.128000 1400 38 1.000000 0.942000 0.998000 600 40 0.900000 0.072000 0.071000 1.200000 0.008000 0.009000
1495864041206481339	1400 45 1.200000 0.104000 0.132000 1400 38 1.000000 0.942000 0.998000 600 40 0.900000 0.071000 0.070000 1.200000 0.011000 0.013000
1495864041715567891	1400 45 1.200000 0.097000 0.123000 1400 38 1.000000 0.948000 1.004000 600 40 0.900000 0.071000 0.070000 1.200000 0.008000 0.009000
1495864042224552526	1400 45 1.200000 0.096000 0.122000 1400 38 1.000000 0.934000 0.990000 600 40 0.900000 0.071000 0.070000 1.200000 0.010000 0.012000
1495864042733735328	1400 45 1.200000 0.098000 0.124000 1400 38 1.000000 0.930000 0.985000 600 40 0.900000 0.071000 0.070000 1.200000 0.012000 0.014000
1495864043242738630	1400 45 1.200000 0.096000 0.122000 1400 38 1.000000 0.937000 0.993000 600 40 0.900000 0.071000 0.070000 1.200000 0.011000 0.013000
1495864043751823557	1400 45 1.200000 0.097000 0.123000 1400 38 1.000000 0.936000 0.992000 600 40 0.900000 0.071000 0.070000 1.200000 0.010000 0.012000
1495864044261145567	1400 45 1.200000 0.102000 0.129000 1400 38 1.000000 0.942000 0.998000 600 40 0.900000 0.071000 0.070000 1.200000 0.012000 0.014000
1495864044770214452	1400 45 1.200000 0.104000 0.132000 1400 38 1.000000 0.936000 0.992000 600 40 0.900000 0.071000 0.070000 1.200000 0.013000 0.015000
1495864045279163338	1400 45 1.200000 0.101000 0.128000 1400 38 1.000000 0.931000 0.986000 600 40 0.900000 0.071000 0.070000 1.200000 0.016000 0.019000
1495864045788157556	1400 44 1.200000 0.095000 0.120000 1400 38 1.000000 0.923000 0.978000 600 40 0.900000 0.071000 0.070000 1.200000 0.017000 0.020000
1495864046297142567	1400 44 1.200000 0.096000 0.122000 1400 38 1.000000 0.923000 0.978000 600 40 0.900000 0.071000 0.070000 1.200000 0.019000 0.023000
1495864046806209285	1400 44 1.200000 0.098000 0.124000 1400 38 1.000000 0.900000 0.954000 600 40 0.900000 0.071000 0.070000 1.200000 0.024000 0.029000
1495864047315225879	1400 43 1.200000 0.102000 0.129000 1400 38 1.000000 0.850000 0.901000 600 40 0.900000 0.071000 0.070000 1.200000 0.039000 0.047000
1495864047824312098	1400 42 1.200000 0.103000 0.131000 1400 38 1.000000 0.778000 0.823000 600 40 0.900000 0.071000 0.070000 1.200000 0.061000 0.074000
1495864048333269025	1400 42 1.200000 0.102000 0.129000 1400 38 1.000000 0.718000 0.759000 600 40 0.900000 0.071000 0.070000 1.200000 0.012000 0.014000
1495864048842585910	1400 43 1.200000 0.102000 0.129000 1400 38 1.000000 0.717000 0.758000 600 40 0.900000 0.071000 0.070000 1.200000 0.012000 0.014000
1495864049352356377	1400 42 1.200000 0.159000 0.200000 1400 38 1.000000 0.492000 0.523000 600 40 0.900000 0.071000 0.070000 1.200000 0.043000 0.052000
1495864049862396761	1400 42 1.200000 0.101000 0.128000 1400 38 1.000000 0.774000 0.818000 600 40 0.900000 0.071000 0.070000 1.200000 0.014000 0.016000
1495864050372048854	1400 42 1.200000 0.099000 0.126000 1400 37 1.000000 0.778000 0.823000 600 39 0.900000 0.071000 0.070000 1.200000 0.009000 0.010000
1495864050882105571	1400 42 1.200000 0.100000 0.127000 1400 37 1.000000 0.783000 0.828000 600 40 0.900000 0.071000 0.070000 1.200000 0.009000 0.010000
1495864051391362540	1400 43 1.200000 0.097000 0.123000 1400 38 1.000000 0.963000 1.020000 600 40 0.900000 0.071000 0.070000 1.200000 0.019000 0.023000
1495864051900427842	1400 44 1.200000 0.099000 0.126000 1400 38 1.000000 1.016000 1.076000 600 40 0.900000 0.070000 0.069000 1.200000 0.004000 0.004000
1495864052409602518	1400 44 1.200000 0.098000 0.124000 1400 38 1.000000 1.017000 1.078000 600 40 0.900000 0.071000 0.070000 1.200000 0.006000 0.007000
1495864052918685487	1400 44 1.200000 0.097000 0.123000 1400 38 1.000000 1.014000 1.074000 600 40 0.900000 0.071000 0.070000 1.200000 0.008000 0.009000
1495864053427777789	1400 44 1.200000 0.098000 0.124000 1400 38 1.000000 1.019000 1.080000 600 40 0.900000 0.071000 0.070000 1.200000 0.006000 0.007000
1495864053936866466	1400 44 1.200000 0.102000 0.129000 1400 38 1.000000 1.014000 1.074000 600 40 0.900000 0.071000 0.070000 1.200000 0.005000 0.006000
1495864054446028893	1400 44 1.200000 0.104000 0.132000 1400 38 1.000000 1.018000 1.079000 600 40 0.900000 0.071000 0.070000 1.200000 0.003000 0.003000
1495864054955176069	1400 44 1.200000 0.096000 0.122000 1400 38 1.000000 1.017000 1.078000 600 40 0.900000 0.071000 0.070000 1.200000 0.004000 0.004000
1495864055464292580	1400 44 1.200000 0.095000 0.120000 1400 38 1.000000 1.014000 1.074000 600 41 0.900000 0.071000 0.070000 1.200000 0.006000 0.007000
1495864055973447756	1400 44 1.200000 0.096000 0.122000 1400 38 1.000000 1.017000 1.078000 600 41 0.900000 0.071000 0.070000 1.200000 0.007000 0.008000
1495864056482558475	1400 44 1.200000 0.097000 0.123000 1400 38 1.000000 1.017000 1.078000 600 41 0.900000 0.071000 0.070000 1.200000 0.009000 0.010000
1495864056991717318	1400 44 1.200000 0.096000 0.122000 1400 38 1.000000 1.015000 1.076000 600 41 0.900000 0.071000 0.070000 1.200000 0.007000 0.008000
1495864057500987703	1400 44 1.200000 0.095000 0.120000 1400 38 1.000000 1.014000 1.074000 600 41 0.900000 0.072000 0.071000 1.200000 0.013000 0.015000
1495864058010133005	1400 44 1.200000 0.104000 0.132000 1400 38 1.000000 1.016000 1.076000 600 41 0.900000 0.071000 0.070000 1.200000 0.009000 0.010000
1495864058519287974	1400 44 1.200000 0.101000 0.128000 1400 38 1.000000 1.017000 1.078000 600 41 0.900000 0.071000 0.070000 1.200000 0.006000 0.007000
1495864059028433567	1400 44 1.200000 0.098000 0.124000 1400 38 1.000000 1.017000 1.078000 600 41 0.900000 0.071000 0.070000 1.200000 0.003000 0.003000
1495864059537680744	1400 44 1.200000 0.097000 0.123000 1400 38 1.000000 1.017000 1.078000 600 41 0.900000 0.071000 0.070000 1.200000 0.008000 0.009000
1495864060046855379	1400 44 1.200000 0.099000 0.126000 1400 38 1.000000 1.010000 1.070000 600 41 0.900000 0.071000 0.070000 1.200000 0.013000 0.015000
1495864060556121056	1400 44 1.200000 0.101000 0.128000 1400 38 1.000000 1.015000 1.075000 600 41 0.900000 0.072000 0.071000 1.200000 0.011000 0.013000
1495864061065367024	1400 44 1.200000 0.103000 0.131000 1400 38 1.000000 1.011000 1.071000 600 41 0.900000 0.071000 0.070000 1.200000 0.017000 0.020000
1495864061574573451	1400 44 1.200000 0.102000 0.129000 1400 38 1.000000 1.019000 1.081000 600 41 0.900000 0.071000 0.070000 1.200000 0.011000 0.013000
1495864062083737961	1400 44 1.200000 0.101000 0.128000 1400 39 1.000000 1.015000 1.075000 600 41 0.900000 0.071000 0.070000 1.200000 0.008000 0.009000
1495864062592917513	1400 44 1.200000 0.098000 0.124000 1400 38 1.000000 1.017000 1.078000 600 41 0.900000 0.071000 0.070000 1.200000 0.007000 0.008000
1495864063102111940	1400 44 1.200000 0.098000 0.124000 1400 38 1.000000 1.018000 1.079000 600 41 0.900000 0.071000 0.070000 1.200000 0.008000 0.009000
1495864063611304200	1400 44 1.200000 0.096000 0.122000 1400 39 1.000000 1.016000 1.076000 600 41 0.900000 0.071000 0.070000 1.200000 0.010000 0.012000
1495864064120483460	1400 44 1.200000 0.098000 0.124000 1400 38 1.000000 1.014000 1.074000 600 41 0.900000 0.071000 0.070000 1.200000 0.012000 0.014000
1495864064629646262	1400 44 1.200000 0.095000 0.120000 1400 39 1.000000 1.019000 1.080000 600 41 0.900000 0.072000 0.071000 1.200000 0.006000 0.007000
1495864065138752647	1400 44 1.200000 0.095000 0.120000 1400 38 1.000000 1.015000 1.075000 600 41 0.900000 0.071000 0.070000 1.200000 0.006000 0.007000
1495864065647902949	1400 44 1.200000 0.097000 0.123000 1400 39 1.000000 1.019000 1.081000 600 41 0.900000 0.071000 0.070000 1.200000 0.005000 0.006000
1495864066157243667	1400 44 1.200000 0.096000 0.122000 1400 38 1.000000 1.020000 1.081000 600 41 0.900000 0.072000 0.071000 1.200000 0.006000 0.007000
1495864066666525719	1400 44 1.200000 0.099000 0.126000 1400 38 1.000000 1.017000 1.078000 600 41 0.900000 0.071000 0.070000 1.200000 0.015000 0.018000
1495864067175635354	1400 44 1.200000 0.103000 0.131000 1400 38 1.000000 1.014000 1.074000 600 41 0.900000 0.071000 0.070000 1.200000 0.017000 0.020000
1495864067684949239	1400 44 1.200000 0.104000 0.132000 1400 39 1.000000 1.017000 1.078000 600 41 0.900000 0.071000 0.070000 1.200000 0.011000 0.013000
1495864068194146499	1400 44 1.200000 0.096000 0.122000 1400 38 1.000000 1.013000 1.073000 600 41 0.900000 0.071000 0.070000 1.200000 0.014000 0.016000
1495864068703310801	1400 44 1.200000 0.095000 0.120000 1400 38 1.000000 1.015000 1.075000 600 41 0.900000 0.071000 0.070000 1.200000 0.016000 0.019000
1495864069212496852	1400 44 1.200000 0.098000 0.124000 1400 39 1.000000 1.019000 1.080000 600 41 0.900000 0.071000 0.070000 1.200000 0.011000 0.013000
1495864069721803821	1400 44 1.200000 0.099000 0.126000 1400 39 1.000000 1.019000 1.080000 600 41 0.900000 0.072000 0.071000 1.200000 0.008000 0.009000
1495864070231093956	1400 45 1.200000 0.099000 0.126000 1400 38 1.000000 1.020000 1.081000 600 41 0.900000 0.071000 0.070000 1.200000 0.007000 0.008000
1495864070740321091	1400 44 1.200000 0.102000 0.129000 1400 38 1.000000 1.020000 1.081000 600 41 0.900000 0.071000 0.070000 1.200000 0.009000 0.010000
1495864071249490434	1400 44 1.200000 0.104000 0.132000 1400 38 1.000000 1.020000 1.081000 600 41 0.900000 0.071000 0.070000 1.200000 0.006000 0.007000
1495864071758619819	1400 45 1.200000 0.102000 0.129000 1400 39 1.000000 1.019000 1.080000 600 41 0.900000 0.072000 0.071000 1.200000 0.011000 0.013000
1495864072267751163	1400 44 1.200000 0.096000 0.122000 1400 39 1.000000 1.015000 1.075000 600 41 0.900000 0.071000 0.070000 1.200000 0.008000 0.009000
1495864072776973798	1400 44 1.200000 0.098000 0.124000 1400 39 1.000000 1.014000 1.075000 600 41 0.900000 0.072000 0.071000 1.200000 0.009000 0.010000
1495864073286589891	1400 44 1.200000 0.099000 0.126000 1400 38 1.000000 1.014000 1.075000 600 41 0.900000 0.071000 0.070000 1.200000 0.013000 0.015000
1495864073795810359	1400 44 1.200000 0.101000 0.128000 1400 39 1.000000 1.018000 1.079000 600 41 0.900000 0.071000 0.070000 1.200000 0.006000 0.007000
1495864074305045119	1400 44 1.200000 0.104000 0.132000 1400 38 1.000000 1.016000 1.076000 600 41 0.900000 0.071000 0.070000 1.200000 0.005000 0.006000
1495864074814227129	1400 44 1.200000 0.103000 0.131000 1400 38 1.000000 1.015000 1.075000 600 41 0.900000 0.072000 0.071000 1.200000 0.011000 0.013000
1495864075323342223	1400 44 1.200000 0.100000 0.127000 1400 39 1.000000 1.015000 1.075000 600 41 0.900000 0.072000 0.071000 1.200000 0.010000 0.012000
1495864075832599233	1400 44 1.200000 0.098000 0.124000 1400 39 1.000000 1.018000 1.079000 600 41 0.900000 0.071000 0.070000 1.200000 0.011000 0.013000
1495864076341809701	1400 44 1.200000 0.097000 0.123000 1400 38 1.000000 1.017000 1.078000 600 41 0.900000 0.072000 0.071000 1.200000 0.008000 0.009000
1495864076850988503	1400 44 1.200000 0.098000 0.124000 1400 38 1.000000 1.019000 1.080000 600 41 0.900000 0.072000 0.071000 1.200000 0.007000 0.008000
1495864077360111597	1400 44 1.200000 0.096000 0.122000 1400 39 1.000000 1.020000 1.081000 600 41 0.900000 0.072000 0.071000 1.200000 0.006000 0.007000
1495864077869278273	1400 44 1.200000 0.095000 0.120000 1400 38 1.000000 1.023000 1.084000 600 41 0.900000 0.072000 0.071000 1.200000 0.004000 0.004000
1495864078378441284	1400 44 1.200000 0.096000 0.122000 1400 39 1.000000 1.022000 1.083000 600 41 0.900000 0.072000 0.071000 1.200000 0.007000 0.008000
1495864078887668377	1400 44 1.200000 0.096000 0.122000 1400 38 1.000000 1.017000 1.078000 600 41 0.900000 0.072000 0.071000 1.200000 0.010000 0.012000
1495864079396932929	1400 44 1.200000 0.097000 0.123000 1400 38 1.000000 1.013000 1.073000 600 41 0.900000 0.071000 0.070000 1.200000 0.008000 0.009000
1495864079906105522	1400 44 1.200000 0.095000 0.120000 1400 38 1.000000 1.015000 1.075000 600 41 0.900000 0.071000 0.070000 1.200000 0.011000 0.013000
1495864080415181449	1400 44 1.200000 0.102000 0.129000 1400 38 1.000000 1.017000 1.078000 600 41 0.900000 0.071000 0.070000 1.200000 0.012000 0.014000
1495864080924330626	1400 44 1.200000 0.097000 0.123000 1400 38 1.000000 1.017000 1.078000 600 41 0.900000 0.072000 0.071000 1.200000 0.007000 0.008000
1495864081433428178	1400 44 1.200000 0.102000 0.129000 1400 39 1.000000 1.015000 1.075000 600 41 0.900000 0.072000 0.071000 1.200000 0.007000 0.008000
1495864081942819271	1400 44 1.200000 0.100000 0.127000 1400 39 1.000000 1.015000 1.075000 600 41 0.900000 0.072000 0.071000 1.200000 0.011000 0.013000
1495864082452419905	1400 44 1.200000 0.099000 0.125000 1400 38 1.000000 1.015000 1.075000 600 41 0.900000 0.072000 0.071000 1.200000 0.006000 0.007000
1495864082961651915	1400 44 1.200000 0.099000 0.125000 1400 38 1.000000 1.019000 1.080000 600 41 0.900000 0.071000 0.070000 1.200000 0.012000 0.014000
1495864083470782759	1400 44 1.200000 0.100000 0.127000 1400 39 1.000000 1.020000 1.081000 600 41 0.900000 0.071000 0.070000 1.200000 0.009000 0.010000
1495864083980078394	1400 44 1.200000 0.103000 0.131000 1400 39 1.000000 1.018000 1.079000 600 41 0.900000 0.072000 0.071000 1.200000 0.012000 0.014000
1495864084489269237	1400 44 1.200000 0.104000 0.132000 1400 39 1.000000 1.021000 1.082000 600 41 0.900000 0.071000 0.070000 1.200000 0.008000 0.009000
1495864084998334664	1400 44 1.200000 0.101000 0.128000 1400 38 1.000000 1.020000 1.081000 600 41 0.900000 0.072000 0.071000 1.200000 0.005000 0.006000
1495864085507473883	1400 45 1.200000 0.096000 0.122000 1400 39 1.000000 1.020000 1.081000 600 41 0.900000 0.071000 0.070000 1.200000 0.007000 0.008000
1495864086016698393	1400 44 1.200000 0.097000 0.123000 1400 39 1.000000 1.019000 1.080000 600 41 0.900000 0.072000 0.071000 1.200000 0.010000 0.012000
1495864086525942903	1400 44 1.200000 0.096000 0.122000 1400 39 1.000000 1.017000 1.078000 600 41 0.900000 0.071000 0.070000 1.200000 0.008000 0.009000
1495864087035193496	1400 44 1.200000 0.096000 0.122000 1400 38 1.000000 1.013000 1.073000 600 41 0.900000 0.071000 0.070000 1.200000 0.010000 0.012000
1495864087544339756	1400 44 1.200000 0.095000 0.120000 1400 39 1.000000 1.012000 1.072000 600 41 0.900000 0.071000 0.070000 1.200000 0.003000 0.003000
1495864088053606516	1400 44 1.200000 0.102000 0.129000 1400 39 1.000000 1.012000 1.072000 600 41 0.900000 0.071000 0.070000 1.200000 0.006000 0.007000
1495864088562860526	1400 44 1.200000 0.100000 0.127000 1400 38 1.000000 1.018000 1.079000 600 41 0.900000 0.072000 0.071000 1.200000 0.008000 0.009000
1495864089072052078	1400 44 1.200000 0.097000 0.123000 1400 39 1.000000 1.017000 1.078000 600 41 0.900000 0.072000 0.071000 1.200000 0.008000 0.009000
1495864089581292713	1400 44 1.200000 0.099000 0.126000 1400 39 1.000000 1.019000 1.080000 600 41 0.900000 0.071000 0.070000 1.200000 0.007000 0.008000
1495864090090482682	1400 44 1.200000 0.096000 0.122000 1400 38 1.000000 1.016000 1.076000 600 41 0.900000 0.071000 0.070000 1.200000 0.007000 0.008000
1495864090599647025	1400 44 1.200000 0.096000 0.122000 1400 39 1.000000 1.016000 1.076000 600 41 0.900000 0.071000 0.070000 1.200000 0.008000 0.009000
1495864091108807369	1400 44 1.200000 0.096000 0.122000 1400 39 1.000000 1.015000 1.075000 600 41 0.900000 0.071000 0.070000 1.200000 0.010000 0.012000
1495864091617958170	1400 44 1.200000 0.101000 0.128000 1400 39 1.000000 1.017000 1.078000 600 41 0.900000 0.071000 0.070000 1.200000 0.008000 0.009000
1495864092127135472	1400 44 1.200000 0.099000 0.125000 1400 39 1.000000 1.018000 1.079000 600 41 0.900000 0.072000 0.071000 1.200000 0.009000 0.010000
1495864092636277524	1400 44 1.200000 0.097000 0.123000 1400 39 1.000000 1.012000 1.072000 600 41 0.900000 0.071000 0.070000 1.200000 0.009000 0.010000
1495864093145407743	1400 44 1.200000 0.098000 0.124000 1400 39 1.000000 1.012000 1.072000 600 41 0.900000 0.071000 0.070000 1.200000 0.005000 0.006000
1495864093654535211	1400 44 1.200000 0.102000 0.129000 1400 39 1.000000 1.014000 1.074000 600 41 0.900000 0.071000 0.070000 1.200000 0.005000 0.006000
1495864094163664013	1400 44 1.200000 0.104000 0.132000 1400 39 1.000000 1.012000 1.072000 600 41 0.900000 0.072000 0.071000 1.200000 0.004000 0.004000
1495864094672873981	1400 44 1.200000 0.096000 0.122000 1400 39 1.000000 1.017000 1.078000 600 41 0.900000 0.072000 0.071000 1.200000 0.006000 0.007000
1495864095182577449	1400 44 1.200000 0.101000 0.128000 1400 38 1.000000 1.013000 1.073000 600 41 0.900000 0.072000 0.071000 1.200000 0.007000 0.008000
1495864095691911167	1400 44 1.200000 0.098000 0.124000 1400 39 1.000000 1.017000 1.078000 600 41 0.900000 0.071000 0.070000 1.200000 0.007000 0.008000
1495864096201998135	1400 43 1.200000 0.109000 0.138000 1400 38 1.000000 0.988000 1.047000 600 40 0.900000 0.071000 0.070000 1.200000 0.022000 0.026000
1495864096711900644	1400 43 1.200000 0.106000 0.134000 1400 38 1.000000 0.777000 0.822000 600 40 0.900000 0.071000 0.070000 1.200000 0.014000 0.016000
1495864097221865903	1400 43 1.200000 0.109000 0.138000 1400 38 1.000000 0.776000 0.821000 600 40 0.900000 0.071000 0.070000 1.200000 0.013000 0.015000
1495864097731663954	1400 43 1.200000 0.106000 0.134000 1400 38 1.000000 0.778000 0.823000 600 40 0.900000 0.071000 0.070000 1.200000 0.013000 0.015000
1495864098240985214	1400 46 1.200000 0.100000 0.127000 1400 38 1.000000 0.792000 0.837000 600 40 0.900000 0.071000 0.070000 1.200000 0.028000 0.033000
1495864098750088599	1400 46 1.200000 0.097000 0.123000 1400 39 1.000000 1.160000 1.230000 600 40 0.900000 0.071000 0.070000 1.200000 0.004000 0.004000
1495864099259226442	1400 47 1.200000 0.098000 0.124000 1400 39 1.000000 1.163000 1.233000 600 41 0.900000 0.071000 0.070000 1.200000 0.004000 0.004000
1495864099768385036	1400 47 1.200000 0.097000 0.123000 1400 39 1.000000 1.163000 1.233000 600 41 0.900000 0.072000 0.071000 1.200000 0.003000 0.003000
1495864100277548213	1400 47 1.200000 0.096000 0.122000 1400 39 1.000000 1.165000 1.236000 600 41 0.900000 0.072000 0.071000 1.200000 0.003000 0.003000
1495864100786743306	1400 47 1.200000 0.096000 0.122000 1400 39 1.000000 1.162000 1.232000 600 41 0.900000 0.072000 0.071000 1.200000 0.004000 0.004000
1495864101295977108	1400 47 1.200000 0.097000 0.123000 1400 39 1.000000 1.165000 1.234000 600 41 0.900000 0.072000 0.071000 1.200000 0.005000 0.006000
1495864101805213076	1400 47 1.200000 0.097000 0.123000 1400 39 1.000000 1.163000 1.232000 600 41 0.900000 0.072000 0.071000 1.200000 0.005000 0.006000
1495864102314348336	1400 47 1.200000 0.096000 0.122000 1400 39 1.000000 1.155000 1.225000 600 41 0.900000 0.072000 0.071000 1.200000 0.006000 0.007000
1495864102823388972	1400 47 1.200000 0.102000 0.129000 1400 39 1.000000 1.147000 1.216000 600 41 0.900000 0.072000 0.071000 1.200000 0.007000 0.008000
1495864103332699773	1400 47 1.200000 0.104000 0.132000 1400 39 1.000000 1.147000 1.215000 600 41 0.900000 0.072000 0.071000 1.200000 0.006000 0.007000
1495864103841882742	1400 47 1.200000 0.104000 0.132000 1400 39 1.000000 1.144000 1.212000 600 41 0.900000 0.072000 0.071000 1.200000 0.005000 0.006000
1495864104351132543	1400 47 1.200000 0.102000 0.129000 1400 39 1.000000 1.138000 1.207000 600 41 0.900000 0.072000 0.071000 1.200000 0.005000 0.006000
1495864104860272387	1400 47 1.200000 0.100000 0.127000 1400 39 1.000000 1.132000 1.201000 600 41 0.900000 0.072000 0.071000 1.200000 0.004000 0.004000
1495864105369381189	1400 47 1.200000 0.098000 0.124000 1400 39 1.000000 1.132000 1.199000 600 41 0.900000 0.072000 0.071000 1.200000 0.005000 0.006000
1495864105878488157	1400 47 1.200000 0.099000 0.125000 1400 39 1.000000 1.128000 1.196000 600 41 0.900000 0.072000 0.071000 1.200000 0.005000 0.006000
1495864106387717292	1400 47 1.200000 0.104000 0.132000 1400 40 1.000000 1.171000 1.242000 600 41 0.900000 0.072000 0.071000 1.200000 0.007000 0.008000
1495864106896928677	1400 47 1.200000 0.105000 0.133000 1400 39 1.000000 1.171000 1.242000 600 41 0.900000 0.072000 0.071000 1.200000 0.004000 0.004000
1495864107406214604	1400 47 1.200000 0.104000 0.132000 1400 39 1.000000 1.171000 1.242000 600 41 0.900000 0.072000 0.071000 1.200000 0.004000 0.004000
1495864107915496239	1400 47 1.200000 0.099000 0.126000 1400 40 1.000000 1.170000 1.241000 600 41 0.900000 0.072000 0.071000 1.200000 0.004000 0.004000
1495864108424644791	1400 47 1.200000 0.097000 0.123000 1400 40 1.000000 1.173000 1.244000 600 41 0.900000 0.072000 0.071000 1.200000 0.003000 0.003000
1495864108933824801	1400 47 1.200000 0.098000 0.124000 1400 40 1.000000 1.170000 1.241000 600 41 0.900000 0.072000 0.071000 1.200000 0.004000 0.004000
1495864109443013186	1400 47 1.200000 0.097000 0.123000 1400 40 1.000000 1.172000 1.243000 600 41 0.900000 0.072000 0.071000 1.200000 0.004000 0.004000
1495864109952347154	1400 47 1.200000 0.105000 0.133000 1400 40 1.000000 1.172000 1.243000 600 41 0.900000 0.072000 0.071000 1.200000 0.006000 0.007000
1495864110461615373	1400 47 1.200000 0.106000 0.134000 1400 40 1.000000 1.166000 1.237000 600 41 0.900000 0.072000 0.071000 1.200000 0.007000 0.008000
1495864110970731716	1400 47 1.200000 0.101000 0.128000 1400 40 1.000000 1.160000 1.230000 600 41 0.900000 0.072000 0.071000 1.200000 0.006000 0.007000
1495864111480015393	1400 47 1.200000 0.100000 0.127000 1400 40 1.000000 1.151000 1.221000 600 41 0.900000 0.072000 0.071000 1.200000 0.003000 0.003000
1495864111989139820	1400 47 1.200000 0.099000 0.126000 1400 40 1.000000 1.147000 1.216000 600 41 0.900000 0.072000 0.071000 1.200000 0.005000 0.006000
1495864112498334663	1400 47 1.200000 0.098000 0.124000 1400 40 1.000000 1.147000 1.216000 600 41 0.900000 0.072000 0.071000 1.200000 0.004000 0.004000
1495864113007614340	1400 47 1.200000 0.097000 0.123000 1400 39 1.000000 1.138000 1.207000 600 41 0.900000 0.072000 0.071000 1.200000 0.004000 0.004000
1495864113516900683	1400 47 1.200000 0.097000 0.123000 1400 39 1.000000 1.138000 1.206000 600 41 0.900000 0.072000 0.071000 1.200000 0.005000 0.006000
1495864114026132068	1400 47 1.200000 0.104000 0.132000 1400 40 1.000000 1.170000 1.241000 600 41 0.900000 0.072000 0.071000 1.200000 0.007000 0.008000
1495864114535245078	1400 47 1.200000 0.101000 0.128000 1400 40 1.000000 1.168000 1.239000 600 41 0.900000 0.072000 0.071000 1.200000 0.007000 0.008000
1495864115044501172	1400 47 1.200000 0.099000 0.125000 1400 40 1.000000 1.171000 1.242000 600 41 0.900000 0.072000 0.071000 1.200000 0.006000 0.007000
1495864115553611807	1400 47 1.200000 0.099000 0.125000 1400 40 1.000000 1.168000 1.239000 600 41 0.900000 0.072000 0.071000 1.200000 0.004000 0.004000
1495864116062763025	1400 48 1.200000 0.102000 0.129000 1400 40 1.000000 1.172000 1.243000 600 41 0.900000 0.072000 0.071000 1.200000 0.004000 0.004000
1495864116571981619	1400 47 1.200000 0.099000 0.126000 1400 40 1.000000 1.169000 1.240000 600 41 0.900000 0.072000 0.071000 1.200000 0.004000 0.004000
1495864117081309462	1400 47 1.200000 0.105000 0.133000 1400 40 1.000000 1.171000 1.242000 600 41 0.900000 0.072000 0.071000 1.200000 0.005000 0.006000
1495864117590629930	1400 47 1.200000 0.104000 0.132000 1400 40 1.000000 1.171000 1.242000 600 41 0.900000 0.072000 0.071000 1.200000 0.006000 0.007000
1495864118099871482	1400 47 1.200000 0.101000 0.128000 1400 40 1.000000 1.168000 1.239000 600 41 0.900000 0.072000 0.071000 1.200000 0.007000 0.008000
1495864118608969909	1400 47 1.200000 0.097000 0.123000 1400 40 1.000000 1.160000 1.230000 600 41 0.900000 0.072000 0.071000 1.200000 0.006000 0.007000
1495864119118175044	1400 47 1.200000 0.101000 0.128000 1400 40 1.000000 1.156000 1.226000 600 41 0.900000 0.072000 0.071000 1.200000 0.005000 0.006000
1495864119627363887	1400 47 1.200000 0.103000 0.131000 1400 40 1.000000 1.148000 1.218000 600 41 0.900000 0.072000 0.071000 1.200000 0.005000 0.006000
1495864120136559856	1400 47 1.200000 0.105000 0.133000 1400 40 1.000000 1.143000 1.212000 600 41 0.900000 0.072000 0.071000 1.200000 0.004000 0.004000
1495864120645665449	1400 47 1.200000 0.103000 0.131000 1400 40 1.000000 1.142000 1.211000 600 41 0.900000 0.072000 0.071000 1.200000 0.004000 0.004000
1495864121154898043	1400 46 1.200000 0.097000 0.123000 1400 40 1.000000 1.141000 1.210000 600 41 0.900000 0.072000 0.071000 1.200000 0.004000 0.004000
1495864121664071470	1400 47 1.200000 0.099000 0.126000 1400 40 1.000000 1.170000 1.241000 600 41 0.900000 0.072000 0.071000 1.200000 0.004000 0.004000
1495864122173184105	1400 48 1.200000 0.098000 0.124000 1400 40 1.000000 1.171000 1.242000 600 41 0.900000 0.072000 0.071000 1.200000 0.003000 0.003000
1495864122682495531	1400 48 1.200000 0.097000 0.123000 1400 40 1.000000 1.170000 1.241000 600 41 0.900000 0.072000 0.071000 1.200000 0.006000 0.007000
1495864123191788333	1400 48 1.200000 0.097000 0.123000 1400 40 1.000000 1.170000 1.241000 600 41 0.900000 0.072000 0.071000 1.200000 0.006000 0.007000
1495864123701106718	1400 47 1.200000 0.099000 0.126000 1400 40 1.000000 1.172000 1.243000 600 42 0.900000 0.072000 0.071000 1.200000 0.005000 0.006000
1495864124210244270	1400 48 1.200000 0.097000 0.123000 1400 40 1.000000 1.169000 1.240000 600 42 0.900000 0.072000 0.071000 1.200000 0.004000 0.004000
1495864124719443697	1400 47 1.200000 0.101000 0.128000 1400 40 1.000000 1.171000 1.242000 600 41 0.900000 0.072000 0.071000 1.200000 0.005000 0.006000
1495864125228625040	1400 47 1.200000 0.100000 0.127000 1400 40 1.000000 1.171000 1.242000 600 41 0.900000 0.072000 0.071000 1.200000 0.006000 0.007000
1495864125737837175	1400 47 1.200000 0.101000 0.128000 1400 40 1.000000 1.171000 1.242000 600 41 0.900000 0.072000 0.071000 1.200000 0.006000 0.007000
1495864126247005477	1400 47 1.200000 0.101000 0.128000 1400 40 1.000000 1.163000 1.233000 600 41 0.900000 0.072000 0.071000 1.200000 0.007000 0.008000
1495864126756212154	1400 47 1.200000 0.105000 0.133000 1400 40 1.000000 1.155000 1.225000 600 42 0.900000 0.072000 0.071000 1.200000 0.006000 0.007000
1495864127265362330	1400 47 1.200000 0.105000 0.133000 1400 40 1.000000 1.151000 1.220000 600 41 0.900000 0.072000 0.071000 1.200000 0.005000 0.006000
1495864127774673799	1400 47 1.200000 0.101000 0.128000 1400 40 1.000000 1.147000 1.216000 600 41 0.900000 0.072000 0.071000 1.200000 0.004000 0.004000
1495864128283923809	1400 47 1.200000 0.099000 0.125000 1400 40 1.000000 1.139000 1.208000 600 41 0.900000 0.072000 0.071000 1.200000 0.004000 0.004000
1495864128793043236	1400 47 1.200000 0.099000 0.126000 1400 40 1.000000 1.138000 1.207000 600 41 0.900000 0.072000 0.071000 1.200000 0.004000 0.004000
1495864129302650995	1400 47 1.200000 0.104000 0.132000 1400 40 1.000000 1.136000 1.205000 600 41 0.900000 0.072000 0.071000 1.200000 0.011000 0.013000
1495864129811833339	1400 47 1.200000 0.097000 0.123000 1400 40 1.000000 1.159000 1.229000 600 41 0.900000 0.072000 0.071000 1.200000 0.003000 0.003000
1495864130320947849	1400 48 1.200000 0.097000 0.123000 1400 40 1.000000 1.155000 1.225000 600 41 0.900000 0.072000 0.071000 1.200000 0.003000 0.003000
1495864130830003609	1400 47 1.200000 0.098000 0.124000 1400 40 1.000000 1.158000 1.228000 600 41 0.900000 0.072000 0.071000 1.200000 0.003000 0.003000
1495864131339047703	1400 47 1.200000 0.098000 0.124000 1400 40 1.000000 1.156000 1.226000 600 41 0.900000 0.072000 0.071000 1.200000 0.003000 0.003000
1495864131848370296	1400 47 1.200000 0.098000 0.124000 1400 40 1.000000 1.156000 1.226000 600 41 0.900000 0.072000 0.071000 1.200000 0.004000 0.004000
1495864132357707473	1400 47 1.200000 0.101000 0.128000 1400 40 1.000000 1.156000 1.226000 600 41 0.900000 0.072000 0.071000 1.200000 0.004000 0.004000
1495864132867029191	1400 47 1.200000 0.104000 0.132000 1400 40 1.000000 1.157000 1.227000 600 41 0.900000 0.072000 0.071000 1.200000 0.006000 0.007000
1495864133376163868	1400 47 1.200000 0.105000 0.133000 1400 40 1.000000 1.158000 1.228000 600 41 0.900000 0.072000 0.071000 1.200000 0.003000 0.003000
1495864133885225711	1400 47 1.200000 0.103000 0.131000 1400 40 1.000000 1.151000 1.221000 600 41 0.900000 0.072000 0.071000 1.200000 0.006000 0.007000
1495864134394315847	1400 47 1.200000 0.098000 0.124000 1400 40 1.000000 1.149000 1.219000 600 41 0.900000 0.072000 0.071000 1.200000 0.005000 0.006000
1495864134903413815	1400 47 1.200000 0.097000 0.123000 1400 40 1.000000 1.144000 1.213000 600 41 0.900000 0.072000 0.071000 1.200000 0.005000 0.006000
1495864135412560950	1400 47 1.200000 0.097000 0.123000 1400 40 1.000000 1.140000 1.209000 600 41 0.900000 0.072000 0.071000 1.200000 0.004000 0.004000
1495864135921719752	1400 47 1.200000 0.097000 0.123000 1400 40 1.000000 1.139000 1.208000 600 41 0.900000 0.072000 0.071000 1.200000 0.003000 0.003000
1495864136430933637	1400 47 1.200000 0.104000 0.132000 1400 40 1.000000 1.131000 1.199000 600 41 0.900000 0.072000 0.071000 1.200000 0.004000 0.004000
1495864136939909106	1400 40 1.200000 0.107000 0.136000 1400 38 1.000000 0.835000 0.887000 600 41 0.900000 0.072000 0.071000 1.200000 0.012000 0.014000
1495864137448706992	1400 39 1.200000 0.101000 0.128000 1400 38 1.000000 0.292000 0.312000 600 40 0.900000 0.071000 0.070000 1.200000 0.003000 0.003000
