1495831134123077577	parsec.facesim	1	1800	39	1.1	1.186	1.420	901287574	9265470	2698059	201768589	3177354	394932332	46946	84362	5368367	77224215	196621706	234636732	15359477
1495831134633035335	parsec.facesim	1	1800	39	1.1	1.164	1.396	901320617	9288069	2698596	200002699	3164950	391687604	47078	83179	5327953	81348868	202429105	237838509	15182492
1495831135143008846	parsec.facesim	1	1800	39	1.1	1.173	1.405	900188495	8947703	2625657	203637278	3105000	407040468	45663	74557	4702033	98029204	238755176	244707419	14053032
1495831135652630174	parsec.facesim	1	1800	39	1.1	1.179	1.412	851454723	2319395	1015064	292227965	1279563	670137971	11140	15608	1329234	150238757	368689968	247901960	7634432
1495831136162765357	parsec.facesim	1	1800	39	1.1	1.223	1.466	894946260	1902661	1181442	274464527	1647071	712397580	17575	36265	3266362	70878054	184770641	185226342	11763227
1495831136672306608	parsec.facesim	1	1800	39	1.1	1.199	1.438	901176955	991008	455212	159661095	1268325	472050657	5867	8501	8557505	108042621	141759317	209708618	5993770
1495831137181510278	parsec.facesim	1	1800	39	1.1	1.132	1.356	901202477	322923	200827	179355994	1337099	478902073	2662	1004	6485553	110194583	183671278	214887451	5697901
1495831137690820075	parsec.facesim	1	1800	39	1.1	1.105	1.324	899471061	452733	163260	140205867	1139367	437330378	1543	5025	9614665	114028420	146361647	223019489	5020478
1495831138200070334	parsec.facesim	1	1800	39	1.1	1.135	1.360	899949821	491192	250579	143438024	1523830	369757748	2885	13312	3559503	85689197	173275025	161767129	7218213
1495831138709470262	parsec.facesim	1	1800	39	1.1	1.135	1.359	901099110	913966	542597	179576751	1722812	422987346	7807	12458	2590202	78423245	162131651	138923874	5222621
1495831139218632338	parsec.facesim	1	1800	39	1.1	1.104	1.322	901094935	681120	418593	158911409	1460935	384416300	5998	10800	2553125	76118432	156769388	133776203	4535772
1495831139727902728	parsec.facesim	1	1800	39	1.1	1.105	1.323	901093862	725540	460821	160350988	1481913	388359561	6636	14432	2511293	79290318	162098770	140115507	5377445
1495831140237177101	parsec.facesim	1	1800	39	1.1	1.089	1.304	901107596	545935	323294	160684680	1170147	457948724	4798	2535	15543818	169963121	189469864	341057536	4707655
1495831140746535622	parsec.facesim	1	1800	39	1.1	1.115	1.337	901184224	69191	27173	518532687	702989	1010458512	116	226	4049387	77125416	1167451247	417725217	116762618
1495831141255680186	parsec.facesim	1	1800	40	1.2	1.405	1.686	901116610	80154	28605	905412246	1208086	1318224225	125	298	19105746	195973452	260112557	413594634	9179390
1495831141765189127	parsec.facesim	1	1800	40	1.2	1.517	1.822	898349294	1869819	1209336	226890774	1863028	592409490	20839	50783	1633971	52340072	348810350	227017393	12138107
1495831142274530613	parsec.facesim	1	1800	40	1.1	1.200	1.438	899110047	4696576	297317	436436632	6607219	800398312	4738	226	1069868	44023739	453672950	255956073	8949181
1495831142783755225	parsec.facesim	1	1800	40	1.2	1.385	1.661	901089990	4729762	28857	448012865	6974508	841131892	116	226	1029506	42646937	437534211	248173311	10363627
1495831143292889985	parsec.facesim	1	1800	40	1.2	1.370	1.644	901090132	4567195	28644	434844115	6879275	824430634	117	280	934688	44367090	438400370	244442764	9980800
1495831143802183851	parsec.facesim	1	1800	40	1.2	1.369	1.642	900000735	4921902	36571	431122705	5766052	845884739	196	266	958596	46852888	418366881	239925031	13146264
1495831144311350886	parsec.facesim	1	1800	40	1.2	1.366	1.639	901163262	7614849	28533	413767420	6561497	815409518	128	246	944955	45949153	408817644	238232767	13370971
1495831144820537276	parsec.facesim	1	1800	40	1.2	1.358	1.630	901144425	7524897	27765	407333003	6509161	806470059	116	228	925779	44961175	399548870	233907969	13764942
1495831145329721128	parsec.facesim	1	1800	40	1.2	1.348	1.618	901141914	7350908	30184	396738930	6443409	791374217	114	224	928750	44651458	396815742	232908512	13874885
1495831145838966709	parsec.facesim	1	1800	40	1.2	1.319	1.583	901081168	4317423	29004	342465963	5376840	722686912	137	1232	106744	31151007	224358109	134357846	11684267
1495831146348264062	parsec.facesim	1	1800	40	1.1	1.147	1.374	901083610	107209	50488	182434432	1191401	385234451	619	224	22053	6744514	178937632	96099532	16319160
1495831146857469626	parsec.facesim	1	1800	39	1.1	1.103	1.321	901079560	51483	21715	171581781	239791	351204673	116	226	22707	6685120	177121625	95226521	16096951
1495831147366732087	parsec.facesim	1	1800	39	1.1	1.093	1.309	901084222	54748	23156	170758136	237453	348468009	117	224	22229	6661739	176560805	94887998	16095502
1495831147876021340	parsec.facesim	1	1800	39	1.1	1.107	1.326	901105615	51536	22079	166579327	230950	339416055	116	228	24244	6878947	181908865	97367027	16927584
1495831148385305950	parsec.facesim	1	1800	39	1.1	1.100	1.318	901080747	53360	23140	166125307	232858	338891349	117	224	21877	6707085	178415664	95830148	16255549
1495831148894528811	parsec.facesim	1	1800	39	1.1	1.099	1.316	901123455	51269	22044	166405476	230977	339036284	116	228	22777	6753697	179407893	96335285	16384297
1495831149403812528	parsec.facesim	1	1800	39	1.1	1.096	1.312	901077434	52960	22916	167070841	233462	340856784	117	224	22375	6716978	178463490	95874256	16264437
1495831149913134265	parsec.facesim	1	1800	39	1.1	1.099	1.316	901109677	52585	22694	167263302	232532	340811903	117	226	22422	6674348	177212457	95213595	16114725
1495831150422403672	parsec.facesim	1	1800	39	1.1	1.096	1.313	901074345	53719	22933	165815223	230580	338151010	117	218	22823	6688063	176919398	95057679	16207355
1495831150931625579	parsec.facesim	1	1800	39	1.1	1.097	1.315	901080122	51057	22272	169851280	237463	346681415	116	226	22722	6824397	180517581	96626147	16687899
1495831151440927654	parsec.facesim	1	1800	39	1.1	1.102	1.321	901080075	53374	22828	165406435	230661	337547752	117	224	22018	6745703	179032743	96086411	16331246
1495831151950233460	parsec.facesim	1	1800	39	1.1	1.092	1.309	901096670	52992	22299	168484387	235182	343398023	116	228	23826	6687315	177255583	95255731	16136431
1495831152459574037	parsec.facesim	1	1800	39	1.1	1.107	1.326	901074607	53606	23032	169418357	235203	345626990	117	224	21867	6693026	177869469	95538351	16195116
1495831152968927782	parsec.facesim	1	1800	39	1.1	1.089	1.305	901215633	51291	22194	165629194	231259	337810234	116	228	22949	6724280	178513941	95873793	16267824
1495831153478160695	parsec.facesim	1	1800	39	1.1	1.092	1.308	901203785	52775	23195	167882058	233299	342201053	117	224	22764	6559719	173717377	93438672	15707022
1495831153987470338	parsec.facesim	1	1800	39	1.1	1.089	1.305	901219972	53238	22584	165850574	231407	338221316	118	226	23785	6716632	178147426	95737821	16225749
1495831154496828044	parsec.facesim	1	1800	39	1.1	1.096	1.312	901090085	54614	22149	168351293	235407	343177212	115	224	23172	6777360	179116275	96171295	16512444
1495831155006091876	parsec.facesim	1	1800	39	1.1	1.101	1.318	901095890	53711	22777	167431506	233297	341925333	116	226	22847	6777922	179661189	96260598	16534402
1495831155515416105	parsec.facesim	1	1800	39	1.1	1.095	1.311	901094338	52827	22264	168120885	234865	342564810	117	224	21525	6703220	178294966	95751903	16246253
1495831156024741668	parsec.facesim	1	1800	39	1.1	1.098	1.315	901093749	52283	22847	166708438	233334	340104964	116	228	23129	6732419	178837472	96059731	16313803
1495831156534018399	parsec.facesim	1	1800	39	1.1	1.094	1.310	901097397	50963	21256	168021424	233191	342476941	116	226	21817	6723914	178394437	95822215	16247785
1495831157043303380	parsec.facesim	1	1800	39	1.1	1.098	1.315	901144813	51625	21841	168480750	235054	344216516	117	241	517753	26740035	296719209	164571742	14875871
1495831157552608112	parsec.facesim	1	1800	40	1.1	1.227	1.471	901189656	4208374	26749	307412138	3708129	615816714	131	224	985367	46335544	409296100	232787749	13461903
1495831158061934366	parsec.facesim	1	1800	40	1.1	1.226	1.469	901217425	7622831	27598	411380834	6720635	830456730	117	224	971480	44573056	393213418	225944583	14130431
1495831158571120141	parsec.facesim	1	1800	40	1.2	1.360	1.632	901257447	7511389	28062	402078595	6670656	816220349	116	251	535187	49584385	348830653	198834118	9922280
1495831159080289313	parsec.facesim	1	1800	40	1.2	1.360	1.632	901163812	7329904	28787	396530320	6668567	809019982	117	2293	1291117	134768423	324238802	215513075	9671097
1495831159589648006	parsec.facesim	1	1800	40	1.2	1.341	1.609	758977354	2707765	27730	340887589	5537345	755862600	138	18966	1673464	56810715	117190044	116433075	9321484
1495831262207524865	splash2x.radiosity	1	1800	40	1.1	1.157	1.385	618824490	2658988	784185	101589512	1658917	245725605	13171	56750	3713734	57236147	142628480	165509279	10596338
1495831262717554424	splash2x.radiosity	1	1800	40	1.1	1.146	1.372	901340793	9367019	2740635	194227855	3235808	374878768	47431	83797	5329200	79018007	198721983	235168063	15286118
1495831263227423317	splash2x.radiosity	1	1800	40	1.1	1.173	1.404	901295210	9178755	2681371	199796579	3174730	393622120	46690	82379	5285334	83478353	204867401	238348684	15049735
1495831263737285526	splash2x.radiosity	1	1800	40	1.1	1.182	1.416	889967545	8129599	2594312	196660339	3140839	381993424	44878	85458	3163197	69919095	200282818	202166369	14303133
1495831264247460298	splash2x.radiosity	1	1800	40	1.1	1.166	1.396	901274064	3897539	2525922	201004109	3276511	376005300	43539	94408	2022101	65508234	209731740	189075335	13365775
1495831264757529157	splash2x.radiosity	1	1800	40	1.1	1.169	1.400	901205782	4237017	2939822	216113243	3703425	360556826	49840	99600	2183211	67574838	217220574	195578170	12977947
1495831265267672349	splash2x.radiosity	1	1800	40	1.1	1.167	1.398	901232762	3912028	2604397	200710429	3414742	336400926	45698	41043	857829	29660172	104190458	76889671	22828695
1495831265777229608	splash2x.radiosity	1	1800	40	1.1	1.067	1.278	901284120	1318171	879271	99942990	1181181	213462145	13985	27970	3788347	103952616	268488987	278707029	8630554
1495831266286322681	splash2x.radiosity	1	1800	41	1.2	1.341	1.609	901202805	256941	69383	328641571	766700	996842869	123	226	8242894	177420548	341829283	450522488	1947431
1495831266795307590	splash2x.radiosity	1	1800	41	1.2	1.482	1.778	901139723	96933	73488	340509225	787763	1057187337	116	226	6402102	165799296	351050008	419074221	1448282
1495831267304285209	splash2x.radiosity	1	1800	41	1.2	1.467	1.761	901142268	100975	28970	341017546	654544	1009747072	116	226	6741921	163206175	348620961	413527011	1666512
1495831267813253039	splash2x.radiosity	1	1800	41	1.2	1.467	1.760	901140877	102060	56196	339131854	789344	1008506776	112	224	7780765	165362034	338981461	425202019	2000425
1495831268322199036	splash2x.radiosity	1	1800	41	1.2	1.461	1.752	901142886	102354	43365	338703084	840218	1020186539	113	226	8446541	170549889	335741079	437696065	2388500
1495831268831351411	splash2x.radiosity	1	1800	41	1.2	1.472	1.766	901177534	97741	49680	331602397	955301	1025090423	112	226	8808275	169881480	331937328	440473037	3264134
1495831269340400787	splash2x.radiosity	1	1800	41	1.2	1.473	1.768	901172242	100191	55687	330236424	941386	1012496010	114	228	7949497	164562242	339276620	426875623	2145552
1495831269849443894	splash2x.radiosity	1	1800	42	1.2	1.453	1.743	901088485	103353	49236	342094876	784535	1013012376	113	224	6562030	160522756	347293249	410671550	1666391
1495831270358427274	splash2x.radiosity	1	1800	42	1.2	1.461	1.752	901043066	102970	44903	340795865	852581	1011864456	113	226	7726689	161136237	343093694	421100299	2036347
1495831270867451030	splash2x.radiosity	1	1800	42	1.2	1.459	1.751	901032838	100661	64674	338739742	740448	1000095133	112	224	6949966	156656794	351212939	406767309	1733169
1495831271376542808	splash2x.radiosity	1	1800	42	1.2	1.444	1.733	901083726	104603	43193	347674464	662361	988005466	113	228	7155567	152695879	346653268	401062021	1798743
1495831271885762589	splash2x.radiosity	1	1800	42	1.2	1.442	1.730	901031675	106426	51350	339748555	678742	989968355	112	224	5537621	148892092	352574901	384265824	1570075
1495831272394926620	splash2x.radiosity	1	1800	42	1.2	1.439	1.726	901024920	101942	35575	351001182	635184	980808233	113	226	5750813	150872482	350197338	388434716	1648157
1495831272903957549	splash2x.radiosity	1	1800	42	1.2	1.439	1.726	901054355	102063	35334	342188436	766217	990662600	112	226	6218975	155044077	347338796	395545701	1778826
1495831273412993792	splash2x.radiosity	1	1800	42	1.2	1.444	1.732	901036000	103782	43847	339501305	846026	952311575	113	226	7064922	149731684	343538440	395606280	2117005
1495831273922052016	splash2x.radiosity	1	1800	42	1.2	1.447	1.736	901080675	104641	45906	338540233	846800	944482593	113	224	7182481	144012741	342482079	387469903	2434324
1495831274431246178	splash2x.radiosity	1	1800	42	1.2	1.441	1.729	901059806	95640	49145	347558086	707735	1005836684	112	226	6422224	150940909	350434972	390859566	2366791
1495831274940347113	splash2x.radiosity	1	1800	42	1.2	1.447	1.737	901157418	97917	45867	344110567	817515	1002572595	113	224	7168239	158380477	346048795	408449579	2688918
1495831275449418445	splash2x.radiosity	1	1800	42	1.2	1.451	1.741	901093403	103594	32871	348539958	568423	1019640212	112	228	5783887	155097145	354673543	387194031	1640149
1495831275958405904	splash2x.radiosity	1	1800	42	1.2	1.458	1.750	901206681	100041	35795	332171853	829533	1066047363	113	224	8015655	173253422	336430806	433394987	2233817
1495831276467461051	splash2x.radiosity	1	1800	42	1.2	1.472	1.767	901106638	96106	35124	331677686	848375	1033486460	112	226	8063376	173845509	333774592	432423918	2243553
1495831276976569742	splash2x.radiosity	1	1800	42	1.2	1.447	1.736	901097856	98695	28921	331016783	552570	987567713	114	224	6605601	157961482	339242460	399177167	1524993
1495831277485689080	splash2x.radiosity	1	1800	42	1.2	1.437	1.725	901124954	97774	27613	336139381	482589	1010362832	112	222	5510488	158160743	351386082	387875663	1383742
1495831277994687336	splash2x.radiosity	1	1800	42	1.2	1.435	1.723	901236123	103921	29256	347958811	492315	1019378731	114	226	6268957	145695396	343194671	376379144	1870988
1495831278503768488	splash2x.radiosity	1	1800	42	1.2	1.431	1.718	901017576	104824	30879	338042490	473137	960517179	112	224	6000803	142199360	343620601	368087599	2041235
1495831279012798267	splash2x.radiosity	1	1800	42	1.2	1.435	1.722	901126829	102961	30188	338839592	521575	954764550	113	228	7202833	156006963	342844762	400769062	2285825
1495831279521981006	splash2x.radiosity	1	1800	42	1.2	1.437	1.724	901046959	101984	30683	339543040	579309	983365636	112	224	7185929	152473886	339798195	397251379	2478339
1495831280031060683	splash2x.radiosity	1	1800	42	1.2	1.438	1.726	901046398	107165	30534	335134400	542754	964537829	113	226	7269366	160209774	337975057	408503979	2042610
1495831280540181695	splash2x.radiosity	1	1800	42	1.2	1.440	1.728	901047386	106770	33880	333914802	594496	1003233996	112	226	6048534	155982894	354365111	387627984	2194957
1495831281049197249	splash2x.radiosity	1	1800	42	1.2	1.447	1.736	901054711	110715	31618	349243396	613572	1000824780	114	226	6222563	150886981	351495962	382354261	1946485
1495831281558302576	splash2x.radiosity	1	1800	42	1.2	1.445	1.733	901048616	109726	31617	346650021	609448	984340062	115	224	6885427	143844496	356713683	389918034	1836550
1495831282067402300	splash2x.radiosity	1	1800	42	1.2	1.440	1.728	901111399	104201	32030	351862512	665088	938423069	118	226	5424536	135436115	367596163	367254413	1588352
1495831282576460191	splash2x.radiosity	1	1800	42	1.2	1.442	1.730	901061441	98639	31219	365807126	648848	932095814	116	224	7440119	153335247	350784280	404820037	1846911
1495831283085499709	splash2x.radiosity	1	1800	42	1.2	1.433	1.720	901055022	101214	41576	347419107	605119	974550881	117	226	6684935	147642049	359567466	392267597	1773212
1495831283594521811	splash2x.radiosity	1	1800	42	1.2	1.450	1.740	901043638	98071	34724	357504587	758783	969711548	116	226	7762221	145139162	349890599	399709510	1966946
1495831284103624518	splash2x.radiosity	1	1800	42	1.2	1.444	1.732	901044033	110074	39198	347708451	931742	934189199	117	226	5843771	145801263	359151295	376133774	1846602
1495831284612668164	splash2x.radiosity	1	1800	42	1.2	1.442	1.730	901043429	108635	36621	355974666	872967	980724734	116	226	6270287	146529304	354064869	383893681	1907682
1495831285121663332	splash2x.radiosity	1	1800	42	1.2	1.429	1.715	901045119	112601	38534	352564214	848500	976854325	118	226	7269142	154440887	353460050	403620963	2249771
1495831285630865480	splash2x.radiosity	1	1800	42	1.2	1.456	1.747	901042505	106320	46280	350177103	811333	993719386	114	224	7063350	150873655	349087341	395578254	1997162
1495831286140059378	splash2x.radiosity	1	1800	42	1.2	1.445	1.734	901123092	110056	47413	345374060	790894	980882452	117	226	7088651	148829672	342990419	393124701	1990466
1495831286649115153	splash2x.radiosity	1	1800	42	1.2	1.440	1.728	901041418	112554	41943	342783352	848011	965826034	116	224	6706585	153726876	348033486	394736904	2047080
1495831287158206095	splash2x.radiosity	1	1800	42	1.2	1.436	1.723	901044430	111764	41589	343646740	839464	992296132	117	226	6635438	150530818	348268202	388605483	2122258
1495831287667310123	splash2x.radiosity	1	1800	42	1.2	1.444	1.732	901134193	112301	38398	345836419	827148	979769091	116	224	6535809	150292942	348745699	386858300	2374458
1495831288176352150	splash2x.radiosity	1	1800	42	1.2	1.433	1.719	901114164	123256	38532	345322077	808910	970523625	117	228	5916831	152045333	339114409	378622602	2167564
1495831288685454117	splash2x.radiosity	1	1800	42	1.2	1.436	1.723	901105912	117307	32720	335863757	625276	992851361	116	226	5806066	144024272	339322095	365637003	2234972
1495831289194531146	splash2x.radiosity	1	1800	42	1.2	1.420	1.704	901049938	128301	33276	337986377	494728	952369725	119	226	6266002	139843283	344672003	370779358	2444290
1495831289703638100	splash2x.radiosity	1	1800	42	1.2	1.421	1.706	901042743	123811	37957	340734236	679548	936204739	116	224	6966552	141366307	344189974	382670211	2624336
1495831290212729264	splash2x.radiosity	1	1800	42	1.2	1.424	1.709	901098354	128091	37661	340667482	903052	925598674	118	226	6320181	140600318	341647897	371251309	2986906
1495831290721786600	splash2x.radiosity	1	1800	42	1.2	1.429	1.714	901051577	142268	40023	338886842	963272	931769420	116	224	6346736	140644149	332830380	367480194	3436399
1495831291230868068	splash2x.radiosity	1	1800	42	1.2	1.418	1.701	901048657	146059	38192	331908917	931415	928830272	117	226	6193955	133495496	323531689	352813129	4234829
1495831291739887530	splash2x.radiosity	1	1800	42	1.2	1.406	1.687	901050445	141468	37199	322616752	826079	891227415	115	224	5677897	125863907	307659067	329592334	6075657
1495831292248983367	splash2x.radiosity	1	1800	42	1.2	1.385	1.661	901050435	159180	40043	312546876	1139961	860662718	113	226	4301400	95753751	253840721	250700800	10902139
1495831292758132428	splash2x.radiosity	1	1800	41	1.2	1.308	1.569	901247538	148195	39025	270128565	1478563	722045286	115	230	1604680	49365037	168587779	119163372	17801974
1495831293267364342	splash2x.radiosity	1	1800	41	1.1	1.233	1.478	901115312	103324	31303	179122089	2253097	436097724	118	257	2535410	249140692	252681478	78677167	15274385
1495831293776392687	splash2x.radiosity	1	1800	41	1.1	1.125	1.347	901113839	67506	26223	232309989	878802	677361726	135	250	2158036	205318403	248741368	121466772	12503611
1495831294540577158	splash2x.raytrace	1	1800	40	1.1	1.121	1.342	612249694	3693898	1094392	144214533	1410928	309456676	18332	46047	3210015	55585570	138574766	157728354	8930637
1495831295050331039	splash2x.raytrace	1	1800	40	1.1	1.036	1.240	901201124	9379718	2732839	196044667	3219121	379456815	47519	83620	5352729	78683725	198441800	235397448	15233693
1495831295560130456	splash2x.raytrace	1	1800	40	1.1	1.174	1.406	901226187	9206377	2679888	201638576	3171187	397828315	46861	82598	5295173	83012364	204419426	238306297	15006234
1495831296069666143	splash2x.raytrace	1	1800	40	1.1	1.181	1.414	893935498	7887494	2032767	220221683	2505842	549383692	34388	46014	4274457	106388563	237383748	251303114	25868304
1495831296578952409	splash2x.raytrace	1	1800	40	1.2	1.356	1.626	901124240	158925	45047	164387339	988741	401232354	378	260	471667	92477835	268318538	211319052	84927833
1495831297088014965	splash2x.raytrace	1	1800	41	1.2	1.419	1.703	901161993	92782	28426	165678489	992635	402525343	138	228	514921	90239003	267724122	211867889	86116649
1495831297597166204	splash2x.raytrace	1	1800	41	1.2	1.437	1.724	901191648	90674	27509	177162107	1043293	422122195	117	226	430054	91875435	268312484	212014672	86677930
1495831298106219318	splash2x.raytrace	1	1800	41	1.2	1.443	1.732	901135186	84681	28487	177534885	1055255	426353277	117	224	419387	90589158	270153121	211185960	84481803
1495831298615257427	splash2x.raytrace	1	1800	41	1.2	1.442	1.731	901130690	79875	27249	181778791	1076090	439679062	116	226	335312	89905314	268225835	210165200	86867285
1495831299124337055	splash2x.raytrace	1	1800	41	1.2	1.475	1.770	901067281	79727	27089	214633171	1295831	515413778	117	224	450521	87194971	266782151	210628015	86175740
1495831299633387595	splash2x.raytrace	1	1800	41	1.2	1.470	1.764	901066521	76973	26906	153797698	911212	370991192	116	226	499306	87039895	267118168	211315132	86526798
1495831300142433448	splash2x.raytrace	1	1800	41	1.1	1.400	1.679	901067488	81405	27467	140473167	824618	338125005	117	224	468309	87632525	267120625	211536939	87150246
1495831300651551483	splash2x.raytrace	1	1800	41	1.2	1.408	1.690	901062228	81421	27191	141887647	830355	340937507	116	226	342257	88545464	265770193	209355531	87021008
1495831301160860475	splash2x.raytrace	1	1800	41	1.2	1.407	1.689	901071103	87708	28722	151704625	885841	356209389	118	226	394115	88187926	266434721	209596780	86601928
1495831301670016901	splash2x.raytrace	1	1800	41	1.2	1.417	1.701	901153038	86076	27614	151590079	894327	356439984	117	228	374058	88666021	268056339	210616273	86130518
1495831302179178284	splash2x.raytrace	1	1800	41	1.2	1.418	1.702	901073712	89094	28180	155470467	898097	367952003	117	224	349561	90230070	268747419	210365113	86012247
1495831302688368434	splash2x.raytrace	1	1800	41	1.2	1.422	1.706	901055157	83750	28037	145464441	840728	350913592	117	226	410431	88594607	265196807	208849191	85693428
1495831303197504769	splash2x.raytrace	1	1800	41	1.2	1.405	1.686	901057613	80978	26566	149503426	858775	359274661	116	224	451567	87158740	265371071	209504950	86321199
1495831303706615184	splash2x.raytrace	1	1800	41	1.1	1.416	1.698	901053557	84473	27685	151198009	877675	361350048	117	226	388896	87302261	263956954	207644474	86133433
1495831304215738931	splash2x.raytrace	1	1800	41	1.1	1.413	1.695	901050611	75546	28100	152669543	884632	365153218	116	224	473883	89804008	266914896	211614259	87617317
1495831304724989488	splash2x.raytrace	1	1800	41	1.2	1.420	1.704	901044532	89546	28665	150998721	871140	361232219	116	226	468961	89035666	266709112	211058440	87197691
1495831305234139584	splash2x.raytrace	1	1800	41	1.2	1.416	1.700	901063575	82095	27181	153626351	889948	368936034	117	226	385680	88971271	267153253	210360949	87051025
1495831305743338864	splash2x.raytrace	1	1800	41	1.2	1.420	1.704	901135572	81400	28178	135467588	807557	328258129	117	228	398408	87680708	265307857	208848727	87245737
1495831306252484705	splash2x.raytrace	1	1800	41	1.1	1.394	1.672	901051616	80568	26848	130288728	764921	313948339	116	224	397230	87192271	265563258	209015299	87302346
1495831306761565668	splash2x.raytrace	1	1800	41	1.1	1.398	1.676	901059820	83801	28354	135135359	790910	323948477	117	226	447449	88246356	268504561	211461318	86370957
1495831307270691025	splash2x.raytrace	1	1800	41	1.1	1.401	1.680	901061880	82469	27403	128788882	747933	309460683	116	226	417849	87807503	267710385	210854014	87985759
1495831307779863046	splash2x.raytrace	1	1800	41	1.1	1.402	1.682	901144660	86544	28105	143374280	821652	338654229	117	238	377787	86886711	262539183	206285434	86327128
1495831308289101168	splash2x.raytrace	1	1800	41	1.1	1.400	1.679	901116233	82308	27955	132262631	745711	313947888	116	226	348938	86140847	264639889	207257677	87464642
1495831308798242351	splash2x.raytrace	1	1800	41	1.2	1.393	1.672	901065570	81275	28405	128045606	730995	307058323	118	226	343224	86529998	264248127	207067718	87088401
1495831309307430656	splash2x.raytrace	1	1800	41	1.1	1.395	1.673	901080823	82064	27660	139480878	793251	330120742	117	228	356086	86034336	264702513	206682613	87130817
1495831309816617439	splash2x.raytrace	1	1800	41	1.1	1.397	1.675	901197608	82952	28426	140503025	809282	336451848	116	224	444771	87369217	268678009	211361186	87978454
1495831310325741156	splash2x.raytrace	1	1800	41	1.1	1.405	1.685	901144198	80356	27642	139587109	805852	335513141	116	226	506517	87487290	269134020	212801836	88335604
1495831310834887351	splash2x.raytrace	1	1800	41	1.1	1.402	1.681	901152262	81538	28379	130914609	746134	311532501	117	224	484345	87137469	267918391	211618526	87855430
1495831311343947375	splash2x.raytrace	1	1800	41	1.1	1.395	1.673	901144527	81154	27242	144323475	822138	345394579	116	226	464071	86207735	269275705	211522093	88250535
1495831311853142503	splash2x.raytrace	1	1800	41	1.1	1.411	1.693	901141061	85772	28226	145786845	832561	348441883	117	224	457400	86608292	267221390	210967215	87734237
1495831312362233752	splash2x.raytrace	1	1800	41	1.1	1.412	1.693	901147779	83973	28679	146410134	840423	349150242	116	226	475705	86716557	267087305	210936680	86492837
1495831312871353126	splash2x.raytrace	1	1800	41	1.1	1.414	1.696	901147099	82963	28265	141995376	810353	338210153	116	226	401274	87713131	265691761	209981009	86240334
1495831313380488120	splash2x.raytrace	1	1800	41	1.1	1.406	1.687	901211706	81103	26872	134959496	772585	320519523	112	228	319778	88517290	266021541	209244694	87166869
1495831313889622322	splash2x.raytrace	1	1800	41	1.1	1.397	1.675	901177588	83206	28347	139710728	792680	332790935	114	224	347941	86662031	264927994	208584505	87250962
1495831314398746625	splash2x.raytrace	1	1800	42	1.2	1.409	1.691	901139750	82462	27782	143887726	829225	342750108	112	226	366274	86596528	264609748	208843738	86912410
1495831314907939740	splash2x.raytrace	1	1800	41	1.2	1.407	1.689	901135300	85725	27921	142341975	825618	337888384	113	224	394582	86485854	266820548	209314345	87957219
1495831315417075497	splash2x.raytrace	1	1800	41	1.1	1.405	1.685	901135079	82981	26740	138630702	807867	335192736	112	226	423262	86134085	267056827	209833737	87709989
1495831315926205627	splash2x.raytrace	1	1800	41	1.1	1.405	1.685	901140024	80272	25998	127735631	720273	303635316	113	224	517906	86741738	269342691	212679418	88234988
1495831316435361067	splash2x.raytrace	1	1800	41	1.2	1.397	1.677	901140034	81269	26459	129074850	725801	305694609	112	226	542055	87114819	271312892	214171133	88457726
1495831316944397611	splash2x.raytrace	1	1800	42	1.1	1.398	1.676	901177035	82637	27205	126991935	718221	301060764	114	224	495227	86245532	270707305	212919857	88706902
1495831317453565901	splash2x.raytrace	1	1800	41	1.1	1.395	1.674	901091303	81100	27008	125924954	720051	300496202	112	226	469995	85519743	267597268	210637734	87729082
1495831317962748961	splash2x.raytrace	1	1800	41	1.2	1.393	1.672	901192493	83806	27753	124785431	709196	297428230	121	224	464818	85194409	266222612	209924165	86969433
1495831318471980934	splash2x.raytrace	1	1800	41	1.2	1.389	1.667	901079090	78295	26322	123313730	699189	292940974	112	226	479843	85838819	266584215	210910351	87030472
1495831318981095428	splash2x.raytrace	1	1800	42	1.2	1.392	1.671	901074216	78164	26887	120744272	676006	284604736	113	224	285791	90196050	266282443	209357659	87267562
1495831319490218772	splash2x.raytrace	1	1800	42	1.1	1.390	1.667	901071574	79010	25882	124104383	699555	294247522	112	226	302352	87765509	265411839	208588177	86640053
1495831319999298866	splash2x.raytrace	1	1800	42	1.1	1.390	1.667	901073178	80599	26456	123274176	699459	294176827	113	224	444450	87256890	267049004	210715865	86519881
1495831320508428602	splash2x.raytrace	1	1800	42	1.2	1.393	1.672	901077777	79744	26177	124159115	702228	294743471	112	226	359650	86500685	266539922	208658915	88626368
1495831321017558359	splash2x.raytrace	1	1800	42	1.1	1.390	1.668	901076882	80787	27293	123616749	694378	290896292	114	228	385686	87397696	267010604	209703644	88502232
1495831321526750028	splash2x.raytrace	1	1800	42	1.2	1.391	1.669	901084281	80188	26884	124268218	702880	293266599	113	226	515982	86598239	269088390	212321605	88388637
1495831322035937447	splash2x.raytrace	1	1800	42	1.2	1.396	1.675	901111835	86008	27718	130240041	739500	306418203	118	224	491875	86861181	269290073	212254124	88298471
1495831322545028696	splash2x.raytrace	1	1800	42	1.2	1.399	1.680	901137980	82132	27463	130829760	732054	307736361	116	226	491418	86795264	269786744	212374885	88247833
1495831323054228903	splash2x.raytrace	1	1800	42	1.2	1.398	1.678	901141395	84181	27680	130494465	729214	306437944	117	224	474826	86438398	268595856	211428519	88058802
1495831323563396190	splash2x.raytrace	1	1800	42	1.2	1.395	1.674	901139021	83413	27718	130727267	733104	307391182	116	226	430965	85693159	267751842	210416116	87371235
1495831324072478914	splash2x.raytrace	1	1800	42	1.2	1.395	1.675	901137495	85476	28363	133644496	749829	315192911	117	224	429599	86325671	266754681	210641265	85662910
1495831324581727697	splash2x.raytrace	1	1800	42	1.2	1.393	1.672	901135143	83218	27604	131275089	729695	307931402	116	226	332325	87694358	267652583	210382047	84669777
1495831325090847730	splash2x.raytrace	1	1800	42	1.2	1.392	1.671	901140292	83897	27500	131088499	726847	305064977	117	226	472367	87771497	268817900	212068354	86301486
1495831325599947864	splash2x.raytrace	1	1800	42	1.2	1.394	1.673	901181743	81711	27790	123480582	697314	289760973	116	228	432051	86857172	268008755	210859458	87950221
1495831326109119830	splash2x.raytrace	1	1800	42	1.2	1.397	1.677	901256180	82426	27926	130225879	725909	306816463	116	224	367086	86770364	267453405	210109025	87187158
1495831326618182981	splash2x.raytrace	1	1800	42	1.2	1.395	1.674	901135495	85523	28396	129783792	724710	304978048	117	226	420301	86571952	267644319	210900690	87277166
1495831327127280382	splash2x.raytrace	1	1800	42	1.2	1.398	1.677	901143417	84302	27922	130801919	739519	308722461	116	224	463310	86561367	268001567	211321810	87353595
1495831327636448467	splash2x.raytrace	1	1800	42	1.2	1.401	1.681	901191496	84331	28421	133817123	761727	316731775	117	226	516855	86386341	269094531	212656173	87056530
1495831328145527968	splash2x.raytrace	1	1800	42	1.2	1.405	1.687	901072746	84841	27358	137912575	768253	327977962	116	224	424524	86646493	268992673	211753020	86284384
1495831328654724278	splash2x.raytrace	1	1800	42	1.2	1.400	1.681	901064239	78717	26630	130584926	718400	314902337	117	226	322091	87948352	268617357	210662080	83929370
1495831329163946901	splash2x.raytrace	1	1800	41	1.2	1.396	1.675	901073498	80809	27128	126143282	704579	303817568	117	226	412490	87737190	268685083	211367619	85433198
1495831329673154125	splash2x.raytrace	1	1800	41	1.2	1.389	1.667	901144830	82330	27030	123766115	694857	296977704	118	228	395804	87734285	269150459	211812321	85521485
1495831330182399597	splash2x.raytrace	1	1800	42	1.2	1.389	1.667	901070745	79403	26681	122538427	688941	292153194	116	224	554901	87330030	270457072	214031555	85130891
1495831330691633464	splash2x.raytrace	1	1800	42	1.2	1.392	1.670	901061600	80963	27668	123843821	696276	294326194	117	226	452597	88205243	269811961	212567577	83369387
1495831348512457467	splash2x.water_nsquared	1	1800	41	1.1	1.210	1.451	759289178	9320641	2694913	194874326	3171676	377564177	46899	49349	3288779	56395036	143623310	158777068	13454167
1495831349022428180	splash2x.water_nsquared	1	1800	41	1.1	1.111	1.331	901098583	9145363	2645108	200328161	3116763	395927625	46175	83547	5357246	78764887	198404361	235227951	15356912
1495831349532409288	splash2x.water_nsquared	1	1800	41	1.1	1.177	1.409	894212915	7736735	1929867	215089615	2343920	576761856	33134	82278	5317489	82970092	204261456	238282678	15177965
1495831350041857270	splash2x.water_nsquared	1	1800	41	1.1	1.179	1.412	901200682	160848	26012	427497506	361961	1149610076	157	45278	4058988	128802037	287748069	300633064	12596278
1495831350551150856	splash2x.water_nsquared	1	1800	42	1.2	1.466	1.759	901103461	70896	22109	415436220	348433	1110096529	116	226	1411682	194155650	624354864	526881577	16175920
1495831351060269629	splash2x.water_nsquared	1	1800	42	1.2	1.633	1.962	901143468	70245	21911	392057222	329820	1043853441	117	228	1443475	194063245	624413964	527954642	16211078
1495831351569382588	splash2x.water_nsquared	1	1800	42	1.2	1.621	1.948	901078294	70089	21852	363236236	307262	966168722	117	224	1439641	195355617	624973492	529102218	16051049
1495831352078473025	splash2x.water_nsquared	1	1800	42	1.2	1.600	1.922	901079968	70095	22060	351428441	298450	934748161	117	226	1411089	195767337	623698039	527591870	16079397
1495831352587554170	splash2x.water_nsquared	1	1800	42	1.2	1.591	1.911	901202579	69961	21728	346932010	294818	924145624	117	224	1511148	194845081	621738591	526669706	16005869
1495831353096669459	splash2x.water_nsquared	1	1800	42	1.2	1.589	1.908	901145264	70228	21780	339415763	288402	902914479	117	226	1638846	193112385	620681752	526363029	15856776
1495831353605825436	splash2x.water_nsquared	1	1800	42	1.2	1.577	1.894	901077327	69458	21542	324483505	275033	862542012	116	224	1884469	194383454	604508853	518482981	15339946
1495831354114984265	splash2x.water_nsquared	1	1800	42	1.2	1.560	1.874	901077390	70044	21627	319967319	271703	847295751	117	222	1787767	201080300	583313544	499411473	14476594
1495831354624061448	splash2x.water_nsquared	1	1800	42	1.2	1.553	1.865	901237110	70486	21685	318986161	271793	845492510	116	226	1615671	206127874	574475181	492941369	13999735
1495831355133195213	splash2x.water_nsquared	1	1800	43	1.2	1.550	1.862	901151599	71292	22513	325774071	275394	864568348	117	224	1857399	208226651	564120216	486486469	13409801
1495831355642428978	splash2x.water_nsquared	1	1800	42	1.2	1.545	1.855	901070380	71075	23227	338916448	284063	911822792	114	236	2067235	192508078	551037927	477323499	14542173
1495831356151570595	splash2x.water_nsquared	1	1800	43	1.2	1.556	1.867	901086497	71116	22984	352957078	292967	963081080	113	224	2455610	188095654	605167172	524331517	15757244
1495831356660677108	splash2x.water_nsquared	1	1800	43	1.2	1.594	1.915	901144513	71269	22533	359730069	295054	993785744	113	230	2434634	186979845	608027382	525062522	15803378
1495831357169816245	splash2x.water_nsquared	1	1800	43	1.2	1.600	1.922	901106534	72640	22404	368806106	300202	1032951426	113	224	2487520	186993050	608162646	526645613	15715952
1495831357678930506	splash2x.water_nsquared	1	1800	43	1.2	1.610	1.933	901089808	71008	22902	376419095	302322	1066171867	112	226	2447833	188174079	606627667	525918968	15751144
1495831358188040328	splash2x.water_nsquared	1	1800	43	1.2	1.615	1.940	901093175	72678	22271	381637805	304609	1093825884	113	226	2458444	188276491	605743346	524844189	15683599
1495831358697177109	splash2x.water_nsquared	1	1800	43	1.2	1.622	1.949	901216422	71758	22568	404023048	318848	1173575571	112	228	2397318	187292936	609110334	525113657	15678201
1495831359206305387	splash2x.water_nsquared	1	1800	43	1.2	1.646	1.977	901155890	73107	24171	419061021	327439	1233127149	113	224	2368650	190627548	598169232	517981713	15305024
1495831359715461792	splash2x.water_nsquared	1	1800	43	1.2	1.644	1.974	901098672	75852	24315	408321982	335904	1155294140	118	226	2367081	195809252	585241541	508521315	14660468
1495831360224555777	splash2x.water_nsquared	1	1800	43	1.2	1.629	1.957	901092666	74981	24949	419739294	351350	1109095010	113	224	2452007	195765385	574965010	500091031	14393980
1495831360733794658	splash2x.water_nsquared	1	1800	43	1.2	1.636	1.965	901145544	74501	24782	403475277	339148	1069318016	113	226	2161598	202674571	567709457	493874812	13892636
1495831361242937434	splash2x.water_nsquared	1	1800	43	1.2	1.618	1.944	901098295	76243	25134	374550516	316188	990680474	115	224	2488527	202119766	556916268	487428248	13414329
1495831361752142126	splash2x.water_nsquared	1	1800	43	1.2	1.596	1.916	901168786	74224	24103	353102233	299544	931021125	112	230	2498737	191101759	535553225	470935295	14313266
1495831362261350713	splash2x.water_nsquared	1	1800	43	1.2	1.580	1.897	901189013	76196	23999	345654227	293516	912246996	113	226	2469584	187277582	606218977	524500515	15763180
1495831362770642174	splash2x.water_nsquared	1	1800	43	1.2	1.601	1.922	901314131	74025	23525	341368151	290318	901050143	112	228	2453349	186282701	607826829	525310704	15913514
1495831363279727322	splash2x.water_nsquared	1	1800	43	1.2	1.599	1.920	901180521	75275	24288	331018934	282800	872637708	113	224	2457771	188109559	607999425	527054142	15708800
1495831363788867177	splash2x.water_nsquared	1	1800	43	1.2	1.591	1.911	901184260	74947	24886	318867783	272123	839055515	113	226	2448929	188625717	606199812	525381925	15713184
1495831364298000678	splash2x.water_nsquared	1	1800	43	1.2	1.582	1.900	901184548	74272	24125	316341304	269697	830698789	113	224	2457627	187403308	607150804	524902486	15731778
1495831364807153198	splash2x.water_nsquared	1	1800	43	1.2	1.581	1.898	901232219	74938	24225	317795913	270542	836856490	113	226	2407922	186741886	609278638	525871166	15767883
1495831365316291760	splash2x.water_nsquared	1	1800	43	1.2	1.583	1.901	901183226	74472	24347	327072166	276391	868231732	113	224	2341868	191470309	598838558	518747151	15335555
1495831365825412529	splash2x.water_nsquared	1	1800	43	1.2	1.586	1.905	901185244	74349	23832	341790504	286094	918387848	112	226	2405700	194927360	586242596	509127191	14693261
1495831366334483714	splash2x.water_nsquared	1	1800	43	1.2	1.593	1.913	901309318	77262	25007	353339432	293079	960675748	117	228	2342707	196018346	577256836	501211318	14536116
1495831366843650066	splash2x.water_nsquared	1	1800	43	1.2	1.592	1.913	901182880	75310	24591	359447263	295869	990705868	116	226	2273042	202360575	566963134	494405728	13871696
1495831367352836624	splash2x.water_nsquared	1	1800	43	1.2	1.597	1.918	901176623	77057	25063	368569268	300536	1028544789	118	224	2351035	201947129	559679770	487908264	13542190
1495831367861977182	splash2x.water_nsquared	1	1800	43	1.2	1.600	1.921	901181017	77504	25153	373422325	300188	1052089214	116	234	2580611	192848415	530536309	467817951	13948882
1495831368371257364	splash2x.water_nsquared	1	1800	43	1.2	1.567	1.882	901176262	78167	25328	380511481	304332	1084995415	117	224	2475302	186191465	606992649	524464872	15841132
1495831368880362545	splash2x.water_nsquared	1	1800	43	1.2	1.645	1.976	901236349	77378	25587	406213609	321112	1174358163	117	226	2444042	187139255	607161793	526091573	15900428
1495831369389610726	splash2x.water_nsquared	1	1800	43	1.2	1.656	1.990	901224386	76522	25326	415488760	325235	1216587833	117	224	2455915	188671393	607430750	526318643	15656741
1495831369898834614	splash2x.water_nsquared	1	1800	43	1.2	1.658	1.992	901231774	74607	25147	403893662	342662	1113076235	120	230	2438145	188247438	606909372	525038979	15749693
1495831370408000460	splash2x.water_nsquared	1	1800	43	1.2	1.642	1.973	901158138	76221	24654	415956779	348359	1102791399	115	224	2484791	186250836	607687739	525010653	15749552
1495831370917190389	splash2x.water_nsquared	1	1800	43	1.2	1.647	1.978	901232491	74638	25352	399400522	335599	1059868558	115	226	2417482	187530315	607975230	526556949	15818652
1495831371426342046	splash2x.water_nsquared	1	1800	43	1.2	1.635	1.964	901270424	76136	25705	368908949	312423	975654927	118	224	2331358	191670517	599722775	518928731	15341084
1495831371935480369	splash2x.water_nsquared	1	1800	43	1.2	1.610	1.933	901158286	74470	24309	351381421	298138	926063181	116	226	2434176	193273207	587708857	509738579	14799972
1495831372444612025	splash2x.water_nsquared	1	1800	43	1.2	1.595	1.916	901172844	74960	24043	344625022	292647	909309794	118	224	2278480	196885828	578278424	502144826	14539816
1495831372953732722	splash2x.water_nsquared	1	1800	43	1.2	1.586	1.905	901192765	74388	24545	340418159	290126	898680344	116	226	2371050	201106571	566505416	494484154	13923382
1495831373462887564	splash2x.water_nsquared	1	1800	43	1.2	1.577	1.894	901265208	76691	24911	328089949	280529	863319531	117	226	2216644	202753098	562138115	488721107	13594439
1495831373972094363	splash2x.water_nsquared	1	1800	43	1.2	1.561	1.876	901155614	74168	25053	317909210	272029	835261965	116	232	2670300	198951162	539221772	479001949	13419818
1495831374481239871	splash2x.water_nsquared	1	1800	43	1.2	1.557	1.870	901145267	75244	25141	316047047	270256	828679337	117	224	2820610	186891002	570881529	521447952	15167267
1495831374990422648	splash2x.water_nsquared	1	1800	43	1.2	1.574	1.890	901139458	76964	25241	329642413	279031	875786860	118	226	2845571	188000740	568770412	522548927	15109151
1495831375499618342	splash2x.water_nsquared	1	1800	43	1.2	1.581	1.898	901135142	76060	24894	344099531	287960	926611531	116	220	2832802	188997606	568336208	521620589	15054684
1495831376008795118	splash2x.water_nsquared	1	1800	43	1.2	1.593	1.913	901179545	77123	25565	354513413	293310	966145334	116	226	2807722	188133824	570088945	521335223	15127204
1495831376517945185	splash2x.water_nsquared	1	1800	43	1.2	1.601	1.922	901135596	67808	24506	361323730	296475	998366866	112	224	2789921	187194975	571419549	521734715	15196964
1495831377027164085	splash2x.water_nsquared	1	1800	43	1.2	1.608	1.931	901154411	77363	25684	370235108	300666	1034752562	113	226	2824020	188206477	569045125	522364979	15100463
1495831377536374172	splash2x.water_nsquared	1	1800	43	1.2	1.608	1.931	901214893	77199	25607	373911952	300306	1055711569	112	226	2680856	192173422	564572450	515817514	14790655
1495831378045598280	splash2x.water_nsquared	1	1800	43	1.2	1.611	1.935	901152766	78301	25482	384144481	306703	1098905127	113	228	2683398	194130370	557989290	508570041	14443430
1495831378554717678	splash2x.water_nsquared	1	1800	43	1.2	1.612	1.937	901217063	76485	25516	410444211	323141	1189573758	112	224	2560676	199702214	549118492	502407455	14000865
1495831379063898825	splash2x.water_nsquared	1	1800	43	1.2	1.631	1.959	901097234	78920	26488	415906219	324596	1221799171	114	226	2653094	203571019	540658373	495830032	13532760
1495831379573117535	splash2x.water_nsquared	1	1800	43	1.2	1.635	1.964	901094478	75864	23670	407324436	350083	1101195652	120	224	2447975	205827483	537226969	490027670	13327139
1495831380082519098	splash2x.water_nsquared	1	1800	43	1.2	1.609	1.933	854831171	78119	24995	413164743	346114	1098021145	114	3060	2518948	179952135	456579936	422142051	11509361
1495842368004737423	parsec.facesim	2	1800	38	1.1	.948	1.135	901156350	9419700	2742740	197969127	3230155	383836470	47768	82706	5348395	80531794	201749503	236774446	15248852
1495842368514508912	parsec.facesim	2	1800	38	1.1	1.166	1.398	901235243	9244008	2694781	202850775	3187338	400894281	47083	83422	5326935	80717172	201459272	237303561	15267966
1495842369024285942	parsec.facesim	2	1800	38	1.1	1.172	1.405	901258464	6217620	1971385	274945861	2398207	596364466	33232	81245	5204390	83345328	204354462	237077651	14930402
1495842369533807202	parsec.facesim	2	1800	38	1.1	1.226	1.470	901148582	1348603	906555	329925955	1276333	862399579	12718	17721	1465059	145452536	356946520	244954442	7865937
1495842370043354753	parsec.facesim	2	1800	38	1.2	1.286	1.543	901139764	1501375	865750	177161041	1571316	462090274	13544	38037	1560496	83283961	238007186	191411571	11924955
1495842370552652054	parsec.facesim	2	1800	38	1.2	1.181	1.417	901096510	533316	275618	151927971	1439753	429763190	3800	9232	9803414	112032078	143153982	225703178	6258515
1495842371061823294	parsec.facesim	2	1800	38	1.1	1.108	1.328	901080578	231753	107763	172539159	1103239	491553880	894	522	6558785	111129586	182787010	215703231	5576735
1495842371571129950	parsec.facesim	2	1800	38	1.1	1.128	1.352	901090155	654510	289428	146108493	1506960	413992720	3026	4378	9749619	117476739	146225384	226092300	4980027
1495842372080416126	parsec.facesim	2	1800	38	1.2	1.151	1.381	901089084	781620	475566	177640938	1643942	418668822	6805	13312	3698346	85051551	170041577	163380856	7735855
1495842372589771803	parsec.facesim	2	1800	38	1.1	1.160	1.391	901096725	645083	393748	157800800	1427183	381898760	5522	10741	2617906	77218972	162026203	137531916	5062669
1495842373098983729	parsec.facesim	2	1800	38	1.1	1.095	1.311	901100529	779445	479274	161553512	1462922	391552599	7089	13204	2625822	77971437	160654259	140238151	5167494
1495842373608487906	parsec.facesim	2	1800	38	1.1	1.095	1.311	901105470	682230	418050	149361665	1389679	368643686	6307	8962	2654852	74752508	154474987	132612827	4265517
1495842374117775457	parsec.facesim	2	1800	38	1.1	1.092	1.307	901125307	72134	28290	269598984	450010	827801114	112	8449	12859094	154416052	186826234	306217646	5800327
1495842374627032155	parsec.facesim	2	1800	39	1.1	1.181	1.416	901081494	79169	26411	1158395895	1477423	1517079496	120	224	7031441	100595500	985212728	415842928	95046874
1495842375136164728	parsec.facesim	2	1800	39	1.2	1.761	2.116	901183187	1036137	707204	224314954	1187913	684820011	11641	236	16218340	173076033	442332058	416691291	30799774
1495842375645713300	parsec.facesim	2	1800	39	1.2	1.231	1.477	901111850	4742593	806361	397234563	5934182	708987985	13914	50845	4364103	75143049	308352585	246753575	12370894
1495842376154941247	parsec.facesim	2	1800	39	1.2	1.298	1.557	901081597	4779934	27081	448340140	6953434	839731245	111	226	945653	43258670	445715512	249042175	13095099
1495842376664151424	parsec.facesim	2	1800	39	1.2	1.378	1.654	901081795	4644221	27645	435343923	6889775	822893817	113	228	911716	42194569	432916483	242912891	13432346
1495842377173384726	parsec.facesim	2	1800	39	1.2	1.370	1.644	901088982	4331711	33285	437772895	5840990	851453943	191	224	921655	41635257	426149997	240454056	13696300
1495842377682554257	parsec.facesim	2	1800	39	1.2	1.381	1.657	901081928	7498891	27683	414286504	6526525	811606231	124	320	744995	46998474	419540329	235112356	14115661
1495842378191709121	parsec.facesim	2	1800	40	1.2	1.359	1.631	901224042	7515094	27017	405722616	6470947	798933592	112	248	812591	44658850	398756897	233108395	15873729
1495842378700969444	parsec.facesim	2	1800	39	1.2	1.351	1.621	901182467	7419842	28529	398417390	6441825	789621261	113	226	798672	43901695	391442158	229196655	16267163
1495842379210159329	parsec.facesim	2	1800	39	1.2	1.347	1.616	901138457	5996661	29897	365105924	5533227	738366411	135	224	806594	43423833	387129018	227498620	16453754
1495842379719423360	parsec.facesim	2	1800	39	1.2	1.297	1.556	901111973	109305	53611	202449217	2347945	453122149	616	1230	363789	42985769	288951794	177470044	14475758
1495842380228646245	parsec.facesim	2	1800	39	1.1	1.172	1.405	901104070	50225	22753	169758190	234776	345882589	112	224	22078	6467409	171239123	92044797	15320304
1495842380737870067	parsec.facesim	2	1800	39	1.1	1.091	1.308	901099107	51659	23024	170115368	234399	346603286	113	228	23468	6285084	167019051	90184787	14547459
1495842381247135473	parsec.facesim	2	1800	39	1.1	1.087	1.303	901101285	51751	22635	169284417	234750	345476985	113	224	22614	6360456	167744925	90257304	14911358
1495842381756481253	parsec.facesim	2	1800	39	1.1	1.087	1.303	901103222	51135	22678	169294051	234966	344697644	113	228	23462	6405275	169253315	91215734	14955873
1495842382265746659	parsec.facesim	2	1800	39	1.1	1.086	1.301	901165564	50572	23090	170252131	234738	346965025	112	224	22463	6589853	174414130	93439218	15624459
1495842382775013815	parsec.facesim	2	1800	39	1.1	1.092	1.308	901098903	53230	23813	172047395	238124	350811101	113	226	23716	6368088	168273026	90595135	14851222
1495842383284255659	parsec.facesim	2	1800	39	1.1	1.090	1.306	901146725	52314	23660	170709714	236106	348370271	113	224	22568	6386821	168490197	90671139	14989808
1495842383793515106	parsec.facesim	2	1800	39	1.1	1.089	1.304	901106610	53401	23187	169789346	237344	345946395	113	226	22577	6647310	175819273	94129662	15816503
1495842384302753450	parsec.facesim	2	1800	39	1.1	1.095	1.311	901098150	52092	23640	173095010	239214	352991455	112	224	23318	6387525	169691614	91506927	14853872
1495842384812024689	parsec.facesim	2	1800	39	1.1	1.096	1.313	901103899	52743	23450	170009700	234580	346369676	113	222	23804	6468673	170859820	91881654	15277447
1495842385321334761	parsec.facesim	2	1800	39	1.1	1.093	1.308	901106895	49671	21727	170813552	235729	348652947	113	224	22557	6563648	173396300	93001973	15536647
1495842385830570021	parsec.facesim	2	1800	39	1.1	1.095	1.312	901117760	52423	22810	170299451	237515	347040712	113	228	23731	6417686	169146546	91007536	15079881
1495842386340226551	parsec.facesim	2	1800	39	1.1	1.083	1.298	901100619	51915	23411	171061093	235717	348809892	112	226	22813	6349515	168366405	90873266	14698433
1495842386849586145	parsec.facesim	2	1800	39	1.1	1.093	1.310	901096555	52470	23673	172434794	238527	351597847	113	226	22960	6351155	167536563	90140206	14898786
1495842387358777697	parsec.facesim	2	1800	39	1.1	1.095	1.311	901157482	51586	22781	172258655	239381	352008339	113	224	22358	6486074	171279744	91979881	15296561
1495842387868021061	parsec.facesim	2	1800	39	1.1	1.086	1.301	901169300	51794	22675	171168357	236658	348670951	113	226	22729	6329488	168395753	90871121	14703709
1495842388377384966	parsec.facesim	2	1800	39	1.1	1.097	1.313	901167065	51477	23267	173699571	240476	354540089	112	224	21839	6441127	170396528	91560972	15221924
1495842388886738726	parsec.facesim	2	1800	39	1.1	1.094	1.310	901113562	53317	23550	171283138	236969	349166112	114	228	22975	6461365	170588877	91609691	15226187
1495842389396102611	parsec.facesim	2	1800	39	1.1	1.098	1.315	901110497	52030	23383	170994194	236378	348556774	112	224	22516	6351645	168754895	91076162	14790464
1495842389905388288	parsec.facesim	2	1800	39	1.1	1.099	1.316	901181980	52507	23678	170368827	235626	347597981	113	228	23246	6484783	171270154	91985560	15264085
1495842390414806360	parsec.facesim	2	1800	39	1.1	1.090	1.306	901100212	51376	23303	169769868	236901	345903511	112	224	21771	6467843	171238896	92049613	15318887
1495842390924055620	parsec.facesim	2	1800	39	1.1	1.090	1.306	901251887	51602	23337	171191865	236510	348905341	113	226	23433	6342919	167248221	90286330	14758283
1495842391433223359	parsec.facesim	2	1800	39	1.1	1.092	1.307	901274170	5400568	28666	343916253	4658485	688708884	127	226	778375	45377398	400648133	226797450	17022022
1495842391942446765	parsec.facesim	2	1800	39	1.2	1.367	1.640	901224465	7497729	27053	399448337	6656727	811818393	110	224	789380	44510869	392900011	223587642	17090380
1495842392451642879	parsec.facesim	2	1800	39	1.2	1.357	1.628	901279077	7321717	28507	395802302	6654338	808141463	117	228	790367	43473945	383286493	219555511	17362242
1495842392960863494	parsec.facesim	2	1800	40	1.2	1.348	1.618	901237043	2025292	167723	333737290	5157335	748553430	421	243	780629	43698075	384141013	219546014	17050941
1495842393470380045	parsec.facesim	2	1800	40	1.2	1.359	1.630	901289289	2247301	873432	291379225	1517227	646788191	1859	1178	714931	98567107	347662971	215259650	10979015
1495842393979935805	parsec.facesim	2	1800	39	1.2	1.370	1.644	759465864	4045493	1194559	124143959	1578434	271996693	20340	2628	1136366	99902767	210641326	157825916	11561050
1495842496343945334	splash2x.radiosity	2	1800	40	1.1	.941	1.128	901352632	9309872	2700408	202396210	3196236	396239780	46974	82492	5348086	81180354	202980841	237202560	15101648
1495842496854040738	splash2x.radiosity	2	1800	40	1.2	1.172	1.406	901219452	9340545	2708332	201376006	3211645	394844117	47286	83185	5321956	80686931	201389597	237101997	15086422
1495842497363819393	splash2x.radiosity	2	1800	40	1.2	1.178	1.414	901226442	9038847	2633537	205301484	3157844	410015083	46120	81279	5219333	83683206	204934068	237523394	14795939
1495842497873967361	splash2x.radiosity	2	1800	40	1.2	1.183	1.419	901176657	4022310	2482954	197173923	3292761	371147117	43464	85933	2121305	63507220	197410672	184848624	14598835
1495842498383925828	splash2x.radiosity	2	1800	40	1.2	1.181	1.417	901266269	4135776	2782654	215459850	3731699	359866429	49727	98861	2389861	66054129	214267549	194365170	13222467
1495842498893977066	splash2x.radiosity	2	1800	40	1.2	1.168	1.402	901215585	4163076	2781853	217019572	3688770	362317627	50048	100530	2334907	68735562	217839107	196879555	13377344
1495842499404501512	splash2x.radiosity	2	1800	39	1.2	1.164	1.396	901190747	1215564	831869	85745703	1212216	163909457	14597	34074	570955	22629498	86488753	54731034	25142265
1495842499913807251	splash2x.radiosity	2	1800	40	1.2	1.166	1.399	901201060	681058	325826	312804754	996080	915830026	4684	2859	6060527	143618397	321383381	378232892	4169545
1495842500422849699	splash2x.radiosity	2	1800	41	1.2	1.459	1.752	901143137	94478	79059	344446235	832026	1075214970	112	226	7553216	174707095	344028010	440835706	3333458
1495842500931824272	splash2x.radiosity	2	1800	41	1.2	1.472	1.768	901153716	97649	33842	350578869	822124	1036755429	114	226	6090429	163519031	349702474	410540469	2689564
1495842501440888511	splash2x.radiosity	2	1800	41	1.2	1.454	1.746	901178077	99248	47299	346141732	788884	1020870143	110	226	7251897	162997422	343015174	414564157	3927685
1495842501949880938	splash2x.radiosity	2	1800	41	1.2	1.460	1.753	901173021	101309	45898	341308311	867485	1026201347	112	224	7671651	164972601	338969181	425376830	3549623
1495842502458944677	splash2x.radiosity	2	1800	41	1.2	1.465	1.759	901117425	98233	49579	333306574	985020	1032854700	112	226	8714939	171182186	330719270	440217773	4748646
1495842502967955125	splash2x.radiosity	2	1800	41	1.2	1.476	1.772	901098879	97466	54868	331738681	973768	1015770135	113	224	8712272	167799315	328874294	435690613	5784605
1495842503477099719	splash2x.radiosity	2	1800	41	1.2	1.470	1.765	901098712	97341	50407	345683374	838203	1024992526	112	226	6888477	161055174	345066747	412901857	2683614
1495842503986201021	splash2x.radiosity	2	1800	41	1.2	1.446	1.736	901108066	98506	43177	346107583	878060	1024563657	113	224	7150937	161799730	344698774	418541910	2400599
1495842504495323031	splash2x.radiosity	2	1800	41	1.2	1.451	1.743	901106659	100912	63222	343451319	788961	1014515494	112	226	7433760	159015794	342083045	413771093	3499012
1495842505004431208	splash2x.radiosity	2	1800	41	1.2	1.454	1.746	901155391	101899	44386	351088809	706445	999177219	114	226	6789969	152324968	350453826	398010626	2705803
1495842505513571905	splash2x.radiosity	2	1800	41	1.2	1.437	1.726	901055157	100624	50932	344687919	763817	998044388	112	228	7215755	155795429	344781923	406389716	2400565
1495842506022693061	splash2x.radiosity	2	1800	41	1.2	1.443	1.733	901129635	97507	35796	355499256	737324	989883975	114	224	5230930	145543534	354879741	376769647	2784086
1495842506531774176	splash2x.radiosity	2	1800	41	1.2	1.438	1.726	901040229	98221	36417	345327342	851769	998443704	112	226	6179384	153196334	345865370	394241867	2354417
1495842507040820332	splash2x.radiosity	2	1800	41	1.2	1.438	1.726	901020842	98991	32979	348299253	860242	1005951900	113	224	6045305	154206796	348436572	392857330	2429882
1495842507549886405	splash2x.radiosity	2	1800	41	1.2	1.434	1.722	901016189	98188	41813	342462126	855635	960654191	112	226	7212725	146284696	341764962	391577914	3292756
1495842508058888644	splash2x.radiosity	2	1800	41	1.2	1.432	1.719	901018808	98244	42720	340019904	860931	947658995	113	224	7573059	145012954	339052605	393288154	3598480
1495842508567970529	splash2x.radiosity	2	1800	41	1.2	1.438	1.726	901016531	96702	46082	350351943	717930	1013458811	112	226	6079493	152087775	350779532	387711487	2769588
1495842509077141102	splash2x.radiosity	2	1800	41	1.2	1.460	1.753	901015575	101218	46947	346743008	811073	1008711417	114	226	6837855	153685220	346433962	398686853	3310296
1495842509586305425	splash2x.radiosity	2	1800	41	1.2	1.446	1.736	901164142	97200	34046	334740863	851655	1071961410	114	226	8321227	176122647	333009193	439757474	3448396
1495842510095358685	splash2x.radiosity	2	1800	41	1.2	1.465	1.759	901074117	87938	34205	332560540	847800	1034127449	112	226	8485484	167812751	331100995	429205553	3424431
1495842510604823487	splash2x.radiosity	2	1800	41	1.2	1.471	1.766	901112553	89773	28360	332258311	545063	990636434	113	220	7992677	157403380	331569959	410515158	2339728
1495842511113982101	splash2x.radiosity	2	1800	41	1.2	1.438	1.727	901097397	96249	26804	338298250	482312	1017138068	112	226	6580286	157757211	338580036	400629748	2049823
1495842511623048423	splash2x.radiosity	2	1800	41	1.2	1.438	1.726	901044207	99082	27818	349255940	523454	1020455563	113	224	5934607	153298998	347658569	388066994	3503673
1495842512132131121	splash2x.radiosity	2	1800	41	1.2	1.443	1.733	901048379	101602	28794	340296426	461006	968253876	112	226	6303442	143281504	338037485	372333762	3826450
1495842512641330965	splash2x.radiosity	2	1800	41	1.2	1.436	1.724	901035342	102035	29420	340535272	528614	957868567	114	226	6382626	140828673	338928737	370921836	3565711
1495842513150464225	splash2x.radiosity	2	1800	41	1.2	1.423	1.709	901037739	100099	29648	341821036	567341	993150762	112	226	7158358	154681475	340782962	399745350	3878812
1495842513659468048	splash2x.radiosity	2	1800	41	1.2	1.439	1.728	901089962	102901	30459	336074915	574901	966414238	114	224	7618479	150511551	335804372	398656559	3694227
1495842514168544912	splash2x.radiosity	2	1800	41	1.2	1.435	1.723	901089802	99432	32697	338057883	610628	1017762782	112	228	7298750	161946148	337146044	410886864	3167136
1495842514677629443	splash2x.radiosity	2	1800	41	1.2	1.436	1.724	901106567	100355	29613	351411204	600371	1008958248	113	224	6201564	153687106	350635193	385891669	3647056
1495842515186736683	splash2x.radiosity	2	1800	41	1.2	1.452	1.744	901050617	102571	30038	349222145	587956	991941833	112	226	6466633	149840917	348844674	384181358	2739816
1495842515695946401	splash2x.radiosity	2	1800	41	1.2	1.437	1.726	901071252	96996	30297	356262945	674209	940122396	113	224	6801396	141494185	356090610	386905226	2790724
1495842516205066995	splash2x.radiosity	2	1800	41	1.2	1.445	1.735	901051006	93590	30267	365755432	621337	944292256	112	226	5615505	136696547	364214056	368146211	4067899
1495842516714063276	splash2x.radiosity	2	1800	41	1.2	1.440	1.729	901044955	97389	40914	349273272	645975	973745345	114	226	7383414	150976985	348545852	400689267	3239574
1495842517223085349	splash2x.radiosity	2	1800	41	1.2	1.449	1.740	901068266	93973	32552	359190824	771990	969475314	112	226	6732074	146624784	358033695	391487685	3175617
1495842517732275088	splash2x.radiosity	2	1800	41	1.2	1.453	1.744	901039268	97943	38435	348021547	950298	943852404	114	224	7740743	145578603	347608452	399064375	2933647
1495842518241351182	splash2x.radiosity	2	1800	41	1.2	1.442	1.731	901045470	98238	34426	359294085	855828	976518917	112	226	5676471	143149920	358610533	370109813	2907703
1495842518750420463	splash2x.radiosity	2	1800	41	1.2	1.439	1.728	901107954	96786	35685	351540784	838836	983410789	113	226	6428481	147507973	351921466	386684176	2471582
1495842519259377411	splash2x.radiosity	2	1800	41	1.2	1.444	1.734	901047578	97186	43830	352475006	822039	999016479	112	226	7232941	153326192	351456379	401189265	3582617
1495842519768660191	splash2x.radiosity	2	1800	41	1.2	1.450	1.741	901049502	97219	44637	347885602	796483	981596271	113	224	6924994	149381585	347335757	391746274	3571955
1495842520277751348	splash2x.radiosity	2	1800	41	1.2	1.449	1.739	901057006	96619	41923	340785340	873063	974003353	112	226	7227838	149519531	341009373	394456611	2932999
1495842520786847462	splash2x.radiosity	2	1800	41	1.2	1.431	1.718	901122667	97444	39001	348592618	786210	1001362064	114	226	6566437	152463836	347567548	391261734	3145904
1495842521295896701	splash2x.radiosity	2	1800	41	1.2	1.443	1.732	901046220	99281	36830	345603219	869114	974249661	110	226	6839933	149644551	345634638	389794498	3080841
1495842521804965462	splash2x.radiosity	2	1800	41	1.2	1.437	1.725	901044438	103286	36442	346856881	797767	989186607	114	224	6517614	150526108	347029198	386738129	3300346
1495842522314003639	splash2x.radiosity	2	1800	41	1.2	1.441	1.730	901143240	101368	29986	337623782	586114	990658716	112	226	6070908	150191947	336578374	378870719	3230174
1495842522823145794	splash2x.radiosity	2	1800	41	1.2	1.425	1.710	901046451	107211	31452	337215068	513327	957622869	113	224	6071931	142734773	335594737	366973692	3536826
1495842523332155222	splash2x.radiosity	2	1800	41	1.2	1.412	1.696	901100613	104109	35010	342803197	701430	926735524	112	228	6411092	139105800	342431285	370749140	3538718
1495842523841222690	splash2x.radiosity	2	1800	41	1.2	1.433	1.721	901045883	108304	33924	342985266	930162	930223417	113	224	6913601	140711800	342556022	380415066	3835342
1495842524350331805	splash2x.radiosity	2	1800	41	1.2	1.432	1.720	901106744	106750	37165	341069291	953272	943602216	112	226	6301899	139900111	339998002	369198220	4148951
1495842524859460419	splash2x.radiosity	2	1800	41	1.2	1.423	1.709	901048480	111156	35560	331201321	895244	929381809	114	226	6407666	139937226	331421175	367557198	4414656
1495842525368591221	splash2x.radiosity	2	1800	41	1.2	1.413	1.696	901050834	114154	34587	322197944	909686	884208375	112	226	6286320	132787676	320999910	352138479	5340348
1495842525877701773	splash2x.radiosity	2	1800	41	1.2	1.400	1.680	901071752	121514	36403	306664378	1149755	843954442	113	224	5776395	125963515	306620958	330849699	7007876
1495842526386827137	splash2x.radiosity	2	1800	41	1.2	1.367	1.641	901134988	116750	33482	253858635	1631794	671235915	112	226	4452887	97680903	257741980	256560335	11105589
1495842526895987522	splash2x.radiosity	2	1800	41	1.2	1.255	1.506	901133622	86051	26897	169002979	2301528	404572105	115	224	1680542	49857624	170934073	121924793	17704976
1495842527405099407	splash2x.radiosity	2	1800	40	1.2	1.146	1.375	901048723	60995	24213	252013028	547067	756756138	129	261	2445925	240428493	247322385	78461043	15146593
1495842527914151459	splash2x.radiosity	2	1800	40	1.2	1.091	1.308	901058847	158040	47384	252345777	574216	712891147	134	250	2405912	211882323	248795054	119700197	12727879
1495842528424165302	splash2x.raytrace	2	1800	40	1.2	1.158	1.390	617520738	5393370	1593647	138561533	2012178	279964669	27204	41645	3017824	56412451	139738851	157142514	8505183
1495842528933991832	splash2x.raytrace	2	1800	40	1.2	1.167	1.400	901120588	9378445	2746813	198401025	3209359	385447530	47705	83757	5342563	78591123	198325940	235267300	15215023
1495842529443946653	splash2x.raytrace	2	1800	40	1.2	1.174	1.409	901110987	9187834	2684429	204368369	3149434	405277177	46942	82900	5318891	82624762	203621907	237934437	14991423
1495842529953093039	splash2x.raytrace	2	1800	40	1.2	1.182	1.418	901177943	6162465	1507781	237630432	2195493	610016743	25486	49943	4487057	105471097	232837101	251042070	22518293
1495842530462127486	splash2x.raytrace	2	1800	40	1.2	1.396	1.676	901132177	91460	27151	268350092	1569449	648111900	132	266	476579	92365914	268104572	211240784	84815627
1495842530971300621	splash2x.raytrace	2	1800	41	1.2	1.542	1.851	901153016	91738	27119	267634128	1553253	635978977	113	224	535059	90149258	267515506	212126081	85348877
1495842531480350069	splash2x.raytrace	2	1800	41	1.2	1.545	1.855	901151187	82566	25756	268226346	1562483	643860647	112	226	475163	91899044	268092690	212655387	86061647
1495842531989447371	splash2x.raytrace	2	1800	41	1.2	1.545	1.855	901203834	89563	26045	271219672	1599488	648876272	113	226	434073	90768583	270241965	211182772	83505661
1495842532498537965	splash2x.raytrace	2	1800	41	1.2	1.544	1.854	901125907	85662	26593	268240081	1516598	642340919	112	226	359387	89681142	267968708	210164005	86057089
1495842533007792808	splash2x.raytrace	2	1800	41	1.2	1.545	1.855	901135128	93176	27666	265547120	1508820	624987211	114	226	436720	87278918	266189472	210033396	85712774
1495842533516924798	splash2x.raytrace	2	1800	41	1.2	1.542	1.851	901137289	90712	27442	266050198	1523217	622586193	112	226	498831	86721170	266279450	210664990	86008937
1495842534025998849	splash2x.raytrace	2	1800	41	1.2	1.544	1.854	901197076	91023	28119	266552624	1495512	627419310	114	224	477026	87171484	266457349	211051058	85973155
1495842534535137130	splash2x.raytrace	2	1800	41	1.2	1.543	1.854	901162781	87709	26886	264931333	1491359	631626464	112	226	337149	88068962	263693980	207677345	85709193
1495842535044346765	splash2x.raytrace	2	1800	41	1.2	1.541	1.851	901073797	91041	27371	265313565	1497590	629171422	113	224	385649	87803389	265323348	208760005	85563406
1495842535553501192	splash2x.raytrace	2	1800	41	1.2	1.539	1.849	901074097	89606	27155	267938163	1506742	636866509	112	226	395105	88614371	267625208	210673593	85263269
1495842536062671702	splash2x.raytrace	2	1800	41	1.2	1.546	1.856	901127162	86516	26597	267966928	1526209	640931698	113	226	345494	90136061	268527074	210308272	85856133
1495842536571797692	splash2x.raytrace	2	1800	41	1.2	1.544	1.854	901076213	85734	27312	261649959	1471901	622863047	112	226	418955	88443664	264870424	208746026	85444097
1495842537080924743	splash2x.raytrace	2	1800	41	1.2	1.521	1.826	901059768	89326	27869	259711623	1443796	610995967	114	226	458439	86968518	263964217	208499689	85854267
1495842537590098087	splash2x.raytrace	2	1800	41	1.2	1.533	1.840	901066902	88643	27754	255592659	1409220	604800024	112	226	384040	87051121	262859057	206739629	85942094
1495842538099443389	splash2x.raytrace	2	1800	41	1.2	1.541	1.850	901116721	89395	27760	265548964	1482001	629260575	114	224	486838	89120776	266197873	211190372	86532608
1495842538608669253	splash2x.raytrace	2	1800	41	1.2	1.542	1.852	901065171	86544	26718	265321169	1475535	628203604	112	226	490053	89523419	266840805	211428655	87015331
1495842539117773700	splash2x.raytrace	2	1800	41	1.2	1.547	1.857	901057561	90413	27917	266413926	1480073	633247817	113	226	405386	87722124	265248485	208935536	86499963
1495842539626984731	splash2x.raytrace	2	1800	42	1.2	1.544	1.853	901204915	86695	27140	263420207	1448893	620919931	113	226	394959	87179870	265516105	209179029	86822226
1495842540136106679	splash2x.raytrace	2	1800	41	1.2	1.542	1.852	901202747	79772	27358	267249210	1495493	629917296	112	226	460939	88078153	267828714	211473141	86120851
1495842540645231293	splash2x.raytrace	2	1800	41	1.2	1.547	1.858	901066224	92860	27467	267657509	1500441	637098745	112	226	394736	89334837	268168379	210605541	85721469
1495842541154412116	splash2x.raytrace	2	1800	41	1.2	1.543	1.853	901111718	87005	28350	266892602	1451934	627345241	112	226	390488	87913866	267914646	210498050	87924528
1495842541663819001	splash2x.raytrace	2	1800	41	1.2	1.545	1.855	901176557	90814	28668	255348581	1408034	603105108	121	238	390759	87036789	263123479	206916068	86300164
1495842542172900990	splash2x.raytrace	2	1800	41	1.2	1.541	1.850	901095414	82430	27681	252276276	1381888	592049836	112	226	339378	85998957	264166835	206731298	87319994
1495842542682057542	splash2x.raytrace	2	1800	42	1.2	1.530	1.837	901097085	82928	28747	252757492	1383349	594917047	113	224	353939	86849696	264953543	207994507	87223721
1495842543191122219	splash2x.raytrace	2	1800	42	1.2	1.530	1.837	901100244	86761	27053	252968998	1388588	592381090	112	226	352611	85940099	264213449	206401488	87005926
1495842543700282667	splash2x.raytrace	2	1800	41	1.2	1.524	1.830	901180654	86953	28220	261544550	1437676	610340019	113	226	448501	87343492	268616546	211303390	87876589
1495842544209405323	splash2x.raytrace	2	1800	42	1.2	1.535	1.843	901115714	89824	27892	268605241	1458706	625547401	112	226	509973	87533307	269119807	212872821	87815486
1495842544718639645	splash2x.raytrace	2	1800	42	1.2	1.549	1.861	901127433	91974	28970	267048362	1454538	623076276	114	226	488979	87163711	267905765	211677744	87360375
1495842545227815176	splash2x.raytrace	2	1800	42	1.2	1.547	1.858	901120333	91138	28656	269226884	1449529	623164754	112	226	486631	86323688	269098099	211770394	87886162
1495842545737038770	splash2x.raytrace	2	1800	41	1.2	1.549	1.860	901157625	88864	28622	264151099	1436861	614412144	114	224	450259	86306941	267308912	210621786	87497484
1495842546246105238	splash2x.raytrace	2	1800	42	1.2	1.544	1.854	901131728	88059	27629	263453882	1440937	615315058	112	226	470610	86688522	266826731	210693607	86522596
1495842546755255853	splash2x.raytrace	2	1800	41	1.2	1.543	1.853	901125480	92558	28499	261467574	1426338	614741140	113	224	404661	87583056	265468508	209712051	86060955
1495842547264439384	splash2x.raytrace	2	1800	42	1.2	1.536	1.845	901117246	84259	26756	265261235	1417300	632782848	112	226	315750	88696243	266154113	209311801	87227314
1495842547773612665	splash2x.raytrace	2	1800	42	1.2	1.544	1.854	901115531	85685	27414	261176409	1416443	618337357	113	226	334491	86776762	265327239	208689413	87041241
1495842548282744237	splash2x.raytrace	2	1800	42	1.2	1.534	1.842	901108748	86337	27482	255896466	1389015	602754902	112	226	368696	86669812	264852590	209099757	86969618
1495842548792035601	splash2x.raytrace	2	1800	42	1.2	1.536	1.844	901113613	88213	28146	257502294	1403940	603924463	114	226	399609	86791960	267279995	209869528	87841320
1495842549301224361	splash2x.raytrace	2	1800	42	1.2	1.537	1.845	901176735	86619	27196	259343393	1421196	604927057	112	226	411417	86227690	267339314	209940330	87664148
1495842549810330143	splash2x.raytrace	2	1800	41	1.2	1.535	1.843	901210695	90848	28908	267206385	1458622	620084432	114	220	513556	86781639	269194071	212520357	87737133
1495842550319463361	splash2x.raytrace	2	1800	42	1.2	1.550	1.861	901106404	89279	27664	269038438	1463286	621593354	112	224	551440	86967443	270754263	213853822	88180349
1495842550828592809	splash2x.raytrace	2	1800	42	1.2	1.551	1.862	901097109	90919	28604	271795737	1469199	624100144	113	224	520199	86348307	270964742	213304885	88363154
1495842551337719215	splash2x.raytrace	2	1800	42	1.2	1.552	1.864	901166406	87375	28290	263073821	1433258	608784226	112	226	463432	85366892	266975376	210046217	87360904
1495842551846940975	splash2x.raytrace	2	1800	42	1.2	1.542	1.852	901159635	88604	28264	263228451	1441232	608798797	113	226	461910	85240684	266354731	209889593	86959982
1495842552356050277	splash2x.raytrace	2	1800	42	1.2	1.544	1.854	901166450	88718	28413	261861551	1418637	606803373	112	226	483687	85527146	266601857	210807229	86947081
1495842552865178495	splash2x.raytrace	2	1800	42	1.2	1.540	1.849	901167335	91584	28512	263695015	1425288	620701345	114	226	308902	89789614	266172186	209515615	86683138
1495842553374355089	splash2x.raytrace	2	1800	42	1.2	1.544	1.854	901157337	78016	26278	260406668	1426261	628837528	112	226	271722	88311248	265460177	208450340	86379433
1495842553883525328	splash2x.raytrace	2	1800	42	1.2	1.537	1.846	901312132	89382	28856	261270614	1456060	616379888	114	224	442426	87430178	267181011	210617201	86577950
1495842554392680901	splash2x.raytrace	2	1800	42	1.2	1.540	1.849	901140045	87853	28148	261590567	1443334	612100072	112	226	366776	86353733	266635728	209009229	87904615
1495842554901922119	splash2x.raytrace	2	1800	42	1.2	1.536	1.844	901141581	87403	28965	262065723	1443023	613884389	113	224	365396	87644153	267312392	209612095	88147258
1495842555411101754	splash2x.raytrace	2	1800	42	1.2	1.545	1.855	901157277	90613	28406	264071077	1454897	617566720	112	226	512343	86617965	268987546	212200129	87766192
1495842555920354223	splash2x.raytrace	2	1800	42	1.2	1.546	1.856	901202978	90889	28215	268800095	1468329	620292798	113	226	491299	86890883	269300942	212281892	87914981
1495842556429535753	splash2x.raytrace	2	1800	42	1.2	1.549	1.860	901144662	89329	28105	268837394	1474534	622253127	112	226	503596	86805379	270020387	212743801	88104687
1495842556938759618	splash2x.raytrace	2	1800	42	1.2	1.552	1.863	901146682	88336	28706	267021689	1475503	618082974	114	226	472387	86361006	268773159	211400084	87707147
1495842557448002461	splash2x.raytrace	2	1800	42	1.2	1.547	1.858	901149543	87078	28765	264607461	1450507	614272515	112	226	423804	85886260	267623891	210366089	87388126
1495842557957126700	splash2x.raytrace	2	1800	42	1.2	1.541	1.850	901192671	90202	29267	261986672	1434850	606815330	114	224	433387	85819468	266108624	210136067	85868144
1495842558466244544	splash2x.raytrace	2	1800	42	1.2	1.535	1.843	901151229	86882	26929	265443498	1417297	625875376	112	226	319047	87702904	267143143	210118581	84724276
1495842558975368700	splash2x.raytrace	2	1800	42	1.2	1.540	1.850	901160013	89736	28121	267434605	1497438	631868127	113	224	473659	87666297	268684840	211903270	86259742
1495842559484537814	splash2x.raytrace	2	1800	42	1.2	1.547	1.858	901153887	91322	28447	267217427	1489254	625200540	112	228	438737	86892249	267976363	210958680	87390819
1495842559993725491	splash2x.raytrace	2	1800	42	1.2	1.547	1.857	901073816	89878	28366	265567050	1461096	620227954	113	224	376455	86870049	267787364	210326104	87219120
1495842560502992313	splash2x.raytrace	2	1800	42	1.2	1.544	1.854	901068729	88286	28075	263463583	1451813	618735951	113	226	401890	86568530	267440974	210688771	86835673
1495842561012180595	splash2x.raytrace	2	1800	42	1.2	1.540	1.849	901090526	88405	28811	263903640	1460191	615013946	112	226	460541	86448673	267786202	211280989	87084098
1495842561521323188	splash2x.raytrace	2	1800	42	1.2	1.543	1.852	901082049	88441	28228	266205251	1469721	619233118	112	226	499729	86232570	268360312	211953724	87025736
1495842562030593156	splash2x.raytrace	2	1800	42	1.2	1.544	1.854	901150194	91237	28382	266405324	1455503	616798626	114	224	453399	86407830	268776048	211908868	86532880
1495842562539725104	splash2x.raytrace	2	1800	42	1.2	1.541	1.850	901081152	87125	27529	266148201	1417811	624756205	112	226	313165	87643374	267945411	210061986	84037346
1495842563048898218	splash2x.raytrace	2	1800	42	1.2	1.539	1.847	901077925	85611	27005	268289494	1427594	636163288	113	224	403954	87732121	268560702	211045300	85337490
1495842563558160312	splash2x.raytrace	2	1800	42	1.2	1.540	1.850	901193235	92961	27825	267757992	1473807	631840010	112	228	386304	87681932	268706262	211549711	85002894
1495842564067346134	splash2x.raytrace	2	1800	42	1.2	1.541	1.851	901080701	87849	28289	267252904	1500057	626390277	113	224	536522	87170356	269748297	213410765	85281822
1495842564576546915	splash2x.raytrace	2	1800	42	1.2	1.543	1.853	901084776	92023	28554	269328701	1521973	626379053	112	226	472025	87812314	269405806	212653535	84078281
1495842565340853555	splash2x.water_nsquared	2	1800	41	1.1	1.210	1.451	665991178	7327140	2120377	160886134	2521724	315955323	36851	39948	2727079	57779350	151996107	156276816	20992293
1495842565850869605	splash2x.water_nsquared	2	1800	41	1.2	1.174	1.409	901321292	9378006	2713384	199758026	3193336	389539202	47458	83738	5370696	78480183	198067665	235057567	15327926
1495842566360500115	splash2x.water_nsquared	2	1800	41	1.2	1.180	1.415	901176699	9194661	2661691	206502302	3144755	412558449	46602	82374	5333631	82595924	203749700	238129619	15136612
1495842566869829541	splash2x.water_nsquared	2	1800	41	1.1	1.197	1.435	901313740	4082519	925574	374622203	1363025	1059616545	16158	54380	4509677	115841801	241791072	268221733	12490949
1495842567378966010	splash2x.water_nsquared	2	1800	42	1.2	1.743	2.095	901129692	68898	22349	619787030	506088	1663653767	112	224	1468856	194969008	626928861	529330512	15698010
1495842567888122103	splash2x.water_nsquared	2	1800	42	1.2	1.767	2.123	901119995	69508	22258	621423923	508042	1666617393	113	226	1497062	195757712	625702674	529821451	15662429
1495842568397205551	splash2x.water_nsquared	2	1800	42	1.2	1.767	2.123	901148995	68302	22302	624953425	512289	1673366027	112	224	1498856	196180790	624873418	528879936	15612437
1495842568906428228	splash2x.water_nsquared	2	1800	43	1.2	1.767	2.124	901259311	68867	21382	622533443	509891	1668456483	113	226	1464711	196178886	625548977	528403897	15626222
1495842569415526113	splash2x.water_nsquared	2	1800	43	1.2	1.768	2.125	901158106	63741	22848	612283138	499197	1648312335	113	226	1656331	193273937	623382111	528811626	15587117
1495842569924657019	splash2x.water_nsquared	2	1800	43	1.2	1.762	2.118	901212496	68781	21690	601759252	484656	1646946720	112	224	1883912	195748098	606758814	519046799	14935114
1495842570434094675	splash2x.water_nsquared	2	1800	43	1.2	1.755	2.109	901136692	69849	22754	591949709	472147	1652029546	113	222	1882474	199776191	593937628	509266757	14376734
1495842570943258352	splash2x.water_nsquared	2	1800	43	1.2	1.745	2.097	901170602	70146	21910	580000724	454644	1657857162	112	224	1766679	201437332	587225444	501535319	14082999
1495842571452324091	splash2x.water_nsquared	2	1800	43	1.2	1.737	2.087	901165356	70905	22267	572041615	445450	1654739966	113	226	1757239	206705329	574186317	494043175	13547828
1495842571961413768	splash2x.water_nsquared	2	1800	43	1.2	1.728	2.077	901199987	69725	22445	563442469	430726	1666212983	112	224	1793886	207391209	568021638	487497675	13239061
1495842572470509174	splash2x.water_nsquared	2	1800	43	1.2	1.721	2.069	901294147	74642	24423	558440054	453419	1553898165	120	236	1966002	196442979	548342270	475403343	13983475
1495842572979640788	splash2x.water_nsquared	2	1800	43	1.2	1.695	2.036	901200217	74608	23749	606583844	496435	1609785462	112	226	2473158	188531827	609377932	526748138	15316490
1495842573488799736	splash2x.water_nsquared	2	1800	43	1.2	1.779	2.137	901104585	75852	24467	604930445	495460	1610260165	115	230	2450786	187197686	611133496	527015618	15403857
1495842573997853725	splash2x.water_nsquared	2	1800	43	1.2	1.777	2.136	901096985	73102	23695	606421641	496451	1610351757	112	224	2468938	188476348	610079882	528533514	15368135
1495842574507001465	splash2x.water_nsquared	2	1800	43	1.2	1.778	2.137	901100950	75932	24658	608471630	500764	1611673767	113	226	2458579	189248315	608851313	527238480	15302280
1495842575016045204	splash2x.water_nsquared	2	1800	43	1.2	1.780	2.139	901104376	73623	23527	607043580	498193	1611609680	112	224	2447639	188679248	609563861	526626381	15320270
1495842575525142069	splash2x.water_nsquared	2	1800	43	1.2	1.780	2.139	901097207	73938	24411	604736134	494160	1616958006	113	226	2414077	187237834	611512158	526577508	15392837
1495842576034396162	splash2x.water_nsquared	2	1800	43	1.2	1.780	2.139	901143750	76485	24413	595512070	481192	1617637330	112	224	2356478	192103127	600995941	520285849	14923504
1495842576543517422	splash2x.water_nsquared	2	1800	43	1.2	1.772	2.130	901162271	77053	25453	584718520	467217	1620719922	115	226	2392552	196311085	587685986	510419843	14333388
1495842577052702474	splash2x.water_nsquared	2	1800	43	1.2	1.760	2.115	901104208	74989	23455	572479128	449604	1623803131	112	226	2420008	196687231	578738017	502449472	13980331
1495842577561876442	splash2x.water_nsquared	2	1800	43	1.2	1.749	2.102	901103571	75974	23968	565843610	441521	1623664193	113	226	2209732	203224721	569197152	495274420	13538698
1495842578070925057	splash2x.water_nsquared	2	1800	43	1.2	1.742	2.094	901152421	73923	23836	555236099	425298	1629132008	112	224	2466503	202546976	559532259	488822908	13132112
1495842578580035733	splash2x.water_nsquared	2	1800	43	1.2	1.734	2.084	901074892	75644	24711	545111732	445859	1525880688	117	230	2516256	192460491	536441859	471752965	13939190
1495842579089176473	splash2x.water_nsquared	2	1800	43	1.2	1.691	2.031	901078466	75102	24536	605471945	494812	1610112463	112	224	2485072	188003598	609506290	526700192	15339358
1495842579598411879	splash2x.water_nsquared	2	1800	43	1.2	1.780	2.139	901075277	75844	24426	605810162	495742	1610971506	113	226	2459243	187320526	610844185	527444026	15412324
1495842580107580972	splash2x.water_nsquared	2	1800	44	1.2	1.780	2.139	901132416	73165	23324	606851061	497778	1607661865	112	224	2472687	188649636	609640625	528179041	15364248
1495842580616697482	splash2x.water_nsquared	2	1800	44	1.2	1.781	2.140	901128450	76779	25012	607437153	498927	1611038480	112	226	2458774	189214852	608429047	526705187	15301072
1495842581125908222	splash2x.water_nsquared	2	1800	43	1.2	1.780	2.139	901088558	73521	24121	605987212	495768	1612417679	112	226	2463013	188066222	609448170	526371505	15341756
1495842581635040294	splash2x.water_nsquared	2	1800	44	1.2	1.781	2.140	901087154	75665	24973	605822359	496001	1614764613	113	226	2407218	187339582	611486071	526920968	15421102
1495842582144201638	splash2x.water_nsquared	2	1800	44	1.2	1.779	2.138	901086664	74660	24440	597175069	483504	1615778272	112	224	2340638	192193192	601326607	520241391	14947204
1495842582653461502	splash2x.water_nsquared	2	1800	44	1.2	1.769	2.126	901160460	75515	24908	584415871	465976	1621534322	113	226	2409072	195847583	588044988	510539161	14365528
1495842583162592575	splash2x.water_nsquared	2	1800	44	1.2	1.758	2.113	901085432	75433	24463	573967755	451635	1620286105	112	224	2380707	196771122	579516034	502826108	14023613
1495842583671797418	splash2x.water_nsquared	2	1800	44	1.2	1.753	2.106	901075295	76071	25201	566988829	442039	1627525213	113	226	2264803	202971249	568613973	495336916	13529932
1495842584180870054	splash2x.water_nsquared	2	1800	44	1.2	1.744	2.096	901142158	75217	24127	554711525	425420	1621748263	112	226	2387737	202519067	560814615	488876242	13200320
1495842584690030397	splash2x.water_nsquared	2	1800	44	1.2	1.734	2.084	901131802	78263	26474	540342493	438610	1533584014	123	234	2580724	192762196	532874441	469665198	13722472
1495842585199201407	splash2x.water_nsquared	2	1800	44	1.2	1.697	2.039	901084971	73706	25382	605405569	493574	1610994142	112	226	2487664	187438363	609776945	526562068	15365281
1495842585708398272	splash2x.water_nsquared	2	1800	44	1.2	1.780	2.139	901084427	75046	25213	606108215	496304	1607211617	113	226	2460162	187653415	610683972	527955888	15417487
1495842586217560052	splash2x.water_nsquared	2	1800	44	1.2	1.779	2.138	901080416	72984	24566	606511619	497323	1606636861	112	224	2460687	188953112	609481408	527848621	15359184
1495842586726842917	splash2x.water_nsquared	2	1800	44	1.2	1.781	2.141	901159002	75180	25365	607241080	498177	1614332021	113	226	2450251	189147704	608621053	526542880	15314042
1495842587236010822	splash2x.water_nsquared	2	1800	44	1.2	1.782	2.142	901214041	73768	25079	606633360	496559	1614053382	112	224	2474728	187609025	609925213	526574982	15369466
1495842587745179041	splash2x.water_nsquared	2	1800	44	1.2	1.782	2.141	901118635	74087	24781	606570292	496955	1610214258	113	228	2427711	187696154	611034840	527661732	15418883
1495842588254433051	splash2x.water_nsquared	2	1800	44	1.2	1.781	2.141	901082688	75277	24624	598371973	485102	1618814314	112	224	2329388	192356876	601715738	520263072	14960577
1495842588763663082	splash2x.water_nsquared	2	1800	44	1.2	1.767	2.124	901062767	76292	25315	584332104	465593	1619916203	115	226	2422152	195140465	588714626	510729062	14402966
1495842589272925967	splash2x.water_nsquared	2	1800	44	1.2	1.758	2.112	901115011	75778	25321	576512814	454759	1619397072	112	226	2338364	197101575	580283925	503314463	14060875
1495842589782041206	splash2x.water_nsquared	2	1800	44	1.2	1.749	2.102	901074369	75688	24635	566548691	441414	1628607631	113	226	2312035	202612861	568494632	495522039	13531774
1495842590291169550	splash2x.water_nsquared	2	1800	44	1.2	1.739	2.090	901068904	75563	24567	557304857	428728	1621464973	112	224	2307426	202739548	561949435	489057640	13252129
1495842590800369706	splash2x.water_nsquared	2	1800	44	1.2	1.734	2.084	901086243	71786	25367	542993395	435574	1572421264	117	228	2674311	198633159	541595547	482908502	13286154
1495842591309584570	splash2x.water_nsquared	2	1800	44	1.2	1.721	2.067	901072657	71456	25164	568381384	482975	1564515603	112	222	2814623	187426138	570655893	521340379	15142678
1495842591818759768	splash2x.water_nsquared	2	1800	44	1.2	1.759	2.114	901065303	73878	24976	570017924	485731	1564671958	113	226	2817105	187421877	570172710	522319879	15153490
1495842592328011965	splash2x.water_nsquared	2	1800	44	1.2	1.759	2.114	901139213	73430	24653	567751314	482895	1560109674	112	228	2849893	188580517	568553674	522246749	15065957
1495842592837509225	splash2x.water_nsquared	2	1800	44	1.2	1.759	2.113	901142541	74833	25566	566962506	481404	1562709481	114	226	2826195	188731618	568919862	521258322	15064600
1495842593346671339	splash2x.water_nsquared	2	1800	44	1.2	1.760	2.115	901131328	71984	25097	569615585	484137	1567489406	113	226	2760931	187548296	571724115	521224272	15183652
1495842593855879349	splash2x.water_nsquared	2	1800	44	1.2	1.760	2.115	901075250	74000	25288	569916374	485633	1565620526	113	226	2792454	187631557	570389891	522382152	15148502
1495842594365023068	splash2x.water_nsquared	2	1800	44	1.2	1.760	2.115	901073535	72082	25152	561810297	472355	1573826710	112	224	2696053	192301455	563489090	515616288	14739393
1495842594874159786	splash2x.water_nsquared	2	1800	44	1.2	1.750	2.103	901067000	75523	25362	554020054	459147	1586496390	113	226	2702665	195477596	555811073	507992872	14319603
1495842595383403525	splash2x.water_nsquared	2	1800	44	1.2	1.742	2.093	901054774	73843	25211	548762477	450402	1594192406	112	224	2572201	198984634	549432651	501736769	13998290
1495842595892593369	splash2x.water_nsquared	2	1800	44	1.2	1.736	2.086	901056680	74943	25758	539085254	434982	1602791664	113	226	2609864	204467817	540200488	495559611	13501676
1495842596401706671	splash2x.water_nsquared	2	1800	44	1.2	1.728	2.077	901089754	74295	25232	533580400	426586	1604041860	112	226	2510965	205462348	536563681	489585622	13296613
