#Timestamp	Benchmark	CPU(4) Frequency(MHz)	CPU(4) Temperature(C)	A15 Voltage(V)	A15 Current(A)	A15 Power(W)	CPU_CYCLES	EXCEPTION_RETURN	BRANCH_MISPRED	BRANCH_PRED	DATA_MEM_ACCESS	L1I_CACHE_ACCESS	L2D_CACHE_ACCESS
1495862652961673475	parsec.dedup	1800	38	1.100000	0.544000	0.650000	580757241	51938	3413116	52764152	131367395	152123816	9753006
1495862653471818234	parsec.dedup	1800	38	1.200000	1.154000	1.384000	901662763	83519	5349115	79030778	199098551	235959478	15320890
1495862653981665576	parsec.dedup	1800	38	1.100000	1.161000	1.390000	901116966	82350	5295664	83272488	204799772	238518315	15081621
1495862654491694752	parsec.dedup	1800	39	1.200000	1.161000	1.393000	901137061	63538	2110646	57847972	215116622	179266717	17355302
1495862655001029304	parsec.dedup	1800	39	1.200000	1.160000	1.392000	901178925	64008	2309215	58528596	233322465	196949003	17293978
1495862655510911938	parsec.dedup	1800	39	1.200000	1.135000	1.362000	901302725	32703	3031284	76398508	404102257	275820783	12131833
1495862656020537114	parsec.dedup	1800	40	1.200000	1.383000	1.660000	901126455	18550	3018937	84237935	446870039	292856117	9518485
1495862656529719249	parsec.dedup	1800	40	1.200000	1.393000	1.671000	901093079	15877	3707484	96082272	417321060	286374850	8077091
1495862657038834467	parsec.dedup	1800	40	1.200000	1.380000	1.656000	901098456	16276	3927313	89763569	434032906	300689862	8769439
1495862657548396727	parsec.dedup	1800	41	1.200000	1.416000	1.699000	901297115	19628	2688103	84061631	437065427	290412610	9589002
1495862658057743070	parsec.dedup	1800	41	1.200000	1.395000	1.674000	901214185	19046	2529517	85166517	437603770	289621783	9152289
1495862658567083039	parsec.dedup	1800	41	1.200000	1.397000	1.676000	901215530	18081	2446759	85336651	443242004	290411017	9237495
1495862659076336424	parsec.dedup	1800	41	1.200000	1.406000	1.687000	901239715	22344	2952204	70883555	468187205	303380457	10457393
1495862659585818808	parsec.dedup	1800	41	1.200000	1.441000	1.729000	901248375	37226	4642209	83233951	391503377	289499405	14641757
1495862660095356776	parsec.dedup	1800	41	1.200000	1.383000	1.659000	901240830	43600	5252465	92825818	347346758	279065540	16010475
1495862660604831411	parsec.dedup	1800	41	1.200000	1.286000	1.543000	901341754	43492	5329020	93096535	346747513	280180954	15976882
1495862661114276754	parsec.dedup	1800	41	1.200000	1.286000	1.543000	901233011	42125	5322773	93524265	352637759	281469523	16221766
1495862661623538431	parsec.dedup	1800	41	1.200000	1.300000	1.560000	901247955	44613	5350268	92365703	338819181	278013188	15735521
1495862662132994815	parsec.dedup	1800	41	1.200000	1.283000	1.539000	901219130	43556	5213787	91241958	342569709	276675895	16234648
1495862662642487033	parsec.dedup	1800	41	1.200000	1.286000	1.543000	901135235	45034	5097631	89592649	334280884	272506355	16170012
1495862663151887335	parsec.dedup	1800	41	1.200000	1.282000	1.538000	901127180	45164	5115920	89482521	332931850	272481563	16114372
1495862663661394261	parsec.dedup	1800	41	1.200000	1.277000	1.532000	901126540	43106	5213885	90538376	344436916	276633612	16481745
1495862664170807021	parsec.dedup	1800	41	1.200000	1.285000	1.542000	901114445	43739	5490903	92510282	340122324	279189792	15683748
1495862664680359572	parsec.dedup	1800	41	1.200000	1.285000	1.542000	901136600	43419	5336860	91232794	341906534	277723324	16201897
1495862665189989832	parsec.dedup	1800	41	1.200000	1.297000	1.556000	901098590	38316	6810614	114032597	333259782	292844241	14006880
1495862665699371050	parsec.dedup	1800	41	1.200000	1.276000	1.531000	901118665	41746	6135248	101752883	340470878	287614663	14780590
1495862666208835310	parsec.dedup	1800	41	1.200000	1.280000	1.536000	901114899	38398	7152659	123107029	303990523	286466674	12127403
1495862666718125820	parsec.dedup	1800	41	1.200000	1.293000	1.551000	901091186	40776	6845292	128144056	291197693	278776889	10813627
1495862667227387621	parsec.dedup	1800	41	1.200000	1.261000	1.513000	901156395	38116	7616969	118061692	282778860	283651749	12418796
1495862667736799715	parsec.dedup	1800	41	1.200000	1.253000	1.503000	901110269	41541	7052607	122360706	289548637	278353270	10826811
1495862668246100016	parsec.dedup	1800	41	1.200000	1.252000	1.502000	901116110	38732	7050955	122084834	282856531	275521768	11510740
1495862668755515401	parsec.dedup	1800	41	1.200000	1.262000	1.514000	901072310	40412	7066853	130865462	292789938	283516032	10476860
1495862669264893327	parsec.dedup	1800	41	1.200000	1.252000	1.502000	901117040	39426	7233066	127265700	288799024	282370141	11162342
1495862669774256587	parsec.dedup	1800	41	1.200000	1.252000	1.502000	901096976	39307	7182944	129680723	291273386	280844166	10740447
1495862670283590681	parsec.dedup	1800	41	1.200000	1.262000	1.514000	901123895	39944	7246032	126839108	289426157	283504683	10775922
1495862670792977982	parsec.dedup	1800	41	1.200000	1.261000	1.513000	901237960	39376	7245454	131794400	293776206	285739013	10732370
1495862671302318242	parsec.dedup	1800	41	1.200000	1.257000	1.508000	901194300	38932	7235929	128963729	294127415	282545890	11559088
1495862671811758793	parsec.dedup	1800	41	1.200000	1.248000	1.497000	901112914	38824	7054483	124339737	284572598	277124277	11427659
1495862672323141592	parsec.dedup	1800	41	1.200000	1.255000	1.506000	901239271	37848	6983019	127971589	288796059	279375402	10951561
1495862672833367976	parsec.dedup	1800	41	1.200000	1.256000	1.507000	901333470	40703	6813704	124986935	283235965	274629729	10885615
1495862673343143693	parsec.dedup	1800	41	1.200000	1.249000	1.498000	901233830	40045	7044257	126935948	292368990	282590126	10929563
1495862673852838995	parsec.dedup	1800	41	1.200000	1.273000	1.527000	901155254	39627	7079508	123276468	282286125	278983505	11281975
1495862674362230379	parsec.dedup	1800	41	1.200000	1.258000	1.509000	901162981	37946	7560858	124007816	288365206	283133215	11756039
1495862674871678889	parsec.dedup	1800	41	1.200000	1.266000	1.519000	901164765	38580	7363454	123319517	288254240	282822810	11719184
1495862675381137941	parsec.dedup	1800	41	1.200000	1.250000	1.500000	901153471	40043	7112334	125290567	291201695	279081691	10942512
1495862675890642075	parsec.dedup	1800	41	1.200000	1.254000	1.504000	901189964	40983	7063794	122428811	287439386	276705383	11118831
1495862676400079918	parsec.dedup	1800	41	1.200000	1.245000	1.494000	901295359	40750	7095708	127818074	289843816	281518475	10844058
1495862676909509261	parsec.dedup	1800	41	1.200000	1.266000	1.519000	901168351	41744	7125276	123625760	285417592	281050410	10809206
1495862677418862188	parsec.dedup	1800	41	1.200000	1.252000	1.502000	901086870	38805	7156167	121395666	281780023	279146813	11327135
1495862677928451656	parsec.dedup	1800	41	1.200000	1.236000	1.483000	901377401	40119	7223496	127315461	290837085	283070476	11079076
1495862678437801124	parsec.dedup	1800	41	1.200000	1.259000	1.510000	901269189	39904	7084104	123500638	286205146	279618150	11273141
1495862678947223884	parsec.dedup	1800	41	1.100000	1.246000	1.492000	901238500	35069	6884870	113964856	276680879	273293419	11766422
1495862679456633477	parsec.dedup	1800	41	1.200000	1.262000	1.514000	901225550	40160	7025733	124910763	291206050	277876257	11092939
1495862679966169612	parsec.dedup	1800	41	1.200000	1.242000	1.490000	901384015	38666	6905987	115443150	270492313	270619865	12241300
1495862680475539371	parsec.dedup	1800	41	1.200000	1.246000	1.495000	901259275	39315	7235640	128466993	292178396	282770980	11041857
1495862680985051423	parsec.dedup	1800	41	1.200000	1.252000	1.502000	901069265	40106	7075917	125099588	285230662	279967879	11145040
1495862681494404683	parsec.dedup	1800	41	1.200000	1.266000	1.519000	901066864	40173	6909944	129155993	286719684	278913167	10744845
1495862682003742068	parsec.dedup	1800	41	1.200000	1.256000	1.507000	901085056	40034	7057426	128225858	288785030	282192520	11114065
1495862682513173702	parsec.dedup	1800	41	1.200000	1.260000	1.512000	901070150	39454	7236329	129797128	289627341	284680826	10680642
1495862683022578796	parsec.dedup	1800	41	1.200000	1.249000	1.498000	901119800	40976	7011480	122829726	285878374	278494943	11178146
1495862683531938639	parsec.dedup	1800	41	1.100000	1.257000	1.505000	901173591	40442	7006954	120792737	285918539	277295021	11615983
1495862684041343440	parsec.dedup	1800	41	1.200000	1.253000	1.503000	901093917	40508	6997796	128306095	291169344	280176062	10820357
1495862684550773700	parsec.dedup	1800	41	1.200000	1.260000	1.512000	901286382	38877	7046961	132397979	289587500	282485379	10635284
1495862685060219876	parsec.dedup	1800	41	1.200000	1.265000	1.518000	901167735	39596	7097787	128794701	288964345	282914338	10836247
1495862685569586553	parsec.dedup	1800	41	1.200000	1.263000	1.515000	901082660	37988	7288127	127393651	289236554	282771403	11319387
1495862686078840730	parsec.dedup	1800	41	1.200000	1.244000	1.492000	901090509	40242	7005669	125831931	286852972	278999898	11204554
1495862686588249114	parsec.dedup	1800	41	1.200000	1.266000	1.519000	901146511	40429	7161948	124128336	289761574	280289135	11388453
1495862687097749457	parsec.dedup	1800	41	1.200000	1.242000	1.490000	901152109	39804	6837721	124823162	279378186	275797539	11103929
1495862687607248050	parsec.dedup	1800	41	1.200000	1.268000	1.521000	901221526	41166	7009763	127663694	288750303	281020751	10646963
1495862688116815435	parsec.dedup	1800	41	1.200000	1.253000	1.503000	901104299	38610	6759342	125254164	283670103	276318058	10549191
1495862688626298111	parsec.dedup	1800	41	1.200000	1.263000	1.515000	608737668	20180	2270614	54104952	131851676	130628745	7723630
1495862689136294704	parsec.facesim	1800	41	1.100000	1.177000	1.410000	901144833	84362	5368367	77224215	196621706	234636732	15359477
1495862689646348671	parsec.facesim	1800	41	1.200000	1.155000	1.386000	901394004	83179	5327953	81348868	202429105	237838509	15182492
1495862690156474388	parsec.facesim	1800	41	1.100000	1.163000	1.393000	901144669	74557	4702033	98029204	238755176	244707419	14053032
1495862690665760773	parsec.facesim	1800	41	1.100000	1.167000	1.398000	901115955	15608	1329234	150238757	368689968	247901960	7634432
1495862691175812365	parsec.facesim	1800	41	1.200000	1.270000	1.524000	901104324	36265	3266362	70878054	184770641	185226342	11763227
1495862691685230958	parsec.facesim	1800	41	1.200000	1.170000	1.404000	901151031	8501	8557505	108042621	141759317	209708618	5993770
1495862692194519052	parsec.facesim	1800	41	1.100000	1.099000	1.316000	901102450	1004	6485553	110194583	183671278	214887451	5697901
1495862692703807728	parsec.facesim	1800	41	1.100000	1.114000	1.334000	901105305	5025	9614665	114028420	146361647	223019489	5020478
1495862693213017947	parsec.facesim	1800	41	1.100000	1.129000	1.352000	901108055	13312	3559503	85689197	173275025	161767129	7218213
1495862693722304290	parsec.facesim	1800	41	1.100000	1.145000	1.371000	901107445	12458	2590202	78423245	162131651	138923874	5222621
1495862694231519009	parsec.facesim	1800	41	1.100000	1.090000	1.305000	901100880	10800	2553125	76118432	156769388	133776203	4535772
1495862694740821768	parsec.facesim	1800	41	1.100000	1.102000	1.320000	901101875	14432	2511293	79290318	162098770	140115507	5377445
1495862695250098445	parsec.facesim	1800	41	1.100000	1.070000	1.281000	901139460	2535	15543818	169963121	189469864	341057536	4707655
1495862695759287705	parsec.facesim	1800	41	1.200000	1.125000	1.350000	901290220	226	4049387	77125416	1167451247	417725217	116762618
1495862696268318674	parsec.facesim	1800	42	1.200000	1.575000	1.891000	901092099	298	19105746	195973452	260112557	413594634	9179390
1495862696778185516	parsec.facesim	1800	41	1.200000	1.235000	1.482000	901078176	50783	1633971	52340072	348810350	227017393	12138107
1495862697287399651	parsec.facesim	1800	42	1.100000	1.191000	1.426000	901088265	226	1069868	44023739	453672950	255956073	8949181
1495862697796560620	parsec.facesim	1800	42	1.200000	1.373000	1.647000	901092640	226	1029506	42646937	437534211	248173311	10363627
1495862698305657755	parsec.facesim	1800	42	1.200000	1.359000	1.630000	901103320	280	934688	44367090	438400370	244442764	9980800
1495862698815026223	parsec.facesim	1800	42	1.200000	1.363000	1.635000	901097420	266	958596	46852888	418366881	239925031	13146264
1495862699324165067	parsec.facesim	1800	42	1.200000	1.359000	1.630000	901241950	246	944955	45949153	408817644	238232767	13370971
1495862699833341910	parsec.facesim	1800	42	1.200000	1.352000	1.623000	901203990	228	925779	44961175	399548870	233907969	13764942
1495862700342497671	parsec.facesim	1800	42	1.200000	1.342000	1.610000	901106989	224	928750	44651458	396815742	232908512	13874885
1495862700851712931	parsec.facesim	1800	42	1.200000	1.282000	1.538000	901090421	1232	106744	31151007	224358109	134357846	11684267
1495862701361052065	parsec.facesim	1800	41	1.100000	1.111000	1.330000	901095390	224	22053	6744514	178937632	96099532	16319160
1495862701870243451	parsec.facesim	1800	41	1.100000	1.104000	1.322000	901087580	226	22707	6685120	177121625	95226521	16096951
1495862702379562252	parsec.facesim	1800	41	1.100000	1.097000	1.314000	901093015	224	22229	6661739	176560805	94887998	16095502
1495862702888864304	parsec.facesim	1800	41	1.100000	1.099000	1.316000	901141805	228	24244	6878947	181908865	97367027	16927584
1495862703398131147	parsec.facesim	1800	41	1.100000	1.110000	1.329000	901093655	224	21877	6707085	178415664	95830148	16255549
1495862703907351241	parsec.facesim	1800	41	1.100000	1.105000	1.323000	901174536	228	22777	6753697	179407893	96335285	16384297
1495862704416593126	parsec.facesim	1800	41	1.100000	1.104000	1.322000	901082819	224	22375	6716978	178463490	95874256	16264437
1495862704925924719	parsec.facesim	1800	41	1.100000	1.099000	1.316000	901078840	226	22422	6674348	177212457	95213595	16114725
1495862705435103229	parsec.facesim	1800	41	1.200000	1.097000	1.316000	901081375	218	22823	6688063	176919398	95057679	16207355
1495862705944304197	parsec.facesim	1800	41	1.200000	1.100000	1.320000	901084625	226	22722	6824397	180517581	96626147	16687899
1495862706453464082	parsec.facesim	1800	41	1.200000	1.106000	1.327000	901085685	224	22018	6745703	179032743	96086411	16331246
1495862706962784509	parsec.facesim	1800	41	1.200000	1.093000	1.311000	901116870	228	23826	6687315	177255583	95255731	16136431
1495862707472216852	parsec.facesim	1800	41	1.100000	1.108000	1.327000	901089959	224	21867	6693026	177869469	95538351	16195116
1495862707981610654	parsec.facesim	1800	41	1.200000	1.088000	1.305000	901384081	228	22949	6724280	178513941	95873793	16267824
1495862708490775497	parsec.facesim	1800	41	1.100000	1.096000	1.313000	901208920	224	22764	6559719	173717377	93438672	15707022
1495862709000135007	parsec.facesim	1800	41	1.100000	1.083000	1.297000	901301430	226	23785	6716632	178147426	95737821	16225749
1495862709509633225	parsec.facesim	1800	41	1.100000	1.101000	1.318000	901125080	224	23172	6777360	179116275	96171295	16512444
1495862710018973693	parsec.facesim	1800	41	1.100000	1.105000	1.323000	901136825	226	22847	6777922	179661189	96260598	16534402
1495862710528209412	parsec.facesim	1800	41	1.100000	1.099000	1.316000	901127031	224	21525	6703220	178294966	95751903	16246253
1495862711037431672	parsec.facesim	1800	41	1.100000	1.108000	1.327000	901130179	228	23129	6732419	178837472	96059731	16313803
1495862711546660223	parsec.facesim	1800	41	1.100000	1.101000	1.318000	901155730	226	21817	6723914	178394437	95822215	16247785
1495862712055990900	parsec.facesim	1800	41	1.100000	1.100000	1.317000	901127906	241	517753	26740035	296719209	164571742	14875871
1495862712565186368	parsec.facesim	1800	42	1.200000	1.359000	1.630000	901117098	224	985367	46335544	409296100	232787749	13461903
1495862713074391754	parsec.facesim	1800	42	1.200000	1.351000	1.621000	901185725	224	971480	44573056	393213418	225944583	14130431
1495862713583553930	parsec.facesim	1800	42	1.200000	1.345000	1.614000	901289930	251	535187	49584385	348830653	198834118	9922280
1495862714092705774	parsec.facesim	1800	42	1.200000	1.350000	1.621000	901111875	2293	1291117	134768423	324238802	215513075	9671097
1495862714602264075	parsec.facesim	1800	42	1.200000	1.326000	1.591000	616739533	18966	1673464	56810715	117190044	116433075	9321484
1495862715112127668	parsec.freqmine	1800	41	1.100000	1.071000	1.283000	901447966	84513	5356035	77355709	196518292	234060993	15280982
1495862715621886802	parsec.freqmine	1800	41	1.200000	1.155000	1.386000	901239933	83154	5313827	81442888	202312893	237282128	15067111
1495862716131771894	parsec.freqmine	1800	41	1.200000	1.164000	1.396000	901250599	69745	4475714	76404731	184754887	207662286	12741335
1495862716640762155	parsec.freqmine	1800	41	1.200000	1.168000	1.401000	901074735	1982	605576	39935687	77823371	48495799	1008045
1495862717149899832	parsec.freqmine	1800	41	1.100000	1.045000	1.251000	901083984	2031	616880	39946725	77935996	48760860	1029133
1495862717659020133	parsec.freqmine	1800	40	1.100000	0.977000	1.170000	901087791	1924	634328	39918527	77723929	48877744	1046449
1495862718168107894	parsec.freqmine	1800	40	1.100000	0.979000	1.172000	901237765	1912	617241	39886652	77644133	48568346	1054092
1495862718677296987	parsec.freqmine	1800	40	1.100000	0.978000	1.171000	901094425	1920	646844	39903725	77693490	49040669	1061613
1495862719186414247	parsec.freqmine	1800	40	1.100000	0.979000	1.172000	901161774	1924	595526	39886115	77650301	48203698	1054104
1495862719695595299	parsec.freqmine	1800	40	1.100000	0.977000	1.170000	901085346	1921	653605	39910035	77698933	49158907	1057914
1495862720204857309	parsec.freqmine	1800	40	1.100000	0.978000	1.171000	901075475	1927	593921	39869599	77633609	48169861	1058326
1495862720713987236	parsec.freqmine	1800	40	1.100000	0.978000	1.171000	901103070	1926	639983	39915751	77717552	48982736	1055241
1495862721223153663	parsec.freqmine	1800	40	1.100000	0.979000	1.172000	901089295	1920	654282	39906885	77698718	49186585	1055000
1495862721732334215	parsec.freqmine	1800	40	1.100000	0.979000	1.172000	901090765	1925	642762	39913167	77707854	49001924	1058182
1495862722241507141	parsec.freqmine	1800	40	1.100000	0.978000	1.171000	901094235	1916	623379	39881126	77628003	48648181	1055216
1495862722750763526	parsec.freqmine	1800	40	1.100000	0.978000	1.171000	901100099	1923	638832	39902782	77694873	48913020	1058971
1495862723260001953	parsec.freqmine	1800	40	1.100000	0.979000	1.172000	901180019	1928	642710	39929129	77743896	49016469	1053665
1495862723769164755	parsec.freqmine	1800	40	1.100000	0.978000	1.171000	901071741	3162	1199606	43114996	92251037	73212732	1639391
1495862724278258474	parsec.freqmine	1800	40	1.100000	0.978000	1.171000	901072176	3147	3806553	46779484	220234475	277446755	5340681
1495862724787441567	parsec.freqmine	1800	41	1.200000	1.379000	1.656000	901069425	10247	3949944	60325001	197292548	227313541	18668200
1495862725296874702	parsec.freqmine	1800	41	1.200000	1.379000	1.654000	901087880	30430	2354962	114158441	201757619	113436293	32038432
1495862725806145503	parsec.freqmine	1800	41	1.100000	1.096000	1.313000	901211385	7959	5481181	108254985	319239401	205997471	16628890
1495862726315239014	parsec.freqmine	1800	41	1.100000	1.139000	1.364000	901078195	244	10170582	151428775	522008375	372838070	2757557
1495862726824394690	parsec.freqmine	1800	42	1.200000	1.375000	1.651000	901083102	224	10171580	153750714	558398816	395910405	1463956
1495862727333389659	parsec.freqmine	1800	42	1.200000	1.403000	1.683000	901183038	226	10250104	151480058	543809822	385576657	2217008
1495862727842504669	parsec.freqmine	1800	42	1.200000	1.411000	1.693000	901220915	246	11124552	149358120	530047305	391687699	2216079
1495862728351590721	parsec.freqmine	1800	42	1.200000	1.388000	1.666000	901097154	226	9612613	154847465	565274386	391689887	1589720
1495862728860706106	parsec.freqmine	1800	42	1.200000	1.411000	1.694000	901067492	224	10088436	153232792	560598303	394562811	1425821
1495862729369817492	parsec.freqmine	1800	42	1.200000	1.406000	1.687000	901072619	228	10221275	151653082	547803879	387672937	1814270
1495862729878834335	parsec.freqmine	1800	42	1.200000	1.393000	1.671000	901075576	224	9649619	154028399	565253876	390722839	1487690
1495862730387840887	parsec.freqmine	1800	42	1.200000	1.406000	1.687000	901070052	224	9967391	153337295	562555988	393565896	1331529
1495862730897010439	parsec.freqmine	1800	42	1.200000	1.404000	1.684000	901068078	224	10499350	151989105	554535579	395964358	1916751
1495862731406256824	parsec.freqmine	1800	42	1.200000	1.409000	1.690000	901182685	232	10374844	152854761	548156488	392641857	1794637
1495862731915312834	parsec.freqmine	1800	42	1.200000	1.398000	1.677000	901058873	224	9942047	153922318	559463229	393379944	1697916
1495862732424378345	parsec.freqmine	1800	42	1.200000	1.410000	1.692000	901065830	224	10348724	153231988	555519853	396277674	1513923
1495862732933560105	parsec.freqmine	1800	42	1.200000	1.405000	1.687000	901106869	224	10667462	152240552	552888782	398428496	1380874
1495862733442679698	parsec.freqmine	1800	42	1.200000	1.403000	1.683000	901080767	228	10525836	151256099	549184918	392451136	1770853
1495862733951837875	parsec.freqmine	1800	42	1.200000	1.410000	1.692000	901076448	224	10024931	151777999	563575337	392085160	1560399
1495862734461012510	parsec.freqmine	1800	42	1.200000	1.411000	1.693000	901064452	224	10613901	150057426	546985800	391151676	1944372
1495862734970134062	parsec.freqmine	1800	42	1.200000	1.408000	1.689000	901066789	230	10330422	151050756	558210564	394192483	1521540
1495862735479238322	parsec.freqmine	1800	42	1.200000	1.404000	1.686000	901073660	226	9872833	152463248	565298216	391883566	1590898
1495862735988289041	parsec.freqmine	1800	42	1.200000	1.410000	1.692000	901066879	224	10636732	149785151	556181492	396221333	1772759
1495862736497405926	parsec.freqmine	1800	42	1.200000	1.396000	1.675000	901066957	230	10194639	150437654	544624862	384328173	2322795
1495862737006529270	parsec.freqmine	1800	42	1.200000	1.414000	1.698000	901080725	226	10639188	149320225	550084632	392719638	2042393
1495862737515660530	parsec.freqmine	1800	42	1.200000	1.403000	1.685000	901207895	224	10603610	149601032	552656835	393592572	1857914
1495862738024992290	parsec.freqmine	1800	42	1.200000	1.406000	1.688000	901227130	232	10396826	148676243	533141552	378720555	2507158
1495862738534507800	parsec.freqmine	1800	42	1.200000	1.387000	1.665000	901202700	262	6268917	142901276	389213499	238289369	8419208
1495862739043743143	parsec.freqmine	1800	42	1.200000	1.183000	1.419000	901200010	365	6848447	131915908	348312797	242201342	8745353
1495862739553007736	parsec.freqmine	1800	42	1.200000	1.295000	1.554000	901297640	1708	9646801	129145966	383087047	304527885	7576642
1495862740062092413	parsec.freqmine	1800	42	1.200000	1.238000	1.485000	901188030	1577	11719904	122990096	288448157	309840614	11364933
1495862740571347715	parsec.freqmine	1800	42	1.200000	1.285000	1.542000	901198340	1540	11629169	127116720	300268339	320819187	12571280
1495862741080514100	parsec.freqmine	1800	42	1.200000	1.295000	1.554000	901188085	4395	12286319	121235677	289625439	331220227	12531802
1495862741590250484	parsec.streamcluster	1800	41	1.100000	0.744000	0.890000	615655204	55262	3618982	55733148	138806794	160949703	10226224
1495862742100216535	parsec.streamcluster	1800	41	1.200000	1.161000	1.393000	901407560	83732	5348833	79125500	199088603	235802703	15179220
1495862742610329794	parsec.streamcluster	1800	41	1.200000	1.166000	1.399000	901379929	35577	2584855	65484464	285100431	216278470	22490511
1495862743119718970	parsec.streamcluster	1800	42	1.200000	1.327000	1.592000	901243145	224	1279223	33793001	297587699	197915724	34526548
1495862743629074022	parsec.streamcluster	1800	42	1.200000	1.408000	1.691000	901194895	226	1272386	33831955	297790042	197854479	34559006
1495862744138330115	parsec.streamcluster	1800	42	1.200000	1.411000	1.694000	901234115	224	1273953	33831358	297763583	197890780	34539383
1495862744647581334	parsec.streamcluster	1800	43	1.200000	1.410000	1.692000	901222551	226	1264623	33699516	297172337	197328322	34498236
1495862745156830510	parsec.streamcluster	1800	43	1.200000	1.409000	1.692000	901259444	224	1262934	33787633	297611543	197529004	34543946
1495862745666188604	parsec.streamcluster	1800	43	1.200000	1.410000	1.693000	901246879	226	1274518	33803479	297406267	197714690	34509779
1495862746175382197	parsec.streamcluster	1800	43	1.200000	1.410000	1.692000	901227532	224	1264278	33768101	297338521	197411847	34515652
1495862746684698540	parsec.streamcluster	1800	43	1.200000	1.412000	1.695000	901384369	230	1276205	33780749	297906723	197995394	34571815
1495862747193924217	parsec.streamcluster	1800	43	1.200000	1.412000	1.695000	901141869	226	1260914	33774352	297468469	197403561	34533820
1495862747703358643	parsec.streamcluster	1800	43	1.200000	1.414000	1.698000	901325665	226	1180519	33453408	296088875	194530949	34491728
1495862748212756820	parsec.streamcluster	1800	43	1.200000	1.408000	1.691000	901242947	226	1153012	33441618	296568599	194221889	34558856
1495862748722119538	parsec.streamcluster	1800	43	1.200000	1.408000	1.689000	901241865	224	1123707	33423389	296656224	193589444	34579441
1495862749231385506	parsec.streamcluster	1800	43	1.200000	1.410000	1.692000	901228695	226	1118869	33427025	296517074	193381183	34590298
1495862749740671016	parsec.streamcluster	1800	43	1.200000	1.410000	1.693000	901224554	224	1086302	33214446	295937529	192273826	34561070
1495862750250025276	parsec.streamcluster	1800	44	1.200000	1.407000	1.689000	901478601	228	1084099	33304358	296206734	192374177	34586845
1495862750759331828	parsec.streamcluster	1800	44	1.200000	1.408000	1.691000	901230785	230	1072647	33303453	295470264	191672644	34587649
1495862751268473921	parsec.streamcluster	1800	44	1.200000	1.409000	1.690000	901228133	226	1049834	33073337	295107148	190922789	34565652
1495862751777846681	parsec.streamcluster	1800	44	1.200000	1.407000	1.688000	901234605	224	1050666	33166454	295412790	191117232	34592190
1495862752287107566	parsec.streamcluster	1800	44	1.200000	1.406000	1.688000	901233171	226	1043406	33064242	293096704	189643291	34510880
1495862752796543868	parsec.streamcluster	1800	44	1.200000	1.403000	1.683000	901226989	224	1027081	32987563	294185903	189850547	34670284
1495862753306243085	parsec.streamcluster	1800	44	1.200000	1.406000	1.687000	901253111	226	1023697	32872981	293388776	189320644	34583668
1495862753815595970	parsec.streamcluster	1800	44	1.200000	1.405000	1.686000	901376365	226	1025976	32886698	293730222	189561690	34617799
1495862754324911814	parsec.streamcluster	1800	44	1.200000	1.406000	1.687000	901232705	226	1026681	33017066	294376010	189945242	34693446
1495862754834168324	parsec.streamcluster	1800	44	1.200000	1.406000	1.687000	901239866	226	1024493	32910071	294027546	189692213	34669687
1495862755343496834	parsec.streamcluster	1800	44	1.200000	1.407000	1.688000	901237069	226	1026443	33142597	293548650	189448928	34695414
1495862755852795968	parsec.streamcluster	1800	44	1.200000	1.405000	1.686000	901229520	224	1015400	32934630	293746219	189298557	34743619
1495862756362046937	parsec.streamcluster	1800	44	1.200000	1.406000	1.687000	901330215	226	1014836	32859012	293613791	189219364	34736116
1495862756871559863	parsec.streamcluster	1800	44	1.200000	1.406000	1.688000	901155901	224	1015580	32951538	293895525	189393211	34758816
1495862757380822331	parsec.streamcluster	1800	44	1.200000	1.406000	1.687000	901273554	224	1017353	32904299	294070187	189513202	34793116
1495862757890307466	parsec.streamcluster	1800	44	1.200000	1.408000	1.691000	901137745	230	1014835	32827600	294393929	189547983	34696888
1495862758400153892	splash2x.barnes	1800	43	1.200000	1.406000	1.688000	617452127	52590	3483330	54921055	142363751	160597118	10341326
1495862758909892985	splash2x.barnes	1800	43	1.100000	1.160000	1.389000	901472518	83864	5341801	79060103	199314137	236357386	15229738
1495862759419630661	splash2x.barnes	1800	43	1.100000	1.165000	1.395000	901399177	82619	5310071	83621546	205569670	239687539	15009714
1495862759929068671	splash2x.barnes	1800	43	1.100000	1.170000	1.401000	901454530	52624	3446604	73977432	202427916	215617517	15051692
1495862760438396305	splash2x.barnes	1800	42	1.100000	1.198000	1.435000	901265645	6275	3189320	54160262	149494676	139717125	15816447
1495862760947597941	splash2x.barnes	1800	43	1.200000	1.158000	1.389000	901387560	226	1982393	52803942	308126486	216381223	14340932
1495862761456780159	splash2x.barnes	1800	43	1.200000	1.391000	1.669000	901248704	226	1914522	52896413	309146157	215878515	15565316
1495862761965937294	splash2x.barnes	1800	43	1.200000	1.397000	1.676000	901253976	224	1898407	52961662	309330245	215798950	15520203
1495862762475176846	splash2x.barnes	1800	43	1.200000	1.397000	1.677000	901250329	226	1873722	52896085	309159915	215479664	15738546
1495862762984439023	splash2x.barnes	1800	43	1.200000	1.398000	1.678000	901256601	226	1858102	52974856	309507192	215260965	15654363
1495862763493564866	splash2x.barnes	1800	43	1.200000	1.399000	1.678000	901282115	226	1922022	52935541	308787272	215744224	15165869
1495862764002676668	splash2x.barnes	1800	43	1.200000	1.390000	1.668000	901257950	226	2064651	52785710	307668393	216746872	13977390
1495862764511832220	splash2x.barnes	1800	43	1.200000	1.389000	1.666000	901377870	228	2059431	52905750	308266795	217484846	13448856
1495862765021094355	splash2x.barnes	1800	43	1.200000	1.389000	1.666000	901263670	224	1909206	53035580	309688373	216660836	15309650
1495862765530143407	splash2x.barnes	1800	43	1.200000	1.398000	1.678000	901244505	226	1907722	53056141	309980522	217012030	15623065
1495862766039232959	splash2x.barnes	1800	43	1.200000	1.398000	1.677000	901246300	224	1869738	53087097	310000912	216792166	15642931
1495862766548393635	splash2x.barnes	1800	43	1.200000	1.398000	1.677000	901087540	226	1899559	53015656	309523080	216732989	15513991
1495862767057527979	splash2x.barnes	1800	43	1.200000	1.397000	1.676000	901084365	226	1865623	52998209	309336959	215642465	15520116
1495862767566652197	splash2x.barnes	1800	43	1.200000	1.395000	1.675000	901089396	226	2033722	52873666	308265673	217279516	13531992
1495862768075823874	splash2x.barnes	1800	43	1.200000	1.388000	1.665000	901072429	224	2073404	52729862	307636433	216875408	13612660
1495862768585209926	splash2x.barnes	1800	43	1.200000	1.389000	1.668000	901421795	4460	1751517	64669250	217034321	161697936	10577643
1495862769094325061	splash2x.barnes	1800	43	1.200000	1.185000	1.422000	901238780	598	2024625	49507060	271908675	195655906	13449787
1495862769603356196	splash2x.barnes	1800	43	1.200000	1.386000	1.663000	901209455	226	1912314	53126844	310802497	217649950	14024523
1495862770112476831	splash2x.barnes	1800	43	1.200000	1.394000	1.672000	901208855	224	1876977	53107068	310728455	217009156	14743163
1495862770621616967	splash2x.barnes	1800	43	1.200000	1.394000	1.672000	901221225	226	1892321	53094628	310692956	217228517	14328547
1495862771130657102	splash2x.barnes	1800	43	1.200000	1.394000	1.672000	901216576	226	1876219	53198473	310985671	217310265	14006937
1495862771639824445	splash2x.barnes	1800	43	1.200000	1.396000	1.675000	901210468	226	1847081	53090653	310653948	216410274	14451884
1495862772148871789	splash2x.barnes	1800	43	1.200000	1.385000	1.662000	901215266	226	2077004	53122319	310089308	218931327	11908268
1495862772657938299	splash2x.barnes	1800	43	1.200000	1.385000	1.663000	901254439	224	1953725	53184253	310825680	218150556	13673870
1495862773167173726	splash2x.barnes	1800	43	1.200000	1.394000	1.672000	901434785	226	1903380	53156238	310950514	217774181	14734248
1495862773676377236	splash2x.barnes	1800	43	1.200000	1.397000	1.676000	901206285	224	1908473	53255541	311331196	218439042	14476740
1495862774185423538	splash2x.barnes	1800	43	1.200000	1.397000	1.676000	901212600	226	1885674	53139282	310768950	217424389	15125372
1495862774694603132	splash2x.barnes	1800	43	1.200000	1.398000	1.677000	901214780	226	1889389	53179927	310737311	217191968	14643138
1495862775203861808	splash2x.barnes	1800	43	1.200000	1.398000	1.677000	901335715	228	1987290	53154063	310236947	217903329	13196832
1495862775713139068	splash2x.barnes	1800	43	1.200000	1.396000	1.675000	901098860	224	2028299	53144255	310702522	218713276	12233618
1495862776222304870	splash2x.barnes	1800	43	1.200000	1.386000	1.663000	901115250	2011	1826449	55914812	254974479	184080386	11166072
1495862776731725713	splash2x.barnes	1800	42	1.200000	1.386000	1.663000	901108844	3043	1925620	58518639	235686144	173686237	12254898
1495862777240804307	splash2x.barnes	1800	43	1.200000	1.187000	1.424000	901099240	226	1989503	53275118	311182436	217769787	12886327
1495862777750071525	splash2x.barnes	1800	43	1.200000	1.385000	1.662000	901098361	224	1904946	53307120	311569384	217153268	14000248
1495862778259328577	splash2x.barnes	1800	43	1.200000	1.394000	1.672000	901236265	226	1906820	53330523	311734180	217216813	13523097
1495862778768411129	splash2x.barnes	1800	43	1.200000	1.393000	1.671000	901210255	226	1875284	53293144	311385548	216732331	14203227
1495862779277655972	splash2x.barnes	1800	43	1.200000	1.395000	1.674000	901332010	228	1878287	53270999	311280998	216380066	13958855
1495862779786856232	splash2x.barnes	1800	43	1.200000	1.396000	1.675000	901205448	224	2021348	53315127	310902491	218032510	12035333
1495862780296045492	splash2x.barnes	1800	43	1.200000	1.386000	1.663000	901214282	226	2076074	53229643	310479776	218645968	11714061
1495862780805114878	splash2x.barnes	1800	43	1.200000	1.385000	1.662000	901228409	224	1957755	53213022	310673623	217621440	13747028
1495862781314236971	splash2x.barnes	1800	43	1.200000	1.396000	1.675000	901226726	226	1915211	53242428	311049498	217594260	14570985
1495862781823507898	splash2x.barnes	1800	43	1.200000	1.395000	1.674000	901213299	224	1935284	53309860	311311574	218309176	14252709
1495862782332878199	splash2x.barnes	1800	43	1.200000	1.394000	1.672000	901212824	226	1878997	53133551	310514607	216986215	15062715
1495862782842002876	splash2x.barnes	1800	43	1.200000	1.396000	1.675000	901448861	228	1878800	53218975	310800652	217101148	14901287
1495862783351277219	splash2x.barnes	1800	43	1.200000	1.397000	1.676000	901248952	226	1970727	53201793	310257128	217410943	13717170
1495862783860373646	splash2x.barnes	1800	43	1.200000	1.393000	1.671000	901193094	224	2033898	53234235	310883813	218496748	12136810
1495862784369480532	splash2x.barnes	1800	43	1.200000	1.385000	1.662000	901204085	227	1878384	49813969	286821139	202264496	12414941
1495862784878830166	splash2x.barnes	1800	42	1.200000	1.288000	1.545000	901279200	4847	1889481	64270748	201502177	153916930	11198017
1495862785387957302	splash2x.barnes	1800	43	1.100000	1.186000	1.420000	901122930	226	1982198	53171546	310524082	217674064	13041049
1495862785897046770	splash2x.barnes	1800	43	1.200000	1.386000	1.663000	901115880	224	1899188	53211567	311105778	217196167	14478439
1495862786406286489	splash2x.barnes	1800	43	1.200000	1.394000	1.672000	901112025	228	1890700	53173767	310867636	216822880	14371368
1495862786915433957	splash2x.barnes	1800	43	1.200000	1.394000	1.672000	901117310	226	1878220	53207476	311099227	216988615	14593980
1495862787424572301	splash2x.barnes	1800	43	1.200000	1.397000	1.676000	901114360	226	1892479	53213605	311122237	217122646	14162912
1495862787933675686	splash2x.barnes	1800	43	1.200000	1.395000	1.674000	901123430	224	1977216	53243460	310665329	217470818	12922298
1495862788442988612	splash2x.barnes	1800	43	1.200000	1.386000	1.663000	901118444	226	2061414	53224317	310711270	218860783	11666362
1495862788952131373	splash2x.barnes	1800	43	1.200000	1.384000	1.660000	901262936	224	1991244	53212555	310533032	217801784	12347120
1495862789461330216	splash2x.barnes	1800	43	1.200000	1.394000	1.672000	901262895	226	1890244	53260193	311385850	217507303	13895636
1495862789970508976	splash2x.barnes	1800	43	1.200000	1.394000	1.672000	901243811	224	1913759	53269642	311567124	218191503	13844633
1495862790479794903	splash2x.barnes	1800	43	1.200000	1.394000	1.672000	901343675	228	1874879	53293471	311544841	217421084	14261014
1495862790989063329	splash2x.barnes	1800	43	1.200000	1.396000	1.675000	901259450	226	1869302	53242799	311276088	217260193	14230183
1495862791498122256	splash2x.barnes	1800	43	1.200000	1.394000	1.672000	901254832	226	1863703	53270139	311080545	216538365	13847259
1495862792007305516	splash2x.barnes	1800	43	1.200000	1.392000	1.670000	901258792	224	2047531	53229978	310764973	218695403	11382964
1495862792516487277	splash2x.barnes	1800	43	1.200000	1.386000	1.663000	901250298	226	2010724	53216754	311094728	218548724	12082506
1495862793026021036	splash2x.fmm	1800	42	1.200000	1.287000	1.544000	612623978	28062	2222273	44890591	137717078	132479517	8884685
1495862793535921462	splash2x.fmm	1800	42	1.200000	1.157000	1.388000	901344018	83748	5336383	78063470	197913231	235446907	15269415
1495862794045953721	splash2x.fmm	1800	42	1.200000	1.164000	1.396000	901868514	82804	5305611	81865376	203165085	238211153	15081132
1495862794555914063	splash2x.fmm	1800	42	1.200000	1.170000	1.404000	901259045	64838	4165617	74603050	184017025	205687726	12535972
1495862795066049030	splash2x.fmm	1800	42	1.100000	1.138000	1.363000	901132880	26339	1057625	47928977	131810199	117560773	8043597
1495862795575410082	splash2x.fmm	1800	42	1.200000	1.137000	1.364000	901199430	30926	5404796	60723825	132406440	196014112	17294994
1495862796084556467	splash2x.fmm	1800	42	1.100000	1.142000	1.368000	901128650	231	567958	31010042	174087312	183083015	5379195
1495862796593654186	splash2x.fmm	1800	42	1.200000	1.245000	1.494000	901132960	226	470374	33044599	171670203	199480587	4101323
1495862797103004237	splash2x.fmm	1800	42	1.200000	1.267000	1.520000	901110905	224	462972	34119537	176264466	204737427	4081306
1495862797612288081	splash2x.fmm	1800	42	1.200000	1.262000	1.514000	901224385	228	481757	31452292	164943502	191561596	4121167
1495862798121538299	splash2x.fmm	1800	42	1.200000	1.240000	1.488000	901128405	224	460615	34252518	176828664	205401224	4041036
1495862798630783767	splash2x.fmm	1800	42	1.200000	1.287000	1.544000	901108615	226	463850	32641728	170051097	197310687	4035971
1495862799139992736	splash2x.fmm	1800	42	1.200000	1.248000	1.497000	901119090	226	401579	50147603	246467857	290145602	3285008
1495862799649154871	splash2x.fmm	1800	42	1.200000	1.391000	1.669000	901105345	237	1353872	46840691	136426748	163383149	10193581
1495862800158275381	splash2x.fmm	1800	42	1.200000	1.142000	1.370000	901129030	229	2396545	44703621	162366750	187890164	7002293
1495862800667536308	splash2x.fmm	1800	42	1.200000	1.254000	1.504000	901117844	226	467297	32422623	169135022	196171193	4041113
1495862801176842734	splash2x.fmm	1800	42	1.200000	1.278000	1.533000	901112961	224	465399	34307366	177039090	205810713	4070988
1495862801686040578	splash2x.fmm	1800	42	1.200000	1.266000	1.519000	901106186	224	462197	33362794	173097798	201144961	4015818
1495862802195204505	splash2x.fmm	1800	42	1.200000	1.283000	1.539000	901106885	226	458267	34120647	176354745	204695059	3999688
1495862802704498556	splash2x.fmm	1800	42	1.200000	1.279000	1.534000	901250275	226	420866	44097607	220116734	258155757	3552669
1495862803213599316	splash2x.fmm	1800	42	1.200000	1.382000	1.658000	901112945	229	351477	51559309	185928621	214156529	5629645
1495862803722820077	splash2x.fmm	1800	42	1.200000	1.225000	1.470000	901253835	238	3304310	46071943	140047817	169488743	11182980
1495862804232219711	splash2x.fmm	1800	42	1.100000	1.079000	1.292000	901080625	226	471839	31813942	166540412	193237421	4071988
1495862804741421721	splash2x.fmm	1800	42	1.200000	1.236000	1.483000	901096315	224	450916	33524851	173844996	201560322	4079778
1495862805250570232	splash2x.fmm	1800	42	1.200000	1.267000	1.520000	901274935	228	466538	32380687	168930186	196156128	4038069
1495862805759774492	splash2x.fmm	1800	42	1.200000	1.278000	1.533000	901073185	224	473636	32405296	169061585	196349226	4063170
1495862806268927043	splash2x.fmm	1800	42	1.200000	1.239000	1.486000	901095055	226	460501	33299722	172856016	200555355	4019615
1495862806778127887	splash2x.fmm	1800	42	1.200000	1.254000	1.504000	901084475	226	451926	38986693	197793002	231185964	3769144
1495862807287320230	splash2x.fmm	1800	42	1.200000	1.255000	1.506000	901096980	228	384609	54821225	227065247	265100437	4226545
1495862807796606574	splash2x.fmm	1800	42	1.200000	1.405000	1.686000	901100450	237	3195137	48336022	117326258	149499547	11878369
1495862808305786750	splash2x.fmm	1800	42	1.100000	1.074000	1.286000	901092130	227	560383	31528220	170668593	189836912	4622519
1495862808815059052	splash2x.fmm	1800	42	1.200000	1.247000	1.496000	901111054	224	473876	33367721	173132980	201119302	4041101
1495862809324208562	splash2x.fmm	1800	42	1.200000	1.274000	1.528000	901185465	228	466199	33470367	173549848	201584277	4054187
1495862809833443572	splash2x.fmm	1800	42	1.200000	1.271000	1.525000	901093476	224	477420	32095995	167744191	194771722	4088534
1495862810342595707	splash2x.fmm	1800	42	1.200000	1.248000	1.497000	901080569	226	473174	33701695	174551013	202812945	4066736
1495862810851805134	splash2x.fmm	1800	42	1.200000	1.282000	1.538000	901084951	226	463858	33992820	175894035	204516246	3999699
1495862811361002269	splash2x.fmm	1800	42	1.200000	1.295000	1.554000	901080700	226	387716	53288734	260105508	306679523	3139678
1495862811870201654	splash2x.fmm	1800	42	1.200000	1.411000	1.693000	901100430	237	3069857	56058340	109510144	149396927	11692137
1495862812379435081	splash2x.fmm	1800	42	1.100000	1.087000	1.302000	901094810	225	645640	31059894	171064744	179011227	5683848
1495862812888581883	splash2x.fmm	1800	42	1.200000	1.245000	1.494000	901097725	224	467470	32782076	170627112	198102132	4053159
1495862813397747476	splash2x.fmm	1800	42	1.200000	1.265000	1.518000	901395470	228	464870	33534228	173844738	201801119	4108560
1495862813906906528	splash2x.fmm	1800	42	1.200000	1.271000	1.525000	901123075	224	478151	32198735	168162155	195327144	4075781
1495862814416139455	splash2x.fmm	1800	42	1.200000	1.244000	1.492000	901134345	226	469900	33107267	172061631	199834024	4002769
1495862814925292923	splash2x.fmm	1800	42	1.200000	1.255000	1.506000	901124555	226	472482	32906210	171214795	198815661	4016683
1495862815434441559	splash2x.fmm	1800	42	1.200000	1.263000	1.515000	901123905	226	412423	49147168	242078725	284922763	3365436
1495862815943618360	splash2x.fmm	1800	42	1.200000	1.417000	1.701000	885466529	3079	559692	49372187	151436098	169185385	7581556
1495862816453316828	splash2x.radiosity	1800	41	1.100000	1.105000	1.323000	632930425	56750	3713734	57236147	142628480	165509279	10596338
1495862816963441629	splash2x.radiosity	1800	41	1.100000	1.152000	1.380000	901242918	83797	5329200	79018007	198721983	235168063	15286118
1495862817473258055	splash2x.radiosity	1800	42	1.100000	1.161000	1.390000	901305616	82379	5285334	83478353	204867401	238348684	15049735
1495862817983032272	splash2x.radiosity	1800	41	1.100000	1.171000	1.402000	901098729	85458	3163197	69919095	200282818	202166369	14303133
1495862818492881865	splash2x.radiosity	1800	42	1.100000	1.166000	1.396000	901221750	94408	2022101	65508234	209731740	189075335	13365775
1495862819003156332	splash2x.radiosity	1800	42	1.100000	1.151000	1.378000	901125705	99600	2183211	67574838	217220574	195578170	12977947
1495862819513487340	splash2x.radiosity	1800	41	1.100000	1.153000	1.381000	901150880	41043	857829	29660172	104190458	76889671	22828695
1495862820022650684	splash2x.radiosity	1800	42	1.100000	1.031000	1.235000	901204045	27970	3788347	103952616	268488987	278707029	8630554
1495862820531698944	splash2x.radiosity	1800	42	1.200000	1.396000	1.675000	901070063	226	8242894	177420548	341829283	450522488	1947431
1495862821040654454	splash2x.radiosity	1800	42	1.200000	1.456000	1.747000	901070971	226	6402102	165799296	351050008	419074221	1448282
1495862821549606090	splash2x.radiosity	1800	43	1.200000	1.433000	1.719000	901072966	226	6741921	163206175	348620961	413527011	1666512
1495862822058500975	splash2x.radiosity	1800	43	1.200000	1.442000	1.730000	901077638	224	7780765	165362034	338981461	425202019	2000425
1495862822567406402	splash2x.radiosity	1800	43	1.200000	1.448000	1.737000	901084610	226	8446541	170549889	335741079	437696065	2388500
1495862823076522079	splash2x.radiosity	1800	43	1.200000	1.454000	1.744000	901155950	226	8808275	169881480	331937328	440473037	3264134
1495862823585607673	splash2x.radiosity	1800	43	1.200000	1.456000	1.747000	901001765	228	7949497	164562242	339276620	426875623	2145552
1495862824094618683	splash2x.radiosity	1800	43	1.200000	1.429000	1.714000	901008541	224	6562030	160522756	347293249	410671550	1666391
1495862824603548819	splash2x.radiosity	1800	43	1.200000	1.444000	1.732000	901007292	226	7726689	161136237	343093694	421100299	2036347
1495862825112529537	splash2x.radiosity	1800	43	1.200000	1.438000	1.725000	900993598	224	6949966	156656794	351212939	406767309	1733169
1495862825621571673	splash2x.radiosity	1800	43	1.200000	1.420000	1.704000	901105265	228	7155567	152695879	346653268	401062021	1798743
1495862826131048391	splash2x.radiosity	1800	43	1.200000	1.428000	1.713000	900997477	224	5537621	148892092	352574901	384265824	1570075
1495862826639985151	splash2x.radiosity	1800	43	1.200000	1.415000	1.698000	900987784	226	5750813	150872482	350197338	388434716	1648157
1495862827148912120	splash2x.radiosity	1800	43	1.200000	1.421000	1.705000	901015032	226	6218975	155044077	347338796	395545701	1778826
1495862827657916130	splash2x.radiosity	1800	43	1.200000	1.423000	1.707000	901002692	226	7064922	149731684	343538440	395606280	2117005
1495862828166922307	splash2x.radiosity	1800	43	1.200000	1.430000	1.716000	901001199	224	7182481	144012741	342482079	387469903	2434324
1495862828676214942	splash2x.radiosity	1800	43	1.200000	1.431000	1.717000	901006493	226	6422224	150940909	350434972	390859566	2366791
1495862829185194869	splash2x.radiosity	1800	43	1.200000	1.436000	1.724000	901170032	224	7168239	158380477	346048795	408449579	2688918
1495862829694188130	splash2x.radiosity	1800	43	1.200000	1.426000	1.711000	901139487	228	5783887	155097145	354673543	387194031	1640149
1495862830203052640	splash2x.radiosity	1800	43	1.200000	1.445000	1.735000	901343073	224	8015655	173253422	336430806	433394987	2233817
1495862830712103942	splash2x.radiosity	1800	43	1.200000	1.460000	1.753000	901129204	226	8063376	173845509	333774592	432423918	2243553
1495862831221230161	splash2x.radiosity	1800	43	1.200000	1.427000	1.712000	901114323	224	6605601	157961482	339242460	399177167	1524993
1495862831730281505	splash2x.radiosity	1800	43	1.200000	1.424000	1.710000	901171315	222	5510488	158160743	351386082	387875663	1383742
1495862832239239682	splash2x.radiosity	1800	43	1.200000	1.423000	1.709000	901288257	226	6268957	145695396	343194671	376379144	1870988
1495862832748226359	splash2x.radiosity	1800	43	1.200000	1.417000	1.701000	900959346	224	6000803	142199360	343620601	368087599	2041235
1495862833257230327	splash2x.radiosity	1800	43	1.200000	1.414000	1.696000	901028919	228	7202833	156006963	342844762	400769062	2285825
1495862833766340796	splash2x.radiosity	1800	43	1.200000	1.433000	1.719000	901007722	224	7185929	152473886	339798195	397251379	2478339
1495862834275413431	splash2x.radiosity	1800	43	1.200000	1.423000	1.709000	901011824	226	7269366	160209774	337975057	408503979	2042610
1495862834784371483	splash2x.radiosity	1800	43	1.200000	1.428000	1.713000	901008537	226	6048534	155982894	354365111	387627984	2194957
1495862835293330702	splash2x.radiosity	1800	43	1.200000	1.443000	1.731000	901011498	226	6222563	150886981	351495962	382354261	1946485
1495862835802349004	splash2x.radiosity	1800	43	1.200000	1.431000	1.717000	901006216	224	6885427	143844496	356713683	389918034	1836550
1495862836311481014	splash2x.radiosity	1800	43	1.200000	1.428000	1.713000	901038835	226	5424536	135436115	367596163	367254413	1588352
1495862836820451066	splash2x.radiosity	1800	43	1.200000	1.420000	1.704000	901008153	224	7440119	153335247	350784280	404820037	1846911
1495862837329427535	splash2x.radiosity	1800	43	1.200000	1.437000	1.724000	901013600	226	6684935	147642049	359567466	392267597	1773212
1495862837838368337	splash2x.radiosity	1800	43	1.200000	1.429000	1.716000	901011651	226	7762221	145139162	349890599	399709510	1966946
1495862838347397056	splash2x.radiosity	1800	43	1.200000	1.423000	1.707000	901004632	226	5843771	145801263	359151295	376133774	1846602
1495862838856422733	splash2x.radiosity	1800	43	1.200000	1.422000	1.707000	901011237	226	6270287	146529304	354064869	383893681	1907682
1495862839365351618	splash2x.radiosity	1800	43	1.200000	1.422000	1.707000	901008673	226	7269142	154440887	353460050	403620963	2249771
1495862839874536003	splash2x.radiosity	1800	43	1.200000	1.448000	1.737000	901005177	224	7063350	150873655	349087341	395578254	1997162
1495862840383482222	splash2x.radiosity	1800	43	1.200000	1.424000	1.708000	901008805	226	7088651	148829672	342990419	393124701	1990466
1495862840892471857	splash2x.radiosity	1800	43	1.200000	1.415000	1.698000	901003211	224	6706585	153726876	348033486	394736904	2047080
1495862841401433826	splash2x.radiosity	1800	43	1.200000	1.430000	1.716000	901007481	226	6635438	150530818	348268202	388605483	2122258
1495862841910463753	splash2x.radiosity	1800	43	1.200000	1.425000	1.710000	901150541	224	6535809	150292942	348745699	386858300	2374458
1495862842419467930	splash2x.radiosity	1800	43	1.200000	1.423000	1.707000	901127044	228	5916831	152045333	339114409	378622602	2167564
1495862842928444107	splash2x.radiosity	1800	43	1.200000	1.408000	1.689000	901021340	226	5806066	144024272	339322095	365637003	2234972
1495862843437425368	splash2x.radiosity	1800	43	1.200000	1.404000	1.684000	901011045	226	6266002	139843283	344672003	370779358	2444290
1495862843946472961	splash2x.radiosity	1800	43	1.200000	1.411000	1.694000	901005875	224	6966552	141366307	344189974	382670211	2624336
1495862844455434930	splash2x.radiosity	1800	43	1.200000	1.410000	1.692000	901008350	226	6320181	140600318	341647897	371251309	2986906
1495862844964462940	splash2x.radiosity	1800	43	1.200000	1.407000	1.688000	901009669	224	6346736	140644149	332830380	367480194	3436399
1495862845473591576	splash2x.radiosity	1800	43	1.200000	1.408000	1.689000	901002795	226	6193955	133495496	323531689	352813129	4234829
1495862845982579586	splash2x.radiosity	1800	43	1.200000	1.385000	1.662000	901013861	224	5677897	125863907	307659067	329592334	6075657
1495862846491695846	splash2x.radiosity	1800	43	1.200000	1.359000	1.630000	901010245	226	4301400	95753751	253840721	250700800	10902139
1495862847000728315	splash2x.radiosity	1800	42	1.200000	1.246000	1.495000	901252895	230	1604680	49365037	168587779	119163372	17801974
1495862847509774742	splash2x.radiosity	1800	42	1.100000	1.134000	1.358000	901005045	257	2535410	249140692	252681478	78677167	15274385
1495862848018785377	splash2x.radiosity	1800	42	1.100000	1.085000	1.299000	901013725	250	2158036	205318403	248741368	121466772	12503611
1495862848528638428	splash2x.raytrace	1800	42	1.100000	1.091000	1.307000	617649743	46047	3210015	55585570	138574766	157728354	8930637
1495862849038436562	splash2x.raytrace	1800	42	1.100000	0.885000	1.059000	901141836	83620	5352729	78683725	198441800	235397448	15233693
1495862849548385363	splash2x.raytrace	1800	42	1.100000	1.160000	1.389000	901010043	82598	5295173	83012364	204419426	238306297	15006234
1495862850057573581	splash2x.raytrace	1800	42	1.100000	1.168000	1.399000	900995039	46014	4274457	106388563	237383748	251303114	25868304
1495862850566640008	splash2x.raytrace	1800	42	1.200000	1.389000	1.666000	900984836	260	471667	92477835	268318538	211319052	84927833
1495862851075769644	splash2x.raytrace	1800	42	1.200000	1.538000	1.847000	901122210	228	514921	90239003	267724122	211867889	86116649
1495862851584916945	splash2x.raytrace	1800	43	1.200000	1.540000	1.849000	901083933	226	430054	91875435	268312484	212014672	86677930
1495862852093982914	splash2x.raytrace	1800	43	1.200000	1.540000	1.849000	901077757	224	419387	90589158	270153121	211185960	84481803
1495862852603032216	splash2x.raytrace	1800	43	1.200000	1.542000	1.851000	901072368	226	335312	89905314	268225835	210165200	86867285
1495862853112115976	splash2x.raytrace	1800	43	1.200000	1.539000	1.848000	901065612	224	450521	87194971	266782151	210628015	86175740
1495862853621278486	splash2x.raytrace	1800	43	1.200000	1.538000	1.847000	901073573	226	499306	87039895	267118168	211315132	86526798
1495862854130320747	splash2x.raytrace	1800	43	1.200000	1.541000	1.850000	901072975	224	468309	87632525	267120625	211536939	87150246
1495862854639442340	splash2x.raytrace	1800	43	1.200000	1.540000	1.849000	901062797	226	342257	88545464	265770193	209355531	87021008
1495862855148919600	splash2x.raytrace	1800	43	1.200000	1.539000	1.848000	901073715	226	394115	88187926	266434721	209596780	86601928
1495862855658149443	splash2x.raytrace	1800	43	1.200000	1.540000	1.849000	901151755	228	374058	88666021	268056339	210616273	86130518
1495862856167260954	splash2x.raytrace	1800	43	1.200000	1.541000	1.850000	901083008	224	349561	90230070	268747419	210365113	86012247
1495862856676498339	splash2x.raytrace	1800	43	1.200000	1.542000	1.851000	901071630	226	410431	88594607	265196807	208849191	85693428
1495862857185614057	splash2x.raytrace	1800	43	1.200000	1.532000	1.839000	901076512	224	451567	87158740	265371071	209504950	86321199
1495862857694826817	splash2x.raytrace	1800	43	1.200000	1.536000	1.844000	901065780	226	388896	87302261	263956954	207644474	86133433
1495862858203919869	splash2x.raytrace	1800	43	1.200000	1.535000	1.843000	901067318	224	473883	89804008	266914896	211614259	87617317
1495862858713248379	splash2x.raytrace	1800	43	1.200000	1.547000	1.857000	901049620	226	468961	89035666	266709112	211058440	87197691
1495862859222505556	splash2x.raytrace	1800	43	1.200000	1.540000	1.849000	901044332	226	385680	88971271	267153253	210360949	87051025
1495862859731734732	splash2x.raytrace	1800	43	1.200000	1.542000	1.851000	901199288	228	398408	87680708	265307857	208848727	87245737
1495862860240933034	splash2x.raytrace	1800	43	1.200000	1.540000	1.849000	901042012	224	397230	87192271	265563258	209015299	87302346
1495862860750042044	splash2x.raytrace	1800	43	1.200000	1.542000	1.851000	901046373	226	447449	88246356	268504561	211461318	86370957
1495862861259193930	splash2x.raytrace	1800	43	1.200000	1.542000	1.851000	901049386	226	417849	87807503	267710385	210854014	87985759
1495862861768377898	splash2x.raytrace	1800	43	1.200000	1.544000	1.854000	901085239	238	377787	86886711	262539183	206285434	86327128
1495862862277686366	splash2x.raytrace	1800	43	1.200000	1.536000	1.844000	901158787	226	348938	86140847	264639889	207257677	87464642
1495862862786832876	splash2x.raytrace	1800	43	1.200000	1.531000	1.838000	901059322	226	343224	86529998	264248127	207067718	87088401
1495862863296034345	splash2x.raytrace	1800	43	1.200000	1.538000	1.847000	901076481	228	356086	86034336	264702513	206682613	87130817
1495862863805315813	splash2x.raytrace	1800	43	1.200000	1.536000	1.844000	901238660	224	444771	87369217	268678009	211361186	87978454
1495862864314506240	splash2x.raytrace	1800	43	1.200000	1.544000	1.854000	901222537	226	506517	87487290	269134020	212801836	88335604
1495862864823679417	splash2x.raytrace	1800	43	1.200000	1.546000	1.856000	901223540	224	484345	87137469	267918391	211618526	87855430
1495862865332754594	splash2x.raytrace	1800	43	1.200000	1.542000	1.851000	901218875	226	464071	86207735	269275705	211522093	88250535
1495862865842093145	splash2x.raytrace	1800	43	1.200000	1.545000	1.855000	901216998	224	457400	86608292	267221390	210967215	87734237
1495862866351253030	splash2x.raytrace	1800	43	1.200000	1.541000	1.850000	901213922	226	475705	86716557	267087305	210936680	86492837
1495862866860411916	splash2x.raytrace	1800	43	1.200000	1.540000	1.849000	901208970	226	401274	87713131	265691761	209981009	86240334
1495862867369551217	splash2x.raytrace	1800	43	1.200000	1.534000	1.842000	901347343	228	319778	88517290	266021541	209244694	87166869
1495862867878767811	splash2x.raytrace	1800	43	1.200000	1.541000	1.850000	901202405	224	347941	86662031	264927994	208584505	87250962
1495862868387887696	splash2x.raytrace	1800	44	1.200000	1.538000	1.847000	901204822	226	366274	86596528	264609748	208843738	86912410
1495862868897004623	splash2x.raytrace	1800	43	1.200000	1.537000	1.845000	901203105	224	394582	86485854	266820548	209314345	87957219
1495862869406123550	splash2x.raytrace	1800	43	1.200000	1.542000	1.851000	901202268	226	423262	86134085	267056827	209833737	87709989
1495862869915202393	splash2x.raytrace	1800	43	1.200000	1.541000	1.850000	901202122	224	517906	86741738	269342691	212679418	88234988
1495862870424376195	splash2x.raytrace	1800	43	1.200000	1.547000	1.857000	901213150	226	542055	87114819	271312892	214171133	88457726
1495862870933394955	splash2x.raytrace	1800	44	1.200000	1.550000	1.861000	901280110	224	495227	86245532	270707305	212919857	88706902
1495862871442571757	splash2x.raytrace	1800	43	1.200000	1.548000	1.859000	901081015	226	469995	85519743	267597268	210637734	87729082
1495862871951833059	splash2x.raytrace	1800	43	1.200000	1.539000	1.848000	901079888	224	464818	85194409	266222612	209924165	86969433
1495862872461045777	splash2x.raytrace	1800	43	1.200000	1.536000	1.844000	901071657	226	479843	85838819	266584215	210910351	87030472
1495862872970223621	splash2x.raytrace	1800	44	1.200000	1.539000	1.848000	901071855	224	285791	90196050	266282443	209357659	87267562
1495862873479319548	splash2x.raytrace	1800	44	1.200000	1.540000	1.849000	901068607	226	302352	87765509	265411839	208588177	86640053
1495862873988385183	splash2x.raytrace	1800	44	1.200000	1.537000	1.845000	901068438	224	444450	87256890	267049004	210715865	86519881
1495862874497525360	splash2x.raytrace	1800	44	1.200000	1.540000	1.849000	901083283	226	359650	86500685	266539922	208658915	88626368
1495862875006762203	splash2x.raytrace	1800	44	1.200000	1.538000	1.847000	901070055	228	385686	87397696	267010604	209703644	88502232
1495862875515988088	splash2x.raytrace	1800	44	1.200000	1.540000	1.849000	901070467	226	515982	86598239	269088390	212321605	88388637
1495862876025137098	splash2x.raytrace	1800	44	1.200000	1.547000	1.857000	901071655	224	491875	86861181	269290073	212254124	88298471
1495862876534253817	splash2x.raytrace	1800	44	1.200000	1.549000	1.860000	901063760	226	491418	86795264	269786744	212374885	88247833
1495862877043499702	splash2x.raytrace	1800	44	1.200000	1.548000	1.859000	901076777	224	474826	86438398	268595856	211428519	88058802
1495862877552705212	splash2x.raytrace	1800	44	1.200000	1.545000	1.855000	901065053	226	430965	85693159	267751842	210416116	87371235
1495862878061863055	splash2x.raytrace	1800	44	1.200000	1.543000	1.853000	901068275	224	429599	86325671	266754681	210641265	85662910
1495862878571221690	splash2x.raytrace	1800	44	1.200000	1.536000	1.844000	901072948	226	332325	87694358	267652583	210382047	84669777
1495862879080290992	splash2x.raytrace	1800	44	1.200000	1.535000	1.843000	901072005	226	472367	87771497	268817900	212068354	86301486
1495862879589411461	splash2x.raytrace	1800	44	1.200000	1.542000	1.851000	901160397	228	432051	86857172	268008755	210859458	87950221
1495862880098633346	splash2x.raytrace	1800	44	1.200000	1.544000	1.854000	901218663	224	367086	86770364	267453405	210109025	87187158
1495862880607767106	splash2x.raytrace	1800	44	1.200000	1.539000	1.848000	901078580	226	420301	86571952	267644319	210900690	87277166
1495862881116925700	splash2x.raytrace	1800	44	1.200000	1.542000	1.851000	901077537	224	463310	86561367	268001567	211321810	87353595
1495862881626127460	splash2x.raytrace	1800	44	1.200000	1.544000	1.854000	901072395	226	516855	86386341	269094531	212656173	87056530
1495862882135261053	splash2x.raytrace	1800	44	1.200000	1.546000	1.856000	901077033	224	424524	86646493	268992673	211753020	86284384
1495862882644439688	splash2x.raytrace	1800	44	1.200000	1.533000	1.841000	901066219	226	322091	87948352	268617357	210662080	83929370
1495862883153637657	splash2x.raytrace	1800	43	1.200000	1.538000	1.847000	901070308	226	412490	87737190	268685083	211367619	85433198
1495862883662919042	splash2x.raytrace	1800	43	1.200000	1.536000	1.844000	901152243	228	395804	87734285	269150459	211812321	85521485
1495862884172216593	splash2x.raytrace	1800	44	1.200000	1.540000	1.849000	901074825	224	554901	87330030	270457072	214031555	85130891
1495862884681483687	splash2x.raytrace	1800	44	1.200000	1.541000	1.850000	901076185	226	452597	88205243	269811961	212567577	83369387
1495862885191404112	splash2x.water_nsquared	1800	43	1.200000	1.533000	1.841000	617205035	49349	3288779	56395036	143623310	158777068	13454167
1495862885701471330	splash2x.water_nsquared	1800	43	1.100000	1.039000	1.244000	901098980	83547	5357246	78764887	198404361	235227951	15356912
1495862886211385005	splash2x.water_nsquared	1800	43	1.100000	1.164000	1.394000	901169903	82278	5317489	82970092	204261456	238282678	15177965
1495862886720809432	splash2x.water_nsquared	1800	43	1.100000	1.168000	1.399000	901219096	45278	4058988	128802037	287748069	300633064	12596278
1495862887230151942	splash2x.water_nsquared	1800	44	1.200000	1.539000	1.848000	901101878	226	1411682	194155650	624354864	526881577	16175920
1495862887739277577	splash2x.water_nsquared	1800	44	1.200000	1.758000	2.113000	901190181	228	1443475	194063245	624413964	527954642	16211078
1495862888248360837	splash2x.water_nsquared	1800	44	1.200000	1.760000	2.115000	901057934	224	1439641	195355617	624973492	529102218	16051049
1495862888757484472	splash2x.water_nsquared	1800	44	1.200000	1.761000	2.116000	901061541	226	1411089	195767337	623698039	527591870	16079397
1495862889266608816	splash2x.water_nsquared	1800	44	1.200000	1.761000	2.116000	901079989	224	1511148	194845081	621738591	526669706	16005869
1495862889775736326	splash2x.water_nsquared	1800	45	1.200000	1.762000	2.117000	901201198	226	1638846	193112385	620681752	526363029	15856776
1495862890284935711	splash2x.water_nsquared	1800	45	1.200000	1.748000	2.101000	901064880	224	1884469	194383454	604508853	518482981	15339946
1495862890794016138	splash2x.water_nsquared	1800	45	1.200000	1.735000	2.085000	901058242	222	1787767	201080300	583313544	499411473	14476594
1495862891303069482	splash2x.water_nsquared	1800	45	1.200000	1.727000	2.075000	901369426	226	1615671	206127874	574475181	492941369	13999735
1495862891812259825	splash2x.water_nsquared	1800	45	1.200000	1.720000	2.067000	901213479	224	1857399	208226651	564120216	486486469	13409801
1495862892321415919	splash2x.water_nsquared	1800	45	1.200000	1.713000	2.057000	901045606	236	2067235	192508078	551037927	477323499	14542173
1495862892830505887	splash2x.water_nsquared	1800	45	1.200000	1.713000	2.057000	901081370	224	2455610	188095654	605167172	524331517	15757244
1495862893339607897	splash2x.water_nsquared	1800	45	1.200000	1.768000	2.125000	901085339	230	2434634	186979845	608027382	525062522	15803378
1495862893848814241	splash2x.water_nsquared	1800	45	1.200000	1.770000	2.127000	901129695	224	2487520	186993050	608162646	526645613	15715952
1495862894357890710	splash2x.water_nsquared	1800	45	1.200000	1.772000	2.129000	901076272	226	2447833	188174079	606627667	525918968	15751144
1495862894867018595	splash2x.water_nsquared	1800	45	1.200000	1.771000	2.128000	901092303	226	2458444	188276491	605743346	524844189	15683599
1495862895376197063	splash2x.water_nsquared	1800	45	1.200000	1.771000	2.128000	901331049	228	2397318	187292936	609110334	525113657	15678201
1495862895885285823	splash2x.water_nsquared	1800	45	1.200000	1.774000	2.132000	901080018	224	2368650	190627548	598169232	517981713	15305024
1495862896394379584	splash2x.water_nsquared	1800	45	1.200000	1.767000	2.123000	901083305	226	2367081	195809252	585241541	508521315	14660468
1495862896903494302	splash2x.water_nsquared	1800	45	1.200000	1.755000	2.109000	901086690	224	2452007	195765385	574965010	500091031	14393980
1495862897412683896	splash2x.water_nsquared	1800	45	1.200000	1.743000	2.095000	901075010	226	2161598	202674571	567709457	493874812	13892636
1495862897921891072	splash2x.water_nsquared	1800	45	1.200000	1.733000	2.083000	901089367	224	2488527	202119766	556916268	487428248	13414329
1495862898431220041	splash2x.water_nsquared	1800	45	1.200000	1.734000	2.084000	901227352	230	2498737	191101759	535553225	470935295	14313266
1495862898940523467	splash2x.water_nsquared	1800	45	1.200000	1.726000	2.074000	901279511	226	2469584	187277582	606218977	524500515	15763180
1495862899449753186	splash2x.water_nsquared	1800	45	1.200000	1.772000	2.129000	901495126	228	2453349	186282701	607826829	525310704	15913514
1495862899958816279	splash2x.water_nsquared	1800	45	1.200000	1.776000	2.134000	901257497	224	2457771	188109559	607999425	527054142	15708800
1495862900467890664	splash2x.water_nsquared	1800	45	1.200000	1.775000	2.133000	901257935	226	2448929	188625717	606199812	525381925	15713184
1495862900977066925	splash2x.water_nsquared	1800	45	1.200000	1.773000	2.131000	901267080	224	2457627	187403308	607150804	524902486	15731778
1495862901486270351	splash2x.water_nsquared	1800	45	1.200000	1.776000	2.134000	901256594	226	2407922	186741886	609278638	525871166	15767883
1495862901995282528	splash2x.water_nsquared	1800	45	1.200000	1.776000	2.134000	901255304	224	2341868	191470309	598838558	518747151	15335555
1495862902504361955	splash2x.water_nsquared	1800	46	1.200000	1.763000	2.119000	901252567	226	2405700	194927360	586242596	509127191	14693261
1495862903013363382	splash2x.water_nsquared	1800	46	1.200000	1.753000	2.107000	901510112	228	2342707	196018346	577256836	501211318	14536116
1495862903522513351	splash2x.water_nsquared	1800	45	1.200000	1.739000	2.090000	901265903	226	2273042	202360575	566963134	494405728	13871696
1495862904031742194	splash2x.water_nsquared	1800	45	1.200000	1.734000	2.084000	901259613	224	2351035	201947129	559679770	487908264	13542190
1495862904540811163	splash2x.water_nsquared	1800	45	1.200000	1.730000	2.079000	901255583	234	2580611	192848415	530536309	467817951	13948882
1495862905050232173	splash2x.water_nsquared	1800	45	1.200000	1.655000	1.989000	901257577	224	2475302	186191465	606992649	524464872	15841132
1495862905559330308	splash2x.water_nsquared	1800	46	1.200000	1.773000	2.131000	901254832	226	2444042	187139255	607161793	526091573	15900428
1495862906068747609	splash2x.water_nsquared	1800	45	1.200000	1.773000	2.131000	901255110	224	2455915	188671393	607430750	526318643	15656741
1495862906578060703	splash2x.water_nsquared	1800	45	1.200000	1.776000	2.134000	901385395	230	2438145	188247438	606909372	525038979	15749693
1495862907087215504	splash2x.water_nsquared	1800	46	1.200000	1.775000	2.133000	901253200	224	2484791	186250836	607687739	525010653	15749552
1495862907596421806	splash2x.water_nsquared	1800	46	1.200000	1.775000	2.133000	901246315	226	2417482	187530315	607975230	526556949	15818652
1495862908105517608	splash2x.water_nsquared	1800	46	1.200000	1.775000	2.133000	901358131	224	2331358	191670517	599722775	518928731	15341084
1495862908614624618	splash2x.water_nsquared	1800	46	1.200000	1.766000	2.122000	901131318	226	2434176	193273207	587708857	509738579	14799972
1495862909123746420	splash2x.water_nsquared	1800	46	1.200000	1.753000	2.107000	901150602	224	2278480	196885828	578278424	502144826	14539816
1495862909632850722	splash2x.water_nsquared	1800	45	1.200000	1.744000	2.096000	901126718	226	2371050	201106571	566505416	494484154	13923382
1495862910142013024	splash2x.water_nsquared	1800	46	1.200000	1.735000	2.085000	901350995	226	2216644	202753098	562138115	488721107	13594439
1495862910651307450	splash2x.water_nsquared	1800	46	1.200000	1.724000	2.072000	901131302	232	2670300	198951162	539221772	479001949	13419818
1495862911160391961	splash2x.water_nsquared	1800	46	1.200000	1.721000	2.068000	901118593	224	2820610	186891002	570881529	521447952	15167267
1495862911669559679	splash2x.water_nsquared	1800	46	1.200000	1.756000	2.110000	901102797	226	2845571	188000740	568770412	522548927	15109151
1495862912178763523	splash2x.water_nsquared	1800	46	1.200000	1.756000	2.110000	901101639	220	2832802	188997606	568336208	521620589	15054684
1495862912687969741	splash2x.water_nsquared	1800	46	1.200000	1.755000	2.109000	901102789	226	2807722	188133824	570088945	521335223	15127204
1495862913197180834	splash2x.water_nsquared	1800	46	1.200000	1.754000	2.108000	901105166	224	2789921	187194975	571419549	521734715	15196964
1495862913706464386	splash2x.water_nsquared	1800	46	1.200000	1.755000	2.109000	901113966	226	2824020	188206477	569045125	522364979	15100463
1495862914215558146	splash2x.water_nsquared	1800	46	1.200000	1.756000	2.110000	901239841	226	2680856	192173422	564572450	515817514	14790655
1495862914724825740	splash2x.water_nsquared	1800	46	1.200000	1.751000	2.104000	901113468	228	2683398	194130370	557989290	508570041	14443430
1495862915233944500	splash2x.water_nsquared	1800	46	1.200000	1.741000	2.092000	901123459	224	2560676	199702214	549118492	502407455	14000865
1495862915743129385	splash2x.water_nsquared	1800	46	1.200000	1.734000	2.084000	901122306	226	2653094	203571019	540658373	495830032	13532760
1495862916252417645	splash2x.water_nsquared	1800	46	1.200000	1.727000	2.075000	901116269	224	2447975	205827483	537226969	490027670	13327139
1495862916761689322	splash2x.water_nsquared	1800	46	1.200000	1.719000	2.066000	808503191	3060	2518948	179952135	456579936	422142051	11509361
