#Timestamp	CPU(0) Frequency(MHz)	CPU(0) Temperature(C)	A7 Voltage(V)	A7 Current(A)	A7 Power(W)	CPU(4) Frequency(MHz)	CPU(4) Temperature(C)	A15 Voltage(V)	A15 Current(A)	A15 Power(W)	GPU Frequency(MHz)	GPU Temperature(C)	GPU Voltage(V)	GPU Current(A)	GPU Power(W)	RAM Voltage(V)	RAM Current(A)	RAM Power(W)
1495862652961673475	1400 45 1.200000 0.228000 0.286000 1800 38 1.100000 0.544000 0.650000 600 41 0.900000 0.070000 0.069000 1.200000 0.046000 0.055000
1495862653471818234	1400 46 1.200000 0.105000 0.133000 1800 38 1.200000 1.154000 1.384000 600 41 0.900000 0.070000 0.069000 1.200000 0.012000 0.014000
1495862653981665576	1400 46 1.200000 0.109000 0.138000 1800 38 1.100000 1.161000 1.390000 600 41 0.900000 0.071000 0.070000 1.200000 0.012000 0.014000
1495862654491694752	1400 46 1.200000 0.101000 0.128000 1800 39 1.200000 1.161000 1.393000 600 41 0.900000 0.071000 0.070000 1.200000 0.049000 0.059000
1495862655001029304	1400 46 1.200000 0.101000 0.128000 1800 39 1.200000 1.160000 1.392000 600 42 0.900000 0.071000 0.070000 1.200000 0.068000 0.082000
1495862655510911938	1400 49 1.200000 0.102000 0.129000 1800 39 1.200000 1.135000 1.362000 600 42 0.900000 0.071000 0.070000 1.200000 0.063000 0.076000
1495862656020537114	1400 49 1.200000 0.101000 0.128000 1800 40 1.200000 1.383000 1.660000 600 42 0.900000 0.072000 0.071000 1.200000 0.047000 0.057000
1495862656529719249	1400 50 1.200000 0.099000 0.126000 1800 40 1.200000 1.393000 1.671000 600 42 0.900000 0.072000 0.071000 1.200000 0.048000 0.058000
1495862657038834467	1400 51 1.200000 0.099000 0.126000 1800 40 1.200000 1.380000 1.656000 600 42 0.900000 0.072000 0.071000 1.200000 0.032000 0.038000
1495862657548396727	1400 51 1.200000 0.101000 0.128000 1800 41 1.200000 1.416000 1.699000 600 43 0.900000 0.072000 0.071000 1.200000 0.043000 0.052000
1495862658057743070	1400 50 1.200000 0.104000 0.132000 1800 41 1.200000 1.395000 1.674000 600 43 0.900000 0.072000 0.071000 1.200000 0.036000 0.043000
1495862658567083039	1400 51 1.200000 0.102000 0.129000 1800 41 1.200000 1.397000 1.676000 600 43 0.900000 0.073000 0.072000 1.200000 0.036000 0.043000
1495862659076336424	1400 51 1.200000 0.101000 0.128000 1800 41 1.200000 1.406000 1.687000 600 43 0.900000 0.073000 0.072000 1.200000 0.039000 0.047000
1495862659585818808	1400 51 1.200000 0.104000 0.132000 1800 41 1.200000 1.441000 1.729000 600 43 0.900000 0.073000 0.072000 1.200000 0.038000 0.046000
1495862660095356776	1400 50 1.200000 0.106000 0.134000 1800 41 1.200000 1.383000 1.659000 600 43 0.900000 0.073000 0.072000 1.200000 0.031000 0.037000
1495862660604831411	1400 49 1.200000 0.106000 0.134000 1800 41 1.200000 1.286000 1.543000 600 43 0.900000 0.073000 0.072000 1.200000 0.017000 0.020000
1495862661114276754	1400 49 1.200000 0.105000 0.133000 1800 41 1.200000 1.286000 1.543000 600 43 0.900000 0.073000 0.072000 1.200000 0.016000 0.019000
1495862661623538431	1400 50 1.200000 0.103000 0.131000 1800 41 1.200000 1.300000 1.560000 600 43 0.900000 0.073000 0.072000 1.200000 0.016000 0.019000
1495862662132994815	1400 49 1.200000 0.101000 0.128000 1800 41 1.200000 1.283000 1.539000 600 43 0.900000 0.073000 0.072000 1.200000 0.015000 0.018000
1495862662642487033	1400 49 1.200000 0.103000 0.131000 1800 41 1.200000 1.286000 1.543000 600 43 0.900000 0.073000 0.072000 1.200000 0.016000 0.019000
1495862663151887335	1400 49 1.200000 0.107000 0.136000 1800 41 1.200000 1.282000 1.538000 600 43 0.900000 0.073000 0.072000 1.200000 0.015000 0.018000
1495862663661394261	1400 49 1.200000 0.100000 0.127000 1800 41 1.200000 1.277000 1.532000 600 43 0.900000 0.073000 0.072000 1.200000 0.016000 0.019000
1495862664170807021	1400 49 1.200000 0.099000 0.126000 1800 41 1.200000 1.285000 1.542000 600 43 0.900000 0.073000 0.072000 1.200000 0.015000 0.018000
1495862664680359572	1400 49 1.200000 0.099000 0.126000 1800 41 1.200000 1.285000 1.542000 600 43 0.900000 0.073000 0.072000 1.200000 0.015000 0.018000
1495862665189989832	1400 49 1.200000 0.102000 0.129000 1800 41 1.200000 1.297000 1.556000 600 43 0.900000 0.073000 0.072000 1.200000 0.015000 0.018000
1495862665699371050	1400 50 1.200000 0.104000 0.132000 1800 41 1.200000 1.276000 1.531000 600 43 0.900000 0.072000 0.071000 1.200000 0.015000 0.018000
1495862666208835310	1400 50 1.200000 0.106000 0.134000 1800 41 1.200000 1.280000 1.536000 600 43 0.900000 0.073000 0.072000 1.200000 0.015000 0.018000
1495862666718125820	1400 49 1.200000 0.107000 0.136000 1800 41 1.200000 1.293000 1.551000 600 43 0.900000 0.073000 0.072000 1.200000 0.017000 0.020000
1495862667227387621	1400 50 1.200000 0.104000 0.132000 1800 41 1.200000 1.261000 1.513000 600 43 0.900000 0.073000 0.072000 1.200000 0.017000 0.020000
1495862667736799715	1400 50 1.200000 0.100000 0.127000 1800 41 1.200000 1.253000 1.503000 600 43 0.900000 0.073000 0.072000 1.200000 0.013000 0.015000
1495862668246100016	1400 50 1.200000 0.100000 0.127000 1800 41 1.200000 1.252000 1.502000 600 43 0.900000 0.073000 0.072000 1.200000 0.014000 0.016000
1495862668755515401	1400 49 1.200000 0.100000 0.127000 1800 41 1.200000 1.262000 1.514000 600 43 0.900000 0.073000 0.072000 1.200000 0.015000 0.018000
1495862669264893327	1400 50 1.200000 0.100000 0.127000 1800 41 1.200000 1.252000 1.502000 600 43 0.900000 0.073000 0.072000 1.200000 0.015000 0.018000
1495862669774256587	1400 50 1.200000 0.099000 0.126000 1800 41 1.200000 1.252000 1.502000 600 43 0.900000 0.073000 0.072000 1.200000 0.015000 0.018000
1495862670283590681	1400 49 1.200000 0.105000 0.133000 1800 41 1.200000 1.262000 1.514000 600 43 0.900000 0.073000 0.072000 1.200000 0.016000 0.019000
1495862670792977982	1400 49 1.200000 0.102000 0.129000 1800 41 1.200000 1.261000 1.513000 600 43 0.900000 0.073000 0.072000 1.200000 0.014000 0.016000
1495862671302318242	1400 49 1.200000 0.101000 0.128000 1800 41 1.200000 1.257000 1.508000 600 43 0.900000 0.073000 0.072000 1.200000 0.014000 0.016000
1495862671811758793	1400 49 1.200000 0.103000 0.131000 1800 41 1.200000 1.248000 1.497000 600 43 0.900000 0.073000 0.072000 1.200000 0.014000 0.016000
1495862672323141592	1400 50 1.200000 0.101000 0.128000 1800 41 1.200000 1.255000 1.506000 600 43 0.900000 0.073000 0.072000 1.200000 0.013000 0.015000
1495862672833367976	1400 49 1.200000 0.170000 0.214000 1800 41 1.200000 1.256000 1.507000 600 43 0.900000 0.073000 0.072000 1.200000 0.074000 0.090000
1495862673343143693	1400 50 1.200000 0.124000 0.157000 1800 41 1.200000 1.249000 1.498000 600 43 0.900000 0.074000 0.073000 1.200000 0.023000 0.027000
1495862673852838995	1400 50 1.200000 0.122000 0.155000 1800 41 1.200000 1.273000 1.527000 600 43 0.900000 0.073000 0.072000 1.200000 0.025000 0.030000
1495862674362230379	1400 50 1.200000 0.111000 0.141000 1800 41 1.200000 1.258000 1.509000 600 43 0.900000 0.073000 0.072000 1.200000 0.019000 0.023000
1495862674871678889	1400 49 1.200000 0.106000 0.134000 1800 41 1.200000 1.266000 1.519000 600 43 0.900000 0.073000 0.072000 1.200000 0.015000 0.018000
1495862675381137941	1400 49 1.200000 0.107000 0.136000 1800 41 1.200000 1.250000 1.500000 600 43 0.900000 0.073000 0.072000 1.200000 0.014000 0.016000
1495862675890642075	1400 50 1.200000 0.104000 0.132000 1800 41 1.200000 1.254000 1.504000 600 43 0.900000 0.073000 0.072000 1.200000 0.015000 0.018000
1495862676400079918	1400 50 1.200000 0.103000 0.131000 1800 41 1.200000 1.245000 1.494000 600 43 0.900000 0.073000 0.072000 1.200000 0.014000 0.016000
1495862676909509261	1400 50 1.200000 0.100000 0.127000 1800 41 1.200000 1.266000 1.519000 600 43 0.900000 0.073000 0.072000 1.200000 0.017000 0.020000
1495862677418862188	1400 50 1.200000 0.099000 0.126000 1800 41 1.200000 1.252000 1.502000 600 43 0.900000 0.073000 0.072000 1.200000 0.017000 0.020000
1495862677928451656	1400 50 1.200000 0.109000 0.138000 1800 41 1.200000 1.236000 1.483000 600 43 0.900000 0.073000 0.072000 1.200000 0.028000 0.034000
1495862678437801124	1400 50 1.200000 0.100000 0.127000 1800 41 1.200000 1.259000 1.510000 600 43 0.900000 0.073000 0.072000 1.200000 0.015000 0.018000
1495862678947223884	1400 49 1.200000 0.099000 0.126000 1800 41 1.100000 1.246000 1.492000 600 43 0.900000 0.073000 0.072000 1.200000 0.016000 0.019000
1495862679456633477	1400 50 1.200000 0.099000 0.126000 1800 41 1.200000 1.262000 1.514000 600 43 0.900000 0.073000 0.072000 1.200000 0.017000 0.020000
1495862679966169612	1400 49 1.200000 0.102000 0.129000 1800 41 1.200000 1.242000 1.490000 600 43 0.900000 0.073000 0.072000 1.200000 0.016000 0.019000
1495862680475539371	1400 50 1.200000 0.104000 0.132000 1800 41 1.200000 1.246000 1.495000 600 43 0.900000 0.073000 0.072000 1.200000 0.016000 0.019000
1495862680985051423	1400 50 1.200000 0.107000 0.136000 1800 41 1.200000 1.252000 1.502000 600 43 0.900000 0.073000 0.072000 1.200000 0.017000 0.020000
1495862681494404683	1400 50 1.200000 0.106000 0.134000 1800 41 1.200000 1.266000 1.519000 600 43 0.900000 0.073000 0.072000 1.200000 0.016000 0.019000
1495862682003742068	1400 50 1.200000 0.104000 0.132000 1800 41 1.200000 1.256000 1.507000 600 43 0.900000 0.073000 0.072000 1.200000 0.015000 0.018000
1495862682513173702	1400 50 1.200000 0.101000 0.128000 1800 41 1.200000 1.260000 1.512000 600 43 0.900000 0.073000 0.072000 1.200000 0.016000 0.019000
1495862683022578796	1400 50 1.200000 0.102000 0.129000 1800 41 1.200000 1.249000 1.498000 600 43 0.900000 0.074000 0.073000 1.200000 0.017000 0.020000
1495862683531938639	1400 50 1.200000 0.105000 0.133000 1800 41 1.100000 1.257000 1.505000 600 43 0.900000 0.073000 0.072000 1.200000 0.017000 0.020000
1495862684041343440	1400 49 1.200000 0.106000 0.134000 1800 41 1.200000 1.253000 1.503000 600 43 0.900000 0.073000 0.072000 1.200000 0.015000 0.018000
1495862684550773700	1400 50 1.200000 0.107000 0.136000 1800 41 1.200000 1.260000 1.512000 600 43 0.900000 0.073000 0.072000 1.200000 0.016000 0.019000
1495862685060219876	1400 50 1.200000 0.104000 0.132000 1800 41 1.200000 1.265000 1.518000 600 43 0.900000 0.073000 0.072000 1.200000 0.015000 0.018000
1495862685569586553	1400 50 1.200000 0.101000 0.128000 1800 41 1.200000 1.263000 1.515000 600 43 0.900000 0.073000 0.072000 1.200000 0.016000 0.019000
1495862686078840730	1400 50 1.200000 0.100000 0.127000 1800 41 1.200000 1.244000 1.492000 600 43 0.900000 0.073000 0.072000 1.200000 0.014000 0.016000
1495862686588249114	1400 50 1.200000 0.098000 0.124000 1800 41 1.200000 1.266000 1.519000 600 43 0.900000 0.073000 0.072000 1.200000 0.014000 0.016000
1495862687097749457	1400 50 1.200000 0.100000 0.127000 1800 41 1.200000 1.242000 1.490000 600 44 0.900000 0.073000 0.072000 1.200000 0.015000 0.018000
1495862687607248050	1400 50 1.200000 0.107000 0.136000 1800 41 1.200000 1.268000 1.521000 600 43 0.900000 0.073000 0.072000 1.200000 0.018000 0.021000
1495862688116815435	1400 50 1.200000 0.104000 0.132000 1800 41 1.200000 1.253000 1.503000 600 43 0.900000 0.074000 0.073000 1.200000 0.016000 0.019000
1495862688626298111	1400 49 1.200000 0.102000 0.129000 1800 41 1.200000 1.263000 1.515000 600 43 0.900000 0.073000 0.072000 1.200000 0.016000 0.019000
1495862689136294704	1400 48 1.200000 0.132000 0.167000 1800 41 1.100000 1.177000 1.410000 600 43 0.900000 0.073000 0.072000 1.200000 0.031000 0.037000
1495862689646348671	1400 48 1.200000 0.109000 0.138000 1800 41 1.200000 1.155000 1.386000 600 43 0.900000 0.073000 0.072000 1.200000 0.021000 0.025000
1495862690156474388	1400 48 1.200000 0.103000 0.131000 1800 41 1.100000 1.163000 1.393000 600 43 0.900000 0.073000 0.072000 1.200000 0.013000 0.015000
1495862690665760773	1400 49 1.200000 0.104000 0.132000 1800 41 1.100000 1.167000 1.398000 600 43 0.900000 0.073000 0.072000 1.200000 0.013000 0.015000
1495862691175812365	1400 50 1.200000 0.101000 0.128000 1800 41 1.200000 1.270000 1.524000 600 43 0.900000 0.073000 0.072000 1.200000 0.042000 0.051000
1495862691685230958	1400 49 1.200000 0.101000 0.128000 1800 41 1.200000 1.170000 1.404000 600 43 0.900000 0.073000 0.072000 1.200000 0.075000 0.091000
1495862692194519052	1400 49 1.200000 0.100000 0.127000 1800 41 1.100000 1.099000 1.316000 600 43 0.900000 0.073000 0.072000 1.200000 0.057000 0.069000
1495862692703807728	1400 49 1.200000 0.106000 0.134000 1800 41 1.100000 1.114000 1.334000 600 43 0.900000 0.074000 0.073000 1.200000 0.052000 0.063000
1495862693213017947	1400 48 1.200000 0.108000 0.137000 1800 41 1.100000 1.129000 1.352000 600 43 0.900000 0.073000 0.072000 1.200000 0.050000 0.060000
1495862693722304290	1400 48 1.200000 0.106000 0.134000 1800 41 1.100000 1.145000 1.371000 600 43 0.900000 0.074000 0.073000 1.200000 0.049000 0.059000
1495862694231519009	1400 48 1.200000 0.102000 0.129000 1800 41 1.100000 1.090000 1.305000 600 43 0.900000 0.073000 0.072000 1.200000 0.042000 0.051000
1495862694740821768	1400 48 1.200000 0.101000 0.128000 1800 41 1.100000 1.102000 1.320000 600 43 0.900000 0.073000 0.072000 1.200000 0.041000 0.049000
1495862695250098445	1400 49 1.200000 0.102000 0.129000 1800 41 1.100000 1.070000 1.281000 600 43 0.900000 0.073000 0.072000 1.200000 0.042000 0.051000
1495862695759287705	1400 52 1.200000 0.104000 0.132000 1800 41 1.200000 1.125000 1.350000 600 43 0.900000 0.073000 0.072000 1.200000 0.040000 0.048000
1495862696268318674	1400 51 1.200000 0.108000 0.137000 1800 42 1.200000 1.575000 1.891000 600 44 0.900000 0.074000 0.073000 1.200000 0.006000 0.007000
1495862696778185516	1400 49 1.200000 0.108000 0.137000 1800 41 1.200000 1.235000 1.482000 600 44 0.900000 0.074000 0.073000 1.200000 0.041000 0.049000
1495862697287399651	1400 51 1.200000 0.107000 0.136000 1800 42 1.100000 1.191000 1.426000 600 44 0.900000 0.074000 0.073000 1.200000 0.048000 0.058000
1495862697796560620	1400 51 1.200000 0.101000 0.128000 1800 42 1.200000 1.373000 1.647000 600 44 0.900000 0.074000 0.073000 1.200000 0.046000 0.055000
1495862698305657755	1400 51 1.200000 0.104000 0.132000 1800 42 1.200000 1.359000 1.630000 600 44 0.900000 0.074000 0.073000 1.200000 0.046000 0.055000
1495862698815026223	1400 51 1.200000 0.107000 0.136000 1800 42 1.200000 1.363000 1.635000 600 44 0.900000 0.074000 0.073000 1.200000 0.047000 0.057000
1495862699324165067	1400 51 1.200000 0.101000 0.128000 1800 42 1.200000 1.359000 1.630000 600 44 0.900000 0.074000 0.073000 1.200000 0.045000 0.054000
1495862699833341910	1400 51 1.200000 0.100000 0.127000 1800 42 1.200000 1.352000 1.623000 600 44 0.900000 0.074000 0.073000 1.200000 0.045000 0.054000
1495862700342497671	1400 51 1.200000 0.102000 0.129000 1800 42 1.200000 1.342000 1.610000 600 44 0.900000 0.074000 0.073000 1.200000 0.045000 0.054000
1495862700851712931	1400 50 1.200000 0.102000 0.130000 1800 42 1.200000 1.282000 1.538000 600 44 0.900000 0.074000 0.073000 1.200000 0.048000 0.058000
1495862701361052065	1400 48 1.200000 0.103000 0.131000 1800 41 1.100000 1.111000 1.330000 600 44 0.900000 0.074000 0.073000 1.200000 0.091000 0.110000
1495862701870243451	1400 48 1.200000 0.103000 0.131000 1800 41 1.100000 1.104000 1.322000 600 44 0.900000 0.074000 0.073000 1.200000 0.092000 0.112000
1495862702379562252	1400 48 1.200000 0.109000 0.138000 1800 41 1.100000 1.097000 1.314000 600 44 0.900000 0.074000 0.073000 1.200000 0.093000 0.113000
1495862702888864304	1400 48 1.200000 0.111000 0.141000 1800 41 1.100000 1.099000 1.316000 600 44 0.900000 0.074000 0.073000 1.200000 0.092000 0.112000
1495862703398131147	1400 48 1.200000 0.104000 0.132000 1800 41 1.100000 1.110000 1.329000 600 44 0.900000 0.074000 0.073000 1.200000 0.092000 0.112000
1495862703907351241	1400 48 1.200000 0.106000 0.134000 1800 41 1.100000 1.105000 1.323000 600 44 0.900000 0.074000 0.073000 1.200000 0.093000 0.113000
1495862704416593126	1400 48 1.200000 0.105000 0.133000 1800 41 1.100000 1.104000 1.322000 600 44 0.900000 0.074000 0.073000 1.200000 0.093000 0.113000
1495862704925924719	1400 48 1.200000 0.105000 0.133000 1800 41 1.100000 1.099000 1.316000 600 44 0.900000 0.074000 0.073000 1.200000 0.091000 0.110000
1495862705435103229	1400 48 1.200000 0.106000 0.134000 1800 41 1.200000 1.097000 1.316000 600 44 0.900000 0.074000 0.073000 1.200000 0.093000 0.113000
1495862705944304197	1400 48 1.200000 0.109000 0.138000 1800 41 1.200000 1.100000 1.320000 600 44 0.900000 0.074000 0.073000 1.200000 0.091000 0.110000
1495862706453464082	1400 48 1.200000 0.111000 0.141000 1800 41 1.200000 1.106000 1.327000 600 44 0.900000 0.074000 0.073000 1.200000 0.092000 0.112000
1495862706962784509	1400 48 1.200000 0.107000 0.136000 1800 41 1.200000 1.093000 1.311000 600 44 0.900000 0.074000 0.073000 1.200000 0.092000 0.112000
1495862707472216852	1400 48 1.200000 0.106000 0.134000 1800 41 1.100000 1.108000 1.327000 600 44 0.900000 0.074000 0.073000 1.200000 0.092000 0.112000
1495862707981610654	1400 48 1.200000 0.104000 0.132000 1800 41 1.200000 1.088000 1.305000 600 44 0.900000 0.074000 0.073000 1.200000 0.093000 0.113000
1495862708490775497	1400 48 1.200000 0.103000 0.131000 1800 41 1.100000 1.096000 1.313000 600 44 0.900000 0.074000 0.073000 1.200000 0.091000 0.110000
1495862709000135007	1400 48 1.200000 0.102000 0.129000 1800 41 1.100000 1.083000 1.297000 600 44 0.900000 0.074000 0.073000 1.200000 0.092000 0.112000
1495862709509633225	1400 48 1.200000 0.112000 0.142000 1800 41 1.100000 1.101000 1.318000 600 44 0.900000 0.074000 0.073000 1.200000 0.093000 0.113000
1495862710018973693	1400 48 1.200000 0.109000 0.138000 1800 41 1.100000 1.105000 1.323000 600 44 0.900000 0.074000 0.073000 1.200000 0.094000 0.114000
1495862710528209412	1400 48 1.200000 0.105000 0.133000 1800 41 1.100000 1.099000 1.316000 600 44 0.900000 0.074000 0.073000 1.200000 0.091000 0.110000
1495862711037431672	1400 48 1.200000 0.104000 0.132000 1800 41 1.100000 1.108000 1.327000 600 44 0.900000 0.074000 0.073000 1.200000 0.093000 0.113000
1495862711546660223	1400 48 1.200000 0.106000 0.134000 1800 41 1.100000 1.101000 1.318000 600 44 0.900000 0.074000 0.073000 1.200000 0.092000 0.112000
1495862712055990900	1400 51 1.200000 0.109000 0.138000 1800 41 1.100000 1.100000 1.317000 600 44 0.900000 0.074000 0.073000 1.200000 0.093000 0.113000
1495862712565186368	1400 51 1.200000 0.099000 0.126000 1800 42 1.200000 1.359000 1.630000 600 44 0.900000 0.074000 0.073000 1.200000 0.045000 0.054000
1495862713074391754	1400 51 1.200000 0.101000 0.128000 1800 42 1.200000 1.351000 1.621000 600 44 0.900000 0.074000 0.073000 1.200000 0.046000 0.055000
1495862713583553930	1400 51 1.200000 0.102000 0.129000 1800 42 1.200000 1.345000 1.614000 600 44 0.900000 0.074000 0.073000 1.200000 0.046000 0.055000
1495862714092705774	1400 50 1.200000 0.101000 0.128000 1800 42 1.200000 1.350000 1.621000 600 44 0.900000 0.074000 0.073000 1.200000 0.045000 0.054000
1495862714602264075	1400 48 1.200000 0.107000 0.136000 1800 42 1.200000 1.326000 1.591000 600 44 0.900000 0.074000 0.073000 1.200000 0.042000 0.051000
1495862715112127668	1400 48 1.200000 0.114000 0.145000 1800 41 1.100000 1.071000 1.283000 600 44 0.900000 0.074000 0.073000 1.200000 0.070000 0.085000
1495862715621886802	1400 49 1.200000 0.112000 0.142000 1800 41 1.200000 1.155000 1.386000 600 44 0.900000 0.074000 0.073000 1.200000 0.012000 0.014000
1495862716131771894	1400 49 1.200000 0.112000 0.142000 1800 41 1.200000 1.164000 1.396000 600 43 0.900000 0.074000 0.073000 1.200000 0.011000 0.013000
1495862716640762155	1400 47 1.200000 0.109000 0.138000 1800 41 1.200000 1.168000 1.401000 600 43 0.900000 0.074000 0.073000 1.200000 0.014000 0.016000
1495862717149899832	1400 47 1.200000 0.104000 0.132000 1800 41 1.100000 1.045000 1.251000 600 43 0.900000 0.074000 0.073000 1.200000 0.015000 0.018000
1495862717659020133	1400 47 1.200000 0.101000 0.128000 1800 40 1.100000 0.977000 1.170000 600 43 0.900000 0.073000 0.072000 1.200000 0.015000 0.018000
1495862718168107894	1400 46 1.200000 0.101000 0.128000 1800 40 1.100000 0.979000 1.172000 600 43 0.900000 0.073000 0.072000 1.200000 0.015000 0.018000
1495862718677296987	1400 46 1.200000 0.104000 0.132000 1800 40 1.100000 0.978000 1.171000 600 43 0.900000 0.073000 0.072000 1.200000 0.014000 0.017000
1495862719186414247	1400 46 1.200000 0.107000 0.136000 1800 40 1.100000 0.979000 1.172000 600 43 0.900000 0.073000 0.072000 1.200000 0.014000 0.016000
1495862719695595299	1400 46 1.200000 0.103000 0.131000 1800 40 1.100000 0.977000 1.170000 600 43 0.900000 0.073000 0.072000 1.200000 0.014000 0.016000
1495862720204857309	1400 46 1.200000 0.101000 0.128000 1800 40 1.100000 0.978000 1.171000 600 43 0.900000 0.073000 0.072000 1.200000 0.014000 0.016000
1495862720713987236	1400 46 1.200000 0.099000 0.126000 1800 40 1.100000 0.978000 1.171000 600 42 0.900000 0.072000 0.071000 1.200000 0.017000 0.020000
1495862721223153663	1400 46 1.200000 0.100000 0.127000 1800 40 1.100000 0.979000 1.172000 600 42 0.900000 0.073000 0.072000 1.200000 0.015000 0.018000
1495862721732334215	1400 46 1.200000 0.097000 0.123000 1800 40 1.100000 0.979000 1.172000 600 42 0.900000 0.072000 0.071000 1.200000 0.015000 0.018000
1495862722241507141	1400 46 1.200000 0.097000 0.123000 1800 40 1.100000 0.978000 1.171000 600 42 0.900000 0.072000 0.071000 1.200000 0.015000 0.018000
1495862722750763526	1400 46 1.200000 0.099000 0.126000 1800 40 1.100000 0.978000 1.171000 600 42 0.900000 0.072000 0.071000 1.200000 0.014000 0.016000
1495862723260001953	1400 46 1.200000 0.099000 0.126000 1800 40 1.100000 0.979000 1.172000 600 42 0.900000 0.072000 0.071000 1.200000 0.014000 0.016000
1495862723769164755	1400 46 1.200000 0.098000 0.124000 1800 40 1.100000 0.978000 1.171000 600 42 0.900000 0.072000 0.071000 1.200000 0.014000 0.016000
1495862724278258474	1400 50 1.200000 0.099000 0.126000 1800 40 1.100000 0.978000 1.171000 600 42 0.900000 0.072000 0.071000 1.200000 0.016000 0.019000
1495862724787441567	1400 51 1.200000 0.102000 0.129000 1800 41 1.200000 1.379000 1.656000 600 43 0.900000 0.072000 0.071000 1.200000 0.034000 0.041000
1495862725296874702	1400 47 1.200000 0.106000 0.134000 1800 41 1.200000 1.379000 1.654000 600 43 0.900000 0.073000 0.072000 1.200000 0.034000 0.041000
1495862725806145503	1400 48 1.200000 0.100000 0.127000 1800 41 1.100000 1.096000 1.313000 600 43 0.900000 0.073000 0.072000 1.200000 0.045000 0.054000
1495862726315239014	1400 51 1.200000 0.107000 0.136000 1800 41 1.100000 1.139000 1.364000 600 43 0.900000 0.073000 0.072000 1.200000 0.042000 0.051000
1495862726824394690	1400 52 1.200000 0.103000 0.131000 1800 42 1.200000 1.375000 1.651000 600 43 0.900000 0.074000 0.073000 1.200000 0.008000 0.009000
1495862727333389659	1400 52 1.200000 0.100000 0.127000 1800 42 1.200000 1.403000 1.683000 600 43 0.900000 0.074000 0.073000 1.200000 0.004000 0.004000
1495862727842504669	1400 52 1.200000 0.102000 0.129000 1800 42 1.200000 1.411000 1.693000 600 43 0.900000 0.074000 0.073000 1.200000 0.009000 0.010000
1495862728351590721	1400 52 1.200000 0.104000 0.132000 1800 42 1.200000 1.388000 1.666000 600 44 0.900000 0.074000 0.073000 1.200000 0.006000 0.007000
1495862728860706106	1400 52 1.200000 0.107000 0.136000 1800 42 1.200000 1.411000 1.694000 600 44 0.900000 0.074000 0.073000 1.200000 0.003000 0.003000
1495862729369817492	1400 53 1.200000 0.107000 0.136000 1800 42 1.200000 1.406000 1.687000 600 44 0.900000 0.074000 0.073000 1.200000 0.003000 0.003000
1495862729878834335	1400 53 1.200000 0.100000 0.127000 1800 42 1.200000 1.393000 1.671000 600 44 0.900000 0.074000 0.073000 1.200000 0.003000 0.003000
1495862730387840887	1400 53 1.200000 0.102000 0.129000 1800 42 1.200000 1.406000 1.687000 600 44 0.900000 0.074000 0.073000 1.200000 0.003000 0.003000
1495862730897010439	1400 53 1.200000 0.101000 0.128000 1800 42 1.200000 1.404000 1.684000 600 44 0.900000 0.074000 0.073000 1.200000 0.003000 0.003000
1495862731406256824	1400 53 1.200000 0.102000 0.129000 1800 42 1.200000 1.409000 1.690000 600 44 0.900000 0.074000 0.073000 1.200000 0.003000 0.003000
1495862731915312834	1400 53 1.200000 0.107000 0.136000 1800 42 1.200000 1.398000 1.677000 600 44 0.900000 0.074000 0.073000 1.200000 0.006000 0.007000
1495862732424378345	1400 53 1.200000 0.107000 0.136000 1800 42 1.200000 1.410000 1.692000 600 44 0.900000 0.074000 0.073000 1.200000 0.006000 0.007000
1495862732933560105	1400 53 1.200000 0.111000 0.141000 1800 42 1.200000 1.405000 1.687000 600 44 0.900000 0.074000 0.073000 1.200000 0.005000 0.006000
1495862733442679698	1400 53 1.200000 0.104000 0.132000 1800 42 1.200000 1.403000 1.683000 600 44 0.900000 0.074000 0.073000 1.200000 0.004000 0.004000
1495862733951837875	1400 53 1.200000 0.104000 0.132000 1800 42 1.200000 1.410000 1.692000 600 44 0.900000 0.074000 0.073000 1.200000 0.006000 0.007000
1495862734461012510	1400 53 1.200000 0.102000 0.129000 1800 42 1.200000 1.411000 1.693000 600 44 0.900000 0.074000 0.073000 1.200000 0.003000 0.003000
1495862734970134062	1400 53 1.200000 0.100000 0.127000 1800 42 1.200000 1.408000 1.689000 600 44 0.900000 0.074000 0.073000 1.200000 0.007000 0.008000
1495862735479238322	1400 53 1.200000 0.101000 0.128000 1800 42 1.200000 1.404000 1.686000 600 44 0.900000 0.074000 0.073000 1.200000 0.006000 0.007000
1495862735988289041	1400 53 1.200000 0.102000 0.129000 1800 42 1.200000 1.410000 1.692000 600 44 0.900000 0.074000 0.073000 1.200000 0.005000 0.006000
1495862736497405926	1400 53 1.200000 0.101000 0.128000 1800 42 1.200000 1.396000 1.675000 600 44 0.900000 0.074000 0.073000 1.200000 0.007000 0.008000
1495862737006529270	1400 53 1.200000 0.099000 0.126000 1800 42 1.200000 1.414000 1.698000 600 44 0.900000 0.074000 0.073000 1.200000 0.003000 0.003000
1495862737515660530	1400 53 1.200000 0.105000 0.133000 1800 42 1.200000 1.403000 1.685000 600 44 0.900000 0.075000 0.074000 1.200000 0.003000 0.003000
1495862738024992290	1400 52 1.200000 0.102000 0.129000 1800 42 1.200000 1.406000 1.688000 600 44 0.900000 0.074000 0.073000 1.200000 0.005000 0.006000
1495862738534507800	1400 50 1.200000 0.100000 0.127000 1800 42 1.200000 1.387000 1.665000 600 44 0.900000 0.075000 0.074000 1.200000 0.014000 0.016000
1495862739043743143	1400 50 1.200000 0.107000 0.136000 1800 42 1.200000 1.183000 1.419000 600 44 0.900000 0.074000 0.073000 1.200000 0.055000 0.066000
1495862739553007736	1400 50 1.200000 0.109000 0.138000 1800 42 1.200000 1.295000 1.554000 600 44 0.900000 0.074000 0.073000 1.200000 0.025000 0.030000
1495862740062092413	1400 51 1.200000 0.107000 0.136000 1800 42 1.200000 1.238000 1.485000 600 44 0.900000 0.074000 0.073000 1.200000 0.039000 0.047000
1495862740571347715	1400 51 1.200000 0.103000 0.131000 1800 42 1.200000 1.285000 1.542000 600 44 0.900000 0.074000 0.073000 1.200000 0.036000 0.043000
1495862741080514100	1400 51 1.200000 0.102000 0.129000 1800 42 1.200000 1.295000 1.554000 600 44 0.900000 0.074000 0.073000 1.200000 0.035000 0.042000
1495862741590250484	1400 49 1.200000 0.170000 0.214000 1800 41 1.100000 0.744000 0.890000 600 44 0.900000 0.074000 0.073000 1.200000 0.036000 0.043000
1495862742100216535	1400 49 1.200000 0.110000 0.140000 1800 41 1.200000 1.161000 1.393000 600 44 0.900000 0.074000 0.073000 1.200000 0.014000 0.016000
1495862742610329794	1400 49 1.200000 0.111000 0.141000 1800 41 1.200000 1.166000 1.399000 600 44 0.900000 0.074000 0.073000 1.200000 0.013000 0.015000
1495862743119718970	1400 50 1.200000 0.105000 0.133000 1800 42 1.200000 1.327000 1.592000 600 44 0.900000 0.074000 0.073000 1.200000 0.020000 0.024000
1495862743629074022	1400 51 1.200000 0.109000 0.138000 1800 42 1.200000 1.408000 1.691000 600 45 0.900000 0.074000 0.073000 1.200000 0.150000 0.183000
1495862744138330115	1400 51 1.200000 0.109000 0.138000 1800 42 1.200000 1.411000 1.694000 600 45 0.900000 0.074000 0.073000 1.200000 0.150000 0.183000
1495862744647581334	1400 52 1.200000 0.107000 0.136000 1800 43 1.200000 1.410000 1.692000 600 45 0.900000 0.075000 0.074000 1.200000 0.150000 0.183000
1495862745156830510	1400 52 1.200000 0.109000 0.138000 1800 43 1.200000 1.409000 1.692000 600 45 0.900000 0.075000 0.074000 1.200000 0.150000 0.183000
1495862745666188604	1400 52 1.200000 0.110000 0.140000 1800 43 1.200000 1.410000 1.693000 600 46 0.900000 0.075000 0.074000 1.200000 0.149000 0.181000
1495862746175382197	1400 52 1.200000 0.114000 0.145000 1800 43 1.200000 1.410000 1.692000 600 46 0.900000 0.075000 0.074000 1.200000 0.150000 0.183000
1495862746684698540	1400 52 1.200000 0.114000 0.145000 1800 43 1.200000 1.412000 1.695000 600 46 0.900000 0.075000 0.074000 1.200000 0.150000 0.183000
1495862747193924217	1400 52 1.200000 0.111000 0.141000 1800 43 1.200000 1.412000 1.695000 600 46 0.900000 0.076000 0.075000 1.200000 0.151000 0.184000
1495862747703358643	1400 52 1.200000 0.110000 0.140000 1800 43 1.200000 1.414000 1.698000 600 46 0.900000 0.076000 0.075000 1.200000 0.151000 0.184000
1495862748212756820	1400 52 1.200000 0.109000 0.138000 1800 43 1.200000 1.408000 1.691000 600 46 0.900000 0.076000 0.075000 1.200000 0.150000 0.183000
1495862748722119538	1400 52 1.200000 0.117000 0.148000 1800 43 1.200000 1.408000 1.689000 600 46 0.900000 0.076000 0.075000 1.200000 0.150000 0.183000
1495862749231385506	1400 52 1.200000 0.118000 0.150000 1800 43 1.200000 1.410000 1.692000 600 46 0.900000 0.076000 0.075000 1.200000 0.149000 0.181000
1495862749740671016	1400 52 1.200000 0.114000 0.145000 1800 43 1.200000 1.410000 1.693000 600 46 0.900000 0.076000 0.075000 1.200000 0.150000 0.183000
1495862750250025276	1400 53 1.200000 0.111000 0.141000 1800 44 1.200000 1.407000 1.689000 600 46 0.900000 0.076000 0.075000 1.200000 0.150000 0.183000
1495862750759331828	1400 52 1.200000 0.112000 0.142000 1800 44 1.200000 1.408000 1.691000 600 46 0.900000 0.076000 0.075000 1.200000 0.150000 0.183000
1495862751268473921	1400 53 1.200000 0.115000 0.146000 1800 44 1.200000 1.409000 1.690000 600 46 0.900000 0.076000 0.075000 1.200000 0.149000 0.181000
1495862751777846681	1400 53 1.200000 0.116000 0.147000 1800 44 1.200000 1.407000 1.688000 600 46 0.900000 0.076000 0.075000 1.200000 0.149000 0.181000
1495862752287107566	1400 53 1.200000 0.110000 0.140000 1800 44 1.200000 1.406000 1.688000 600 46 0.900000 0.076000 0.075000 1.200000 0.149000 0.181000
1495862752796543868	1400 53 1.200000 0.110000 0.140000 1800 44 1.200000 1.403000 1.683000 600 46 0.900000 0.076000 0.075000 1.200000 0.149000 0.181000
1495862753306243085	1400 53 1.200000 0.116000 0.147000 1800 44 1.200000 1.406000 1.687000 600 46 0.900000 0.076000 0.075000 1.200000 0.149000 0.181000
1495862753815595970	1400 53 1.200000 0.111000 0.141000 1800 44 1.200000 1.405000 1.686000 600 46 0.900000 0.076000 0.075000 1.200000 0.149000 0.181000
1495862754324911814	1400 53 1.200000 0.114000 0.145000 1800 44 1.200000 1.406000 1.687000 600 46 0.900000 0.076000 0.075000 1.200000 0.149000 0.181000
1495862754834168324	1400 53 1.200000 0.116000 0.147000 1800 44 1.200000 1.406000 1.687000 600 46 0.900000 0.076000 0.075000 1.200000 0.150000 0.183000
1495862755343496834	1400 53 1.200000 0.117000 0.148000 1800 44 1.200000 1.407000 1.688000 600 46 0.900000 0.076000 0.075000 1.200000 0.150000 0.183000
1495862755852795968	1400 53 1.200000 0.116000 0.147000 1800 44 1.200000 1.405000 1.686000 600 46 0.900000 0.076000 0.075000 1.200000 0.149000 0.181000
1495862756362046937	1400 53 1.200000 0.112000 0.142000 1800 44 1.200000 1.406000 1.687000 600 46 0.900000 0.076000 0.075000 1.200000 0.149000 0.181000
1495862756871559863	1400 53 1.200000 0.112000 0.142000 1800 44 1.200000 1.406000 1.688000 600 46 0.900000 0.076000 0.075000 1.200000 0.149000 0.181000
1495862757380822331	1400 53 1.200000 0.111000 0.141000 1800 44 1.200000 1.406000 1.687000 600 46 0.900000 0.076000 0.075000 1.200000 0.149000 0.181000
1495862757890307466	1400 53 1.200000 0.111000 0.141000 1800 44 1.200000 1.408000 1.691000 600 46 0.900000 0.076000 0.075000 1.200000 0.150000 0.183000
1495862758400153892	1400 50 1.200000 0.161000 0.203000 1800 43 1.200000 1.406000 1.688000 600 46 0.900000 0.076000 0.075000 1.200000 0.135000 0.164000
1495862758909892985	1400 51 1.200000 0.109000 0.138000 1800 43 1.100000 1.160000 1.389000 600 45 0.900000 0.076000 0.075000 1.200000 0.012000 0.014000
1495862759419630661	1400 50 1.200000 0.106000 0.134000 1800 43 1.100000 1.165000 1.395000 600 45 0.900000 0.076000 0.075000 1.200000 0.010000 0.012000
1495862759929068671	1400 51 1.200000 0.109000 0.138000 1800 43 1.100000 1.170000 1.401000 600 45 0.900000 0.075000 0.074000 1.200000 0.015000 0.018000
1495862760438396305	1400 50 1.200000 0.107000 0.136000 1800 42 1.100000 1.198000 1.435000 600 45 0.900000 0.075000 0.074000 1.200000 0.081000 0.098000
1495862760947597941	1400 52 1.200000 0.106000 0.134000 1800 43 1.200000 1.158000 1.389000 600 45 0.900000 0.075000 0.074000 1.200000 0.077000 0.093000
1495862761456780159	1400 52 1.200000 0.109000 0.138000 1800 43 1.200000 1.391000 1.669000 600 45 0.900000 0.075000 0.074000 1.200000 0.020000 0.024000
1495862761965937294	1400 52 1.200000 0.109000 0.138000 1800 43 1.200000 1.397000 1.676000 600 45 0.900000 0.075000 0.074000 1.200000 0.018000 0.021000
1495862762475176846	1400 52 1.200000 0.106000 0.134000 1800 43 1.200000 1.397000 1.677000 600 45 0.900000 0.075000 0.074000 1.200000 0.017000 0.020000
1495862762984439023	1400 52 1.200000 0.103000 0.131000 1800 43 1.200000 1.398000 1.678000 600 45 0.900000 0.075000 0.074000 1.200000 0.017000 0.020000
1495862763493564866	1400 52 1.200000 0.103000 0.131000 1800 43 1.200000 1.399000 1.678000 600 45 0.900000 0.075000 0.074000 1.200000 0.016000 0.019000
1495862764002676668	1400 52 1.200000 0.107000 0.136000 1800 43 1.200000 1.390000 1.668000 600 45 0.900000 0.075000 0.074000 1.200000 0.018000 0.021000
1495862764511832220	1400 52 1.200000 0.109000 0.138000 1800 43 1.200000 1.389000 1.666000 600 45 0.900000 0.075000 0.074000 1.200000 0.020000 0.024000
1495862765021094355	1400 52 1.200000 0.109000 0.138000 1800 43 1.200000 1.389000 1.666000 600 45 0.900000 0.075000 0.074000 1.200000 0.020000 0.024000
1495862765530143407	1400 52 1.200000 0.102000 0.129000 1800 43 1.200000 1.398000 1.678000 600 45 0.900000 0.075000 0.074000 1.200000 0.019000 0.023000
1495862766039232959	1400 52 1.200000 0.103000 0.131000 1800 43 1.200000 1.398000 1.677000 600 45 0.900000 0.075000 0.074000 1.200000 0.019000 0.023000
1495862766548393635	1400 52 1.200000 0.102000 0.129000 1800 43 1.200000 1.398000 1.677000 600 45 0.900000 0.075000 0.074000 1.200000 0.018000 0.021000
1495862767057527979	1400 52 1.200000 0.101000 0.128000 1800 43 1.200000 1.397000 1.676000 600 45 0.900000 0.075000 0.074000 1.200000 0.016000 0.019000
1495862767566652197	1400 52 1.200000 0.101000 0.128000 1800 43 1.200000 1.395000 1.675000 600 45 0.900000 0.075000 0.074000 1.200000 0.018000 0.021000
1495862768075823874	1400 52 1.200000 0.111000 0.141000 1800 43 1.200000 1.388000 1.665000 600 45 0.900000 0.075000 0.074000 1.200000 0.020000 0.024000
1495862768585209926	1400 50 1.200000 0.109000 0.138000 1800 43 1.200000 1.389000 1.668000 600 45 0.900000 0.075000 0.074000 1.200000 0.021000 0.025000
1495862769094325061	1400 52 1.200000 0.107000 0.136000 1800 43 1.200000 1.185000 1.422000 600 45 0.900000 0.075000 0.074000 1.200000 0.073000 0.088000
1495862769603356196	1400 52 1.200000 0.103000 0.131000 1800 43 1.200000 1.386000 1.663000 600 45 0.900000 0.075000 0.074000 1.200000 0.021000 0.025000
1495862770112476831	1400 52 1.200000 0.102000 0.129000 1800 43 1.200000 1.394000 1.672000 600 45 0.900000 0.075000 0.074000 1.200000 0.018000 0.021000
1495862770621616967	1400 52 1.200000 0.100000 0.127000 1800 43 1.200000 1.394000 1.672000 600 45 0.900000 0.075000 0.074000 1.200000 0.019000 0.023000
1495862771130657102	1400 52 1.200000 0.108000 0.137000 1800 43 1.200000 1.394000 1.672000 600 45 0.900000 0.075000 0.074000 1.200000 0.016000 0.019000
1495862771639824445	1400 52 1.200000 0.111000 0.141000 1800 43 1.200000 1.396000 1.675000 600 45 0.900000 0.075000 0.074000 1.200000 0.016000 0.019000
1495862772148871789	1400 52 1.200000 0.109000 0.138000 1800 43 1.200000 1.385000 1.662000 600 45 0.900000 0.075000 0.074000 1.200000 0.019000 0.023000
1495862772657938299	1400 52 1.200000 0.104000 0.132000 1800 43 1.200000 1.385000 1.663000 600 45 0.900000 0.075000 0.074000 1.200000 0.020000 0.024000
1495862773167173726	1400 52 1.200000 0.104000 0.132000 1800 43 1.200000 1.394000 1.672000 600 45 0.900000 0.075000 0.074000 1.200000 0.016000 0.019000
1495862773676377236	1400 52 1.200000 0.104000 0.132000 1800 43 1.200000 1.397000 1.676000 600 45 0.900000 0.075000 0.074000 1.200000 0.016000 0.019000
1495862774185423538	1400 52 1.200000 0.103000 0.131000 1800 43 1.200000 1.397000 1.676000 600 45 0.900000 0.075000 0.074000 1.200000 0.016000 0.019000
1495862774694603132	1400 52 1.200000 0.101000 0.128000 1800 43 1.200000 1.398000 1.677000 600 45 0.900000 0.075000 0.074000 1.200000 0.018000 0.021000
1495862775203861808	1400 52 1.200000 0.110000 0.140000 1800 43 1.200000 1.398000 1.677000 600 45 0.900000 0.075000 0.074000 1.200000 0.016000 0.019000
1495862775713139068	1400 52 1.200000 0.107000 0.136000 1800 43 1.200000 1.396000 1.675000 600 45 0.900000 0.075000 0.074000 1.200000 0.016000 0.019000
1495862776222304870	1400 52 1.200000 0.104000 0.132000 1800 43 1.200000 1.386000 1.663000 600 45 0.900000 0.075000 0.074000 1.200000 0.020000 0.024000
1495862776731725713	1400 50 1.200000 0.103000 0.131000 1800 42 1.200000 1.386000 1.663000 600 45 0.900000 0.075000 0.074000 1.200000 0.020000 0.024000
1495862777240804307	1400 52 1.200000 0.107000 0.136000 1800 43 1.200000 1.187000 1.424000 600 45 0.900000 0.075000 0.074000 1.200000 0.066000 0.080000
1495862777750071525	1400 52 1.200000 0.106000 0.134000 1800 43 1.200000 1.385000 1.662000 600 45 0.900000 0.075000 0.074000 1.200000 0.022000 0.026000
1495862778259328577	1400 52 1.200000 0.108000 0.137000 1800 43 1.200000 1.394000 1.672000 600 45 0.900000 0.075000 0.074000 1.200000 0.018000 0.021000
1495862778768411129	1400 52 1.200000 0.102000 0.129000 1800 43 1.200000 1.393000 1.671000 600 45 0.900000 0.075000 0.074000 1.200000 0.018000 0.021000
1495862779277655972	1400 52 1.200000 0.102000 0.129000 1800 43 1.200000 1.395000 1.674000 600 45 0.900000 0.075000 0.074000 1.200000 0.017000 0.020000
1495862779786856232	1400 52 1.200000 0.102000 0.129000 1800 43 1.200000 1.396000 1.675000 600 45 0.900000 0.075000 0.074000 1.200000 0.016000 0.019000
1495862780296045492	1400 52 1.200000 0.101000 0.128000 1800 43 1.200000 1.386000 1.663000 600 45 0.900000 0.075000 0.074000 1.200000 0.019000 0.023000
1495862780805114878	1400 52 1.200000 0.102000 0.129000 1800 43 1.200000 1.385000 1.662000 600 45 0.900000 0.075000 0.074000 1.200000 0.020000 0.024000
1495862781314236971	1400 52 1.200000 0.103000 0.131000 1800 43 1.200000 1.396000 1.675000 600 45 0.900000 0.075000 0.074000 1.200000 0.016000 0.019000
1495862781823507898	1400 52 1.200000 0.102000 0.129000 1800 43 1.200000 1.395000 1.674000 600 45 0.900000 0.075000 0.074000 1.200000 0.016000 0.019000
1495862782332878199	1400 52 1.200000 0.102000 0.129000 1800 43 1.200000 1.394000 1.672000 600 45 0.900000 0.075000 0.074000 1.200000 0.019000 0.023000
1495862782842002876	1400 52 1.200000 0.107000 0.136000 1800 43 1.200000 1.396000 1.675000 600 45 0.900000 0.075000 0.074000 1.200000 0.017000 0.020000
1495862783351277219	1400 52 1.200000 0.103000 0.131000 1800 43 1.200000 1.397000 1.676000 600 45 0.900000 0.075000 0.074000 1.200000 0.017000 0.020000
1495862783860373646	1400 52 1.200000 0.102000 0.129000 1800 43 1.200000 1.393000 1.671000 600 45 0.900000 0.075000 0.074000 1.200000 0.017000 0.020000
1495862784369480532	1400 52 1.200000 0.105000 0.133000 1800 43 1.200000 1.385000 1.662000 600 45 0.900000 0.075000 0.074000 1.200000 0.019000 0.023000
1495862784878830166	1400 50 1.200000 0.108000 0.137000 1800 42 1.200000 1.288000 1.545000 600 45 0.900000 0.075000 0.074000 1.200000 0.040000 0.048000
1495862785387957302	1400 52 1.200000 0.111000 0.141000 1800 43 1.100000 1.186000 1.420000 600 45 0.900000 0.075000 0.074000 1.200000 0.040000 0.048000
1495862785897046770	1400 52 1.200000 0.107000 0.136000 1800 43 1.200000 1.386000 1.663000 600 45 0.900000 0.075000 0.074000 1.200000 0.022000 0.026000
1495862786406286489	1400 52 1.200000 0.106000 0.134000 1800 43 1.200000 1.394000 1.672000 600 45 0.900000 0.075000 0.074000 1.200000 0.018000 0.021000
1495862786915433957	1400 52 1.200000 0.103000 0.131000 1800 43 1.200000 1.394000 1.672000 600 45 0.900000 0.075000 0.074000 1.200000 0.018000 0.021000
1495862787424572301	1400 52 1.200000 0.101000 0.128000 1800 43 1.200000 1.397000 1.676000 600 45 0.900000 0.075000 0.074000 1.200000 0.017000 0.020000
1495862787933675686	1400 52 1.200000 0.101000 0.128000 1800 43 1.200000 1.395000 1.674000 600 45 0.900000 0.075000 0.074000 1.200000 0.016000 0.019000
1495862788442988612	1400 52 1.200000 0.104000 0.132000 1800 43 1.200000 1.386000 1.663000 600 45 0.900000 0.075000 0.074000 1.200000 0.020000 0.024000
1495862788952131373	1400 52 1.200000 0.102000 0.129000 1800 43 1.200000 1.384000 1.660000 600 45 0.900000 0.075000 0.074000 1.200000 0.020000 0.024000
1495862789461330216	1400 52 1.200000 0.102000 0.129000 1800 43 1.200000 1.394000 1.672000 600 45 0.900000 0.075000 0.074000 1.200000 0.017000 0.020000
1495862789970508976	1400 52 1.200000 0.106000 0.134000 1800 43 1.200000 1.394000 1.672000 600 45 0.900000 0.075000 0.074000 1.200000 0.019000 0.023000
1495862790479794903	1400 52 1.200000 0.103000 0.131000 1800 43 1.200000 1.394000 1.672000 600 45 0.900000 0.075000 0.074000 1.200000 0.019000 0.023000
1495862790989063329	1400 52 1.200000 0.104000 0.132000 1800 43 1.200000 1.396000 1.675000 600 45 0.900000 0.075000 0.074000 1.200000 0.016000 0.019000
1495862791498122256	1400 52 1.200000 0.106000 0.134000 1800 43 1.200000 1.394000 1.672000 600 45 0.900000 0.075000 0.074000 1.200000 0.017000 0.020000
1495862792007305516	1400 52 1.200000 0.101000 0.128000 1800 43 1.200000 1.392000 1.670000 600 45 0.900000 0.075000 0.074000 1.200000 0.017000 0.020000
1495862792516487277	1400 52 1.200000 0.104000 0.132000 1800 43 1.200000 1.386000 1.663000 600 45 0.900000 0.075000 0.074000 1.200000 0.020000 0.024000
1495862793026021036	1400 45 1.200000 0.104000 0.132000 1800 42 1.200000 1.287000 1.544000 600 45 0.900000 0.075000 0.074000 1.200000 0.033000 0.040000
1495862793535921462	1400 50 1.200000 0.179000 0.225000 1800 42 1.200000 1.157000 1.388000 600 44 0.900000 0.074000 0.073000 1.200000 0.017000 0.020000
1495862794045953721	1400 50 1.200000 0.109000 0.138000 1800 42 1.200000 1.164000 1.396000 600 44 0.900000 0.074000 0.073000 1.200000 0.013000 0.015000
1495862794555914063	1400 49 1.200000 0.111000 0.141000 1800 42 1.200000 1.170000 1.404000 600 44 0.900000 0.074000 0.073000 1.200000 0.010000 0.012000
1495862795066049030	1400 49 1.200000 0.109000 0.138000 1800 42 1.100000 1.138000 1.363000 600 44 0.900000 0.074000 0.073000 1.200000 0.027000 0.032000
1495862795575410082	1400 50 1.200000 0.107000 0.136000 1800 42 1.200000 1.137000 1.364000 600 44 0.900000 0.074000 0.073000 1.200000 0.063000 0.076000
1495862796084556467	1400 51 1.200000 0.102000 0.129000 1800 42 1.100000 1.142000 1.368000 600 44 0.900000 0.074000 0.073000 1.200000 0.036000 0.043000
1495862796593654186	1400 51 1.200000 0.102000 0.129000 1800 42 1.200000 1.245000 1.494000 600 44 0.900000 0.074000 0.073000 1.200000 0.023000 0.027000
1495862797103004237	1400 51 1.200000 0.104000 0.132000 1800 42 1.200000 1.267000 1.520000 600 44 0.900000 0.074000 0.073000 1.200000 0.020000 0.024000
1495862797612288081	1400 51 1.200000 0.108000 0.137000 1800 42 1.200000 1.262000 1.514000 600 44 0.900000 0.074000 0.073000 1.200000 0.022000 0.026000
1495862798121538299	1400 51 1.200000 0.109000 0.138000 1800 42 1.200000 1.240000 1.488000 600 44 0.900000 0.074000 0.073000 1.200000 0.023000 0.027000
1495862798630783767	1400 51 1.200000 0.106000 0.134000 1800 42 1.200000 1.287000 1.544000 600 44 0.900000 0.074000 0.073000 1.200000 0.022000 0.026000
1495862799139992736	1400 53 1.200000 0.105000 0.133000 1800 42 1.200000 1.248000 1.497000 600 44 0.900000 0.074000 0.073000 1.200000 0.021000 0.025000
1495862799649154871	1400 49 1.200000 0.103000 0.131000 1800 42 1.200000 1.391000 1.669000 600 45 0.900000 0.075000 0.074000 1.200000 0.015000 0.018000
1495862800158275381	1400 51 1.200000 0.105000 0.133000 1800 42 1.200000 1.142000 1.370000 600 44 0.900000 0.074000 0.073000 1.200000 0.091000 0.111000
1495862800667536308	1400 51 1.200000 0.100000 0.127000 1800 42 1.200000 1.254000 1.504000 600 44 0.900000 0.075000 0.074000 1.200000 0.023000 0.027000
1495862801176842734	1400 51 1.200000 0.101000 0.128000 1800 42 1.200000 1.278000 1.533000 600 44 0.900000 0.074000 0.073000 1.200000 0.023000 0.027000
1495862801686040578	1400 51 1.200000 0.101000 0.128000 1800 42 1.200000 1.266000 1.519000 600 44 0.900000 0.074000 0.073000 1.200000 0.021000 0.025000
1495862802195204505	1400 52 1.200000 0.101000 0.128000 1800 42 1.200000 1.283000 1.539000 600 44 0.900000 0.074000 0.073000 1.200000 0.020000 0.024000
1495862802704498556	1400 52 1.200000 0.101000 0.128000 1800 42 1.200000 1.279000 1.534000 600 44 0.900000 0.074000 0.073000 1.200000 0.021000 0.025000
1495862803213599316	1400 53 1.200000 0.101000 0.128000 1800 42 1.200000 1.382000 1.658000 600 44 0.900000 0.074000 0.073000 1.200000 0.018000 0.021000
1495862803722820077	1400 48 1.200000 0.103000 0.131000 1800 42 1.200000 1.225000 1.470000 600 44 0.900000 0.075000 0.074000 1.200000 0.048000 0.058000
1495862804232219711	1400 51 1.200000 0.108000 0.137000 1800 42 1.100000 1.079000 1.292000 600 44 0.900000 0.074000 0.073000 1.200000 0.095000 0.115000
1495862804741421721	1400 51 1.200000 0.102000 0.129000 1800 42 1.200000 1.236000 1.483000 600 44 0.900000 0.075000 0.074000 1.200000 0.024000 0.029000
1495862805250570232	1400 51 1.200000 0.109000 0.138000 1800 42 1.200000 1.267000 1.520000 600 44 0.900000 0.074000 0.073000 1.200000 0.023000 0.027000
1495862805759774492	1400 51 1.200000 0.106000 0.134000 1800 42 1.200000 1.278000 1.533000 600 44 0.900000 0.074000 0.073000 1.200000 0.022000 0.026000
1495862806268927043	1400 51 1.200000 0.102000 0.129000 1800 42 1.200000 1.239000 1.486000 600 44 0.900000 0.075000 0.074000 1.200000 0.021000 0.025000
1495862806778127887	1400 51 1.200000 0.102000 0.129000 1800 42 1.200000 1.254000 1.504000 600 44 0.900000 0.075000 0.074000 1.200000 0.022000 0.026000
1495862807287320230	1400 53 1.200000 0.106000 0.134000 1800 42 1.200000 1.255000 1.506000 600 44 0.900000 0.074000 0.073000 1.200000 0.021000 0.025000
1495862807796606574	1400 50 1.200000 0.108000 0.137000 1800 42 1.200000 1.405000 1.686000 600 44 0.900000 0.075000 0.074000 1.200000 0.017000 0.020000
1495862808305786750	1400 51 1.200000 0.110000 0.140000 1800 42 1.100000 1.074000 1.286000 600 44 0.900000 0.075000 0.074000 1.200000 0.099000 0.120000
1495862808815059052	1400 51 1.200000 0.106000 0.134000 1800 42 1.200000 1.247000 1.496000 600 44 0.900000 0.074000 0.073000 1.200000 0.036000 0.043000
1495862809324208562	1400 52 1.200000 0.102000 0.129000 1800 42 1.200000 1.274000 1.528000 600 44 0.900000 0.074000 0.073000 1.200000 0.023000 0.027000
1495862809833443572	1400 51 1.200000 0.101000 0.128000 1800 42 1.200000 1.271000 1.525000 600 44 0.900000 0.074000 0.073000 1.200000 0.022000 0.026000
1495862810342595707	1400 51 1.200000 0.099000 0.126000 1800 42 1.200000 1.248000 1.497000 600 44 0.900000 0.074000 0.073000 1.200000 0.022000 0.026000
1495862810851805134	1400 51 1.200000 0.101000 0.128000 1800 42 1.200000 1.282000 1.538000 600 44 0.900000 0.074000 0.073000 1.200000 0.021000 0.025000
1495862811361002269	1400 53 1.200000 0.102000 0.129000 1800 42 1.200000 1.295000 1.554000 600 44 0.900000 0.074000 0.073000 1.200000 0.021000 0.025000
1495862811870201654	1400 50 1.200000 0.107000 0.136000 1800 42 1.200000 1.411000 1.693000 600 44 0.900000 0.074000 0.073000 1.200000 0.016000 0.019000
1495862812379435081	1400 50 1.200000 0.108000 0.137000 1800 42 1.100000 1.087000 1.302000 600 44 0.900000 0.074000 0.073000 1.200000 0.078000 0.095000
1495862812888581883	1400 51 1.200000 0.105000 0.133000 1800 42 1.200000 1.245000 1.494000 600 44 0.900000 0.074000 0.073000 1.200000 0.047000 0.057000
1495862813397747476	1400 51 1.200000 0.102000 0.129000 1800 42 1.200000 1.265000 1.518000 600 44 0.900000 0.074000 0.073000 1.200000 0.022000 0.026000
1495862813906906528	1400 51 1.200000 0.101000 0.128000 1800 42 1.200000 1.271000 1.525000 600 44 0.900000 0.074000 0.073000 1.200000 0.022000 0.026000
1495862814416139455	1400 51 1.200000 0.101000 0.128000 1800 42 1.200000 1.244000 1.492000 600 44 0.900000 0.074000 0.073000 1.200000 0.022000 0.026000
1495862814925292923	1400 51 1.200000 0.102000 0.129000 1800 42 1.200000 1.255000 1.506000 600 44 0.900000 0.074000 0.073000 1.200000 0.021000 0.025000
1495862815434441559	1400 53 1.200000 0.101000 0.128000 1800 42 1.200000 1.263000 1.515000 600 44 0.900000 0.074000 0.073000 1.200000 0.021000 0.025000
1495862815943618360	1400 51 1.200000 0.106000 0.134000 1800 42 1.200000 1.417000 1.701000 600 44 0.900000 0.075000 0.074000 1.200000 0.014000 0.016000
1495862816453316828	1400 48 1.200000 0.104000 0.132000 1800 41 1.100000 1.105000 1.323000 600 44 0.900000 0.074000 0.073000 1.200000 0.076000 0.092000
1495862816963441629	1400 49 1.200000 0.109000 0.138000 1800 41 1.100000 1.152000 1.380000 600 44 0.900000 0.074000 0.073000 1.200000 0.015000 0.018000
1495862817473258055	1400 49 1.200000 0.110000 0.140000 1800 42 1.100000 1.161000 1.390000 600 44 0.900000 0.074000 0.073000 1.200000 0.013000 0.015000
1495862817983032272	1400 49 1.200000 0.113000 0.143000 1800 41 1.100000 1.171000 1.402000 600 44 0.900000 0.074000 0.073000 1.200000 0.014000 0.017000
1495862818492881865	1400 49 1.200000 0.105000 0.133000 1800 42 1.100000 1.166000 1.396000 600 44 0.900000 0.074000 0.073000 1.200000 0.061000 0.074000
1495862819003156332	1400 49 1.200000 0.106000 0.134000 1800 42 1.100000 1.151000 1.378000 600 44 0.900000 0.074000 0.073000 1.200000 0.062000 0.075000
1495862819513487340	1400 47 1.200000 0.106000 0.134000 1800 41 1.100000 1.153000 1.381000 600 44 0.900000 0.074000 0.073000 1.200000 0.049000 0.059000
1495862820022650684	1400 51 1.200000 0.111000 0.141000 1800 42 1.100000 1.031000 1.235000 600 44 0.900000 0.074000 0.073000 1.200000 0.108000 0.132000
1495862820531698944	1400 53 1.200000 0.109000 0.138000 1800 42 1.200000 1.396000 1.675000 600 44 0.900000 0.074000 0.073000 1.200000 0.027000 0.032000
1495862821040654454	1400 53 1.200000 0.107000 0.136000 1800 42 1.200000 1.456000 1.747000 600 44 0.900000 0.074000 0.073000 1.200000 0.005000 0.006000
1495862821549606090	1400 53 1.200000 0.105000 0.133000 1800 43 1.200000 1.433000 1.719000 600 44 0.900000 0.074000 0.073000 1.200000 0.006000 0.007000
1495862822058500975	1400 53 1.200000 0.104000 0.132000 1800 43 1.200000 1.442000 1.730000 600 45 0.900000 0.075000 0.074000 1.200000 0.007000 0.008000
1495862822567406402	1400 54 1.200000 0.102000 0.129000 1800 43 1.200000 1.448000 1.737000 600 45 0.900000 0.075000 0.074000 1.200000 0.007000 0.008000
1495862823076522079	1400 54 1.200000 0.101000 0.128000 1800 43 1.200000 1.454000 1.744000 600 45 0.900000 0.075000 0.074000 1.200000 0.007000 0.008000
1495862823585607673	1400 54 1.200000 0.102000 0.129000 1800 43 1.200000 1.456000 1.747000 600 45 0.900000 0.075000 0.074000 1.200000 0.005000 0.006000
1495862824094618683	1400 53 1.200000 0.102000 0.129000 1800 43 1.200000 1.429000 1.714000 600 45 0.900000 0.075000 0.074000 1.200000 0.006000 0.007000
1495862824603548819	1400 53 1.200000 0.102000 0.129000 1800 43 1.200000 1.444000 1.732000 600 45 0.900000 0.075000 0.074000 1.200000 0.005000 0.006000
1495862825112529537	1400 53 1.200000 0.101000 0.128000 1800 43 1.200000 1.438000 1.725000 600 45 0.900000 0.075000 0.074000 1.200000 0.005000 0.006000
1495862825621571673	1400 53 1.200000 0.101000 0.128000 1800 43 1.200000 1.420000 1.704000 600 45 0.900000 0.075000 0.074000 1.200000 0.006000 0.007000
1495862826131048391	1400 53 1.200000 0.103000 0.131000 1800 43 1.200000 1.428000 1.713000 600 45 0.900000 0.075000 0.074000 1.200000 0.007000 0.008000
1495862826639985151	1400 53 1.200000 0.104000 0.132000 1800 43 1.200000 1.415000 1.698000 600 45 0.900000 0.075000 0.074000 1.200000 0.008000 0.009000
1495862827148912120	1400 53 1.200000 0.107000 0.136000 1800 43 1.200000 1.421000 1.705000 600 45 0.900000 0.075000 0.074000 1.200000 0.008000 0.009000
1495862827657916130	1400 54 1.200000 0.108000 0.137000 1800 43 1.200000 1.423000 1.707000 600 45 0.900000 0.075000 0.074000 1.200000 0.010000 0.012000
1495862828166922307	1400 54 1.200000 0.109000 0.138000 1800 43 1.200000 1.430000 1.716000 600 45 0.900000 0.075000 0.074000 1.200000 0.007000 0.008000
1495862828676214942	1400 53 1.200000 0.106000 0.134000 1800 43 1.200000 1.431000 1.717000 600 45 0.900000 0.075000 0.074000 1.200000 0.007000 0.008000
1495862829185194869	1400 54 1.200000 0.105000 0.133000 1800 43 1.200000 1.436000 1.724000 600 45 0.900000 0.075000 0.074000 1.200000 0.008000 0.009000
1495862829694188130	1400 53 1.200000 0.103000 0.131000 1800 43 1.200000 1.426000 1.711000 600 45 0.900000 0.075000 0.074000 1.200000 0.006000 0.007000
1495862830203052640	1400 54 1.200000 0.104000 0.132000 1800 43 1.200000 1.445000 1.735000 600 45 0.900000 0.075000 0.074000 1.200000 0.007000 0.008000
1495862830712103942	1400 54 1.200000 0.106000 0.134000 1800 43 1.200000 1.460000 1.753000 600 45 0.900000 0.075000 0.074000 1.200000 0.006000 0.007000
1495862831221230161	1400 54 1.200000 0.108000 0.137000 1800 43 1.200000 1.427000 1.712000 600 45 0.900000 0.075000 0.074000 1.200000 0.008000 0.009000
1495862831730281505	1400 54 1.200000 0.102000 0.129000 1800 43 1.200000 1.424000 1.710000 600 45 0.900000 0.075000 0.074000 1.200000 0.009000 0.010000
1495862832239239682	1400 54 1.200000 0.102000 0.129000 1800 43 1.200000 1.423000 1.709000 600 45 0.900000 0.075000 0.074000 1.200000 0.007000 0.008000
1495862832748226359	1400 53 1.200000 0.101000 0.128000 1800 43 1.200000 1.417000 1.701000 600 45 0.900000 0.075000 0.074000 1.200000 0.007000 0.008000
1495862833257230327	1400 53 1.200000 0.104000 0.132000 1800 43 1.200000 1.414000 1.696000 600 45 0.900000 0.076000 0.075000 1.200000 0.008000 0.009000
1495862833766340796	1400 53 1.200000 0.104000 0.132000 1800 43 1.200000 1.433000 1.719000 600 45 0.900000 0.075000 0.074000 1.200000 0.009000 0.010000
1495862834275413431	1400 53 1.200000 0.106000 0.134000 1800 43 1.200000 1.423000 1.709000 600 45 0.900000 0.075000 0.074000 1.200000 0.007000 0.008000
1495862834784371483	1400 54 1.200000 0.108000 0.137000 1800 43 1.200000 1.428000 1.713000 600 45 0.900000 0.075000 0.074000 1.200000 0.008000 0.009000
1495862835293330702	1400 54 1.200000 0.110000 0.140000 1800 43 1.200000 1.443000 1.731000 600 45 0.900000 0.075000 0.074000 1.200000 0.008000 0.009000
1495862835802349004	1400 54 1.200000 0.102000 0.129000 1800 43 1.200000 1.431000 1.717000 600 45 0.900000 0.075000 0.074000 1.200000 0.009000 0.010000
1495862836311481014	1400 54 1.200000 0.101000 0.128000 1800 43 1.200000 1.428000 1.713000 600 45 0.900000 0.075000 0.074000 1.200000 0.010000 0.012000
1495862836820451066	1400 54 1.200000 0.101000 0.128000 1800 43 1.200000 1.420000 1.704000 600 45 0.900000 0.075000 0.074000 1.200000 0.008000 0.009000
1495862837329427535	1400 54 1.200000 0.103000 0.131000 1800 43 1.200000 1.437000 1.724000 600 45 0.900000 0.076000 0.075000 1.200000 0.007000 0.008000
1495862837838368337	1400 54 1.200000 0.103000 0.131000 1800 43 1.200000 1.429000 1.716000 600 45 0.900000 0.076000 0.075000 1.200000 0.006000 0.007000
1495862838347397056	1400 54 1.200000 0.108000 0.137000 1800 43 1.200000 1.423000 1.707000 600 45 0.900000 0.076000 0.075000 1.200000 0.007000 0.008000
1495862838856422733	1400 54 1.200000 0.109000 0.138000 1800 43 1.200000 1.422000 1.707000 600 45 0.900000 0.075000 0.074000 1.200000 0.008000 0.009000
1495862839365351618	1400 54 1.200000 0.110000 0.140000 1800 43 1.200000 1.422000 1.707000 600 45 0.900000 0.075000 0.074000 1.200000 0.008000 0.009000
1495862839874536003	1400 54 1.200000 0.107000 0.136000 1800 43 1.200000 1.448000 1.737000 600 45 0.900000 0.075000 0.074000 1.200000 0.009000 0.010000
1495862840383482222	1400 53 1.200000 0.101000 0.128000 1800 43 1.200000 1.424000 1.708000 600 45 0.900000 0.075000 0.074000 1.200000 0.009000 0.010000
1495862840892471857	1400 54 1.200000 0.105000 0.133000 1800 43 1.200000 1.415000 1.698000 600 45 0.900000 0.076000 0.075000 1.200000 0.011000 0.013000
1495862841401433826	1400 54 1.200000 0.105000 0.133000 1800 43 1.200000 1.430000 1.716000 600 45 0.900000 0.075000 0.074000 1.200000 0.009000 0.010000
1495862841910463753	1400 53 1.200000 0.108000 0.137000 1800 43 1.200000 1.425000 1.710000 600 45 0.900000 0.075000 0.074000 1.200000 0.009000 0.010000
1495862842419467930	1400 54 1.200000 0.110000 0.140000 1800 43 1.200000 1.423000 1.707000 600 45 0.900000 0.076000 0.075000 1.200000 0.011000 0.013000
1495862842928444107	1400 54 1.200000 0.109000 0.138000 1800 43 1.200000 1.408000 1.689000 600 45 0.900000 0.075000 0.074000 1.200000 0.010000 0.012000
1495862843437425368	1400 53 1.200000 0.106000 0.134000 1800 43 1.200000 1.404000 1.684000 600 45 0.900000 0.076000 0.075000 1.200000 0.012000 0.014000
1495862843946472961	1400 54 1.200000 0.103000 0.131000 1800 43 1.200000 1.411000 1.694000 600 45 0.900000 0.075000 0.074000 1.200000 0.014000 0.016000
1495862844455434930	1400 54 1.200000 0.102000 0.129000 1800 43 1.200000 1.410000 1.692000 600 45 0.900000 0.076000 0.075000 1.200000 0.014000 0.016000
1495862844964462940	1400 53 1.200000 0.102000 0.129000 1800 43 1.200000 1.407000 1.688000 600 45 0.900000 0.076000 0.075000 1.200000 0.016000 0.019000
1495862845473591576	1400 53 1.200000 0.103000 0.131000 1800 43 1.200000 1.408000 1.689000 600 45 0.900000 0.075000 0.074000 1.200000 0.017000 0.020000
1495862845982579586	1400 53 1.200000 0.102000 0.129000 1800 43 1.200000 1.385000 1.662000 600 45 0.900000 0.075000 0.074000 1.200000 0.022000 0.026000
1495862846491695846	1400 52 1.200000 0.102000 0.129000 1800 43 1.200000 1.359000 1.630000 600 45 0.900000 0.075000 0.074000 1.200000 0.030000 0.036000
1495862847000728315	1400 50 1.200000 0.105000 0.133000 1800 42 1.200000 1.246000 1.495000 600 45 0.900000 0.075000 0.074000 1.200000 0.054000 0.065000
1495862847509774742	1400 50 1.200000 0.101000 0.128000 1800 42 1.100000 1.134000 1.358000 600 45 0.900000 0.075000 0.074000 1.200000 0.040000 0.048000
1495862848018785377	1400 49 1.200000 0.101000 0.128000 1800 42 1.100000 1.085000 1.299000 600 44 0.900000 0.075000 0.074000 1.200000 0.014000 0.016000
1495862848528638428	1400 48 1.200000 0.105000 0.133000 1800 42 1.100000 1.091000 1.307000 600 44 0.900000 0.074000 0.073000 1.200000 0.028000 0.034000
1495862849038436562	1400 49 1.200000 0.105000 0.133000 1800 42 1.100000 0.885000 1.059000 600 44 0.900000 0.074000 0.073000 1.200000 0.020000 0.024000
1495862849548385363	1400 49 1.200000 0.114000 0.145000 1800 42 1.100000 1.160000 1.389000 600 44 0.900000 0.074000 0.073000 1.200000 0.012000 0.014000
1495862850057573581	1400 50 1.200000 0.110000 0.140000 1800 42 1.100000 1.168000 1.399000 600 44 0.900000 0.074000 0.073000 1.200000 0.012000 0.014000
1495862850566640008	1400 52 1.200000 0.106000 0.134000 1800 42 1.200000 1.389000 1.666000 600 45 0.900000 0.074000 0.073000 1.200000 0.010000 0.012000
1495862851075769644	1400 52 1.200000 0.102000 0.129000 1800 42 1.200000 1.538000 1.847000 600 45 0.900000 0.074000 0.073000 1.200000 0.005000 0.006000
1495862851584916945	1400 52 1.200000 0.103000 0.131000 1800 43 1.200000 1.540000 1.849000 600 45 0.900000 0.075000 0.074000 1.200000 0.007000 0.008000
1495862852093982914	1400 52 1.200000 0.106000 0.134000 1800 43 1.200000 1.540000 1.849000 600 46 0.900000 0.075000 0.074000 1.200000 0.005000 0.006000
1495862852603032216	1400 52 1.200000 0.110000 0.140000 1800 43 1.200000 1.542000 1.851000 600 46 0.900000 0.075000 0.074000 1.200000 0.006000 0.007000
1495862853112115976	1400 52 1.200000 0.109000 0.138000 1800 43 1.200000 1.539000 1.848000 600 46 0.900000 0.075000 0.074000 1.200000 0.008000 0.009000
1495862853621278486	1400 53 1.200000 0.101000 0.128000 1800 43 1.200000 1.538000 1.847000 600 46 0.900000 0.075000 0.074000 1.200000 0.010000 0.012000
1495862854130320747	1400 53 1.200000 0.102000 0.129000 1800 43 1.200000 1.541000 1.850000 600 46 0.900000 0.075000 0.074000 1.200000 0.007000 0.008000
1495862854639442340	1400 53 1.200000 0.103000 0.131000 1800 43 1.200000 1.540000 1.849000 600 46 0.900000 0.075000 0.074000 1.200000 0.007000 0.008000
1495862855148919600	1400 53 1.200000 0.104000 0.132000 1800 43 1.200000 1.539000 1.848000 600 46 0.900000 0.075000 0.074000 1.200000 0.007000 0.008000
1495862855658149443	1400 53 1.200000 0.108000 0.137000 1800 43 1.200000 1.540000 1.849000 600 46 0.900000 0.075000 0.074000 1.200000 0.007000 0.008000
1495862856167260954	1400 53 1.200000 0.110000 0.140000 1800 43 1.200000 1.541000 1.850000 600 46 0.900000 0.075000 0.074000 1.200000 0.006000 0.007000
1495862856676498339	1400 53 1.200000 0.108000 0.137000 1800 43 1.200000 1.542000 1.851000 600 46 0.900000 0.075000 0.074000 1.200000 0.010000 0.012000
1495862857185614057	1400 53 1.200000 0.106000 0.134000 1800 43 1.200000 1.532000 1.839000 600 46 0.900000 0.075000 0.074000 1.200000 0.020000 0.024000
1495862857694826817	1400 53 1.200000 0.102000 0.129000 1800 43 1.200000 1.536000 1.844000 600 46 0.900000 0.075000 0.074000 1.200000 0.014000 0.016000
1495862858203919869	1400 53 1.200000 0.105000 0.133000 1800 43 1.200000 1.535000 1.843000 600 46 0.900000 0.075000 0.074000 1.200000 0.011000 0.013000
1495862858713248379	1400 53 1.200000 0.104000 0.132000 1800 43 1.200000 1.547000 1.857000 600 46 0.900000 0.076000 0.075000 1.200000 0.011000 0.013000
1495862859222505556	1400 53 1.200000 0.101000 0.128000 1800 43 1.200000 1.540000 1.849000 600 46 0.900000 0.076000 0.075000 1.200000 0.005000 0.006000
1495862859731734732	1400 53 1.200000 0.102000 0.129000 1800 43 1.200000 1.542000 1.851000 600 46 0.900000 0.076000 0.075000 1.200000 0.008000 0.009000
1495862860240933034	1400 53 1.200000 0.103000 0.131000 1800 43 1.200000 1.540000 1.849000 600 46 0.900000 0.076000 0.075000 1.200000 0.011000 0.013000
1495862860750042044	1400 53 1.200000 0.106000 0.134000 1800 43 1.200000 1.542000 1.851000 600 46 0.900000 0.075000 0.074000 1.200000 0.007000 0.008000
1495862861259193930	1400 53 1.200000 0.104000 0.132000 1800 43 1.200000 1.542000 1.851000 600 46 0.900000 0.076000 0.075000 1.200000 0.007000 0.008000
1495862861768377898	1400 53 1.200000 0.104000 0.132000 1800 43 1.200000 1.544000 1.854000 600 46 0.900000 0.076000 0.075000 1.200000 0.009000 0.010000
1495862862277686366	1400 53 1.200000 0.106000 0.134000 1800 43 1.200000 1.536000 1.844000 600 46 0.900000 0.075000 0.074000 1.200000 0.007000 0.008000
1495862862786832876	1400 53 1.200000 0.110000 0.140000 1800 43 1.200000 1.531000 1.838000 600 46 0.900000 0.076000 0.075000 1.200000 0.016000 0.019000
1495862863296034345	1400 53 1.200000 0.110000 0.140000 1800 43 1.200000 1.538000 1.847000 600 46 0.900000 0.076000 0.075000 1.200000 0.013000 0.015000
1495862863805315813	1400 53 1.200000 0.109000 0.138000 1800 43 1.200000 1.536000 1.844000 600 46 0.900000 0.076000 0.075000 1.200000 0.018000 0.021000
1495862864314506240	1400 53 1.200000 0.105000 0.133000 1800 43 1.200000 1.544000 1.854000 600 46 0.900000 0.076000 0.075000 1.200000 0.013000 0.015000
1495862864823679417	1400 53 1.200000 0.104000 0.132000 1800 43 1.200000 1.546000 1.856000 600 46 0.900000 0.076000 0.075000 1.200000 0.010000 0.012000
1495862865332754594	1400 53 1.200000 0.107000 0.136000 1800 43 1.200000 1.542000 1.851000 600 47 0.900000 0.076000 0.075000 1.200000 0.010000 0.012000
1495862865842093145	1400 53 1.200000 0.109000 0.138000 1800 43 1.200000 1.545000 1.855000 600 46 0.900000 0.076000 0.075000 1.200000 0.008000 0.009000
1495862866351253030	1400 53 1.200000 0.110000 0.140000 1800 43 1.200000 1.541000 1.850000 600 46 0.900000 0.076000 0.075000 1.200000 0.011000 0.013000
1495862866860411916	1400 53 1.200000 0.102000 0.129000 1800 43 1.200000 1.540000 1.849000 600 47 0.900000 0.076000 0.075000 1.200000 0.011000 0.013000
1495862867369551217	1400 53 1.200000 0.104000 0.132000 1800 43 1.200000 1.534000 1.842000 600 46 0.900000 0.076000 0.075000 1.200000 0.009000 0.010000
1495862867878767811	1400 53 1.200000 0.102000 0.129000 1800 43 1.200000 1.541000 1.850000 600 47 0.900000 0.076000 0.075000 1.200000 0.006000 0.007000
1495862868387887696	1400 53 1.200000 0.103000 0.131000 1800 44 1.200000 1.538000 1.847000 600 47 0.900000 0.076000 0.075000 1.200000 0.011000 0.013000
1495862868897004623	1400 53 1.200000 0.102000 0.129000 1800 43 1.200000 1.537000 1.845000 600 47 0.900000 0.076000 0.075000 1.200000 0.009000 0.010000
1495862869406123550	1400 53 1.200000 0.102000 0.129000 1800 43 1.200000 1.542000 1.851000 600 47 0.900000 0.076000 0.075000 1.200000 0.009000 0.010000
1495862869915202393	1400 53 1.200000 0.110000 0.140000 1800 43 1.200000 1.541000 1.850000 600 46 0.900000 0.076000 0.075000 1.200000 0.010000 0.012000
1495862870424376195	1400 53 1.200000 0.107000 0.136000 1800 43 1.200000 1.547000 1.857000 600 47 0.900000 0.076000 0.075000 1.200000 0.008000 0.009000
1495862870933394955	1400 53 1.200000 0.103000 0.131000 1800 44 1.200000 1.550000 1.861000 600 47 0.900000 0.076000 0.075000 1.200000 0.005000 0.006000
1495862871442571757	1400 53 1.200000 0.104000 0.132000 1800 43 1.200000 1.548000 1.859000 600 47 0.900000 0.076000 0.075000 1.200000 0.006000 0.007000
1495862871951833059	1400 53 1.200000 0.106000 0.134000 1800 43 1.200000 1.539000 1.848000 600 47 0.900000 0.076000 0.075000 1.200000 0.010000 0.012000
1495862872461045777	1400 53 1.200000 0.107000 0.136000 1800 43 1.200000 1.536000 1.844000 600 47 0.900000 0.076000 0.075000 1.200000 0.011000 0.013000
1495862872970223621	1400 53 1.200000 0.110000 0.140000 1800 44 1.200000 1.539000 1.848000 600 47 0.900000 0.076000 0.075000 1.200000 0.014000 0.016000
1495862873479319548	1400 53 1.200000 0.109000 0.138000 1800 44 1.200000 1.540000 1.849000 600 47 0.900000 0.076000 0.075000 1.200000 0.007000 0.008000
1495862873988385183	1400 53 1.200000 0.106000 0.134000 1800 44 1.200000 1.537000 1.845000 600 47 0.900000 0.076000 0.075000 1.200000 0.008000 0.009000
1495862874497525360	1400 53 1.200000 0.105000 0.133000 1800 44 1.200000 1.540000 1.849000 600 47 0.900000 0.076000 0.075000 1.200000 0.007000 0.008000
1495862875006762203	1400 53 1.200000 0.104000 0.132000 1800 44 1.200000 1.538000 1.847000 600 47 0.900000 0.076000 0.075000 1.200000 0.010000 0.012000
1495862875515988088	1400 53 1.200000 0.102000 0.129000 1800 44 1.200000 1.540000 1.849000 600 47 0.900000 0.076000 0.075000 1.200000 0.009000 0.010000
1495862876025137098	1400 53 1.200000 0.103000 0.131000 1800 44 1.200000 1.547000 1.857000 600 47 0.900000 0.076000 0.075000 1.200000 0.007000 0.008000
1495862876534253817	1400 53 1.200000 0.103000 0.131000 1800 44 1.200000 1.549000 1.860000 600 47 0.900000 0.076000 0.075000 1.200000 0.005000 0.006000
1495862877043499702	1400 53 1.200000 0.108000 0.137000 1800 44 1.200000 1.548000 1.859000 600 47 0.900000 0.076000 0.075000 1.200000 0.009000 0.010000
1495862877552705212	1400 53 1.200000 0.106000 0.134000 1800 44 1.200000 1.545000 1.855000 600 47 0.900000 0.076000 0.075000 1.200000 0.010000 0.012000
1495862878061863055	1400 53 1.200000 0.104000 0.132000 1800 44 1.200000 1.543000 1.853000 600 46 0.900000 0.076000 0.075000 1.200000 0.010000 0.012000
1495862878571221690	1400 53 1.200000 0.104000 0.132000 1800 44 1.200000 1.536000 1.844000 600 47 0.900000 0.076000 0.075000 1.200000 0.007000 0.008000
1495862879080290992	1400 53 1.200000 0.107000 0.136000 1800 44 1.200000 1.535000 1.843000 600 47 0.900000 0.076000 0.075000 1.200000 0.005000 0.006000
1495862879589411461	1400 53 1.200000 0.107000 0.136000 1800 44 1.200000 1.542000 1.851000 600 47 0.900000 0.076000 0.075000 1.200000 0.008000 0.009000
1495862880098633346	1400 53 1.200000 0.103000 0.131000 1800 44 1.200000 1.544000 1.854000 600 47 0.900000 0.076000 0.075000 1.200000 0.006000 0.007000
1495862880607767106	1400 53 1.200000 0.104000 0.132000 1800 44 1.200000 1.539000 1.848000 600 47 0.900000 0.076000 0.075000 1.200000 0.009000 0.010000
1495862881116925700	1400 53 1.200000 0.104000 0.132000 1800 44 1.200000 1.542000 1.851000 600 47 0.900000 0.076000 0.075000 1.200000 0.009000 0.010000
1495862881626127460	1400 53 1.200000 0.100000 0.127000 1800 44 1.200000 1.544000 1.854000 600 47 0.900000 0.076000 0.075000 1.200000 0.009000 0.010000
1495862882135261053	1400 53 1.200000 0.102000 0.129000 1800 44 1.200000 1.546000 1.856000 600 47 0.900000 0.076000 0.075000 1.200000 0.007000 0.008000
1495862882644439688	1400 53 1.200000 0.107000 0.136000 1800 44 1.200000 1.533000 1.841000 600 47 0.900000 0.076000 0.075000 1.200000 0.003000 0.003000
1495862883153637657	1400 53 1.200000 0.109000 0.138000 1800 43 1.200000 1.538000 1.847000 600 47 0.900000 0.076000 0.075000 1.200000 0.005000 0.006000
1495862883662919042	1400 53 1.200000 0.110000 0.140000 1800 43 1.200000 1.536000 1.844000 600 47 0.900000 0.076000 0.075000 1.200000 0.007000 0.008000
1495862884172216593	1400 53 1.200000 0.109000 0.138000 1800 44 1.200000 1.540000 1.849000 600 47 0.900000 0.076000 0.075000 1.200000 0.004000 0.004000
1495862884681483687	1400 53 1.200000 0.106000 0.134000 1800 44 1.200000 1.541000 1.850000 600 47 0.900000 0.076000 0.075000 1.200000 0.009000 0.010000
1495862885191404112	1400 50 1.200000 0.103000 0.131000 1800 43 1.200000 1.533000 1.841000 600 46 0.900000 0.076000 0.075000 1.200000 0.006000 0.007000
1495862885701471330	1400 50 1.200000 0.111000 0.141000 1800 43 1.100000 1.039000 1.244000 600 45 0.900000 0.076000 0.075000 1.200000 0.021000 0.025000
1495862886211385005	1400 50 1.200000 0.115000 0.146000 1800 43 1.100000 1.164000 1.394000 600 45 0.900000 0.076000 0.075000 1.200000 0.013000 0.015000
1495862886720809432	1400 52 1.200000 0.113000 0.143000 1800 43 1.100000 1.168000 1.399000 600 45 0.900000 0.075000 0.074000 1.200000 0.013000 0.015000
1495862887230151942	1400 56 1.200000 0.106000 0.134000 1800 44 1.200000 1.539000 1.848000 600 46 0.900000 0.075000 0.074000 1.200000 0.017000 0.020000
1495862887739277577	1400 57 1.200000 0.105000 0.133000 1800 44 1.200000 1.758000 2.113000 600 46 0.900000 0.076000 0.075000 1.200000 0.007000 0.008000
1495862888248360837	1400 57 1.200000 0.105000 0.133000 1800 44 1.200000 1.760000 2.115000 600 46 0.900000 0.076000 0.075000 1.200000 0.007000 0.008000
1495862888757484472	1400 57 1.200000 0.105000 0.133000 1800 44 1.200000 1.761000 2.116000 600 46 0.900000 0.076000 0.075000 1.200000 0.004000 0.004000
1495862889266608816	1400 57 1.200000 0.104000 0.132000 1800 44 1.200000 1.761000 2.116000 600 47 0.900000 0.076000 0.075000 1.200000 0.004000 0.004000
1495862889775736326	1400 57 1.200000 0.102000 0.129000 1800 45 1.200000 1.762000 2.117000 600 47 0.900000 0.077000 0.076000 1.200000 0.004000 0.004000
1495862890284935711	1400 58 1.200000 0.106000 0.134000 1800 45 1.200000 1.748000 2.101000 600 47 0.900000 0.076000 0.075000 1.200000 0.004000 0.004000
1495862890794016138	1400 58 1.200000 0.104000 0.132000 1800 45 1.200000 1.735000 2.085000 600 47 0.900000 0.077000 0.076000 1.200000 0.004000 0.004000
1495862891303069482	1400 57 1.200000 0.104000 0.132000 1800 45 1.200000 1.727000 2.075000 600 47 0.900000 0.077000 0.076000 1.200000 0.004000 0.004000
1495862891812259825	1400 57 1.200000 0.108000 0.137000 1800 45 1.200000 1.720000 2.067000 600 47 0.900000 0.077000 0.076000 1.200000 0.007000 0.008000
1495862892321415919	1400 57 1.200000 0.108000 0.137000 1800 45 1.200000 1.713000 2.057000 600 47 0.900000 0.077000 0.076000 1.200000 0.007000 0.008000
1495862892830505887	1400 58 1.200000 0.110000 0.140000 1800 45 1.200000 1.713000 2.057000 600 47 0.900000 0.077000 0.076000 1.200000 0.006000 0.007000
1495862893339607897	1400 58 1.200000 0.105000 0.133000 1800 45 1.200000 1.768000 2.125000 600 47 0.900000 0.077000 0.076000 1.200000 0.004000 0.004000
1495862893848814241	1400 58 1.200000 0.107000 0.136000 1800 45 1.200000 1.770000 2.127000 600 47 0.900000 0.077000 0.076000 1.200000 0.005000 0.006000
1495862894357890710	1400 58 1.200000 0.109000 0.138000 1800 45 1.200000 1.772000 2.129000 600 47 0.900000 0.077000 0.076000 1.200000 0.005000 0.006000
1495862894867018595	1400 58 1.200000 0.106000 0.134000 1800 45 1.200000 1.771000 2.128000 600 47 0.900000 0.077000 0.076000 1.200000 0.005000 0.006000
1495862895376197063	1400 58 1.200000 0.108000 0.137000 1800 45 1.200000 1.771000 2.128000 600 47 0.900000 0.077000 0.076000 1.200000 0.007000 0.008000
1495862895885285823	1400 58 1.200000 0.111000 0.141000 1800 45 1.200000 1.774000 2.132000 600 47 0.900000 0.077000 0.076000 1.200000 0.007000 0.008000
1495862896394379584	1400 58 1.200000 0.112000 0.142000 1800 45 1.200000 1.767000 2.123000 600 47 0.900000 0.077000 0.076000 1.200000 0.007000 0.008000
1495862896903494302	1400 58 1.200000 0.111000 0.141000 1800 45 1.200000 1.755000 2.109000 600 47 0.900000 0.077000 0.076000 1.200000 0.006000 0.007000
1495862897412683896	1400 58 1.200000 0.106000 0.134000 1800 45 1.200000 1.743000 2.095000 600 47 0.900000 0.077000 0.076000 1.200000 0.004000 0.004000
1495862897921891072	1400 58 1.200000 0.106000 0.134000 1800 45 1.200000 1.733000 2.083000 600 47 0.900000 0.077000 0.076000 1.200000 0.004000 0.004000
1495862898431220041	1400 58 1.200000 0.105000 0.133000 1800 45 1.200000 1.734000 2.084000 600 47 0.900000 0.077000 0.076000 1.200000 0.004000 0.004000
1495862898940523467	1400 58 1.200000 0.109000 0.138000 1800 45 1.200000 1.726000 2.074000 600 47 0.900000 0.077000 0.076000 1.200000 0.006000 0.007000
1495862899449753186	1400 58 1.200000 0.112000 0.142000 1800 45 1.200000 1.772000 2.129000 600 47 0.900000 0.077000 0.076000 1.200000 0.007000 0.008000
1495862899958816279	1400 58 1.200000 0.111000 0.141000 1800 45 1.200000 1.776000 2.134000 600 48 0.900000 0.077000 0.076000 1.200000 0.007000 0.008000
1495862900467890664	1400 58 1.200000 0.111000 0.141000 1800 45 1.200000 1.775000 2.133000 600 48 0.900000 0.077000 0.076000 1.200000 0.006000 0.007000
1495862900977066925	1400 58 1.200000 0.110000 0.139000 1800 45 1.200000 1.773000 2.131000 600 47 0.900000 0.077000 0.076000 1.200000 0.006000 0.007000
1495862901486270351	1400 58 1.200000 0.109000 0.138000 1800 45 1.200000 1.776000 2.134000 600 48 0.900000 0.077000 0.076000 1.200000 0.006000 0.007000
1495862901995282528	1400 58 1.200000 0.105000 0.133000 1800 45 1.200000 1.776000 2.134000 600 48 0.900000 0.077000 0.076000 1.200000 0.004000 0.004000
1495862902504361955	1400 58 1.200000 0.105000 0.133000 1800 46 1.200000 1.763000 2.119000 600 48 0.900000 0.078000 0.077000 1.200000 0.004000 0.004000
1495862903013363382	1400 58 1.200000 0.106000 0.134000 1800 46 1.200000 1.753000 2.107000 600 48 0.900000 0.077000 0.076000 1.200000 0.005000 0.006000
1495862903522513351	1400 58 1.200000 0.107000 0.136000 1800 45 1.200000 1.739000 2.090000 600 48 0.900000 0.078000 0.077000 1.200000 0.004000 0.004000
1495862904031742194	1400 58 1.200000 0.106000 0.134000 1800 45 1.200000 1.734000 2.084000 600 48 0.900000 0.077000 0.076000 1.200000 0.004000 0.004000
1495862904540811163	1400 58 1.200000 0.106000 0.134000 1800 45 1.200000 1.730000 2.079000 600 47 0.900000 0.078000 0.077000 1.200000 0.004000 0.004000
1495862905050232173	1400 58 1.200000 0.108000 0.137000 1800 45 1.200000 1.655000 1.989000 600 47 0.900000 0.077000 0.076000 1.200000 0.021000 0.025000
1495862905559330308	1400 58 1.200000 0.108000 0.137000 1800 46 1.200000 1.773000 2.131000 600 48 0.900000 0.078000 0.077000 1.200000 0.005000 0.006000
1495862906068747609	1400 58 1.200000 0.105000 0.133000 1800 45 1.200000 1.773000 2.131000 600 48 0.900000 0.077000 0.076000 1.200000 0.005000 0.006000
1495862906578060703	1400 59 1.200000 0.112000 0.142000 1800 45 1.200000 1.776000 2.134000 600 48 0.900000 0.077000 0.076000 1.200000 0.005000 0.006000
1495862907087215504	1400 59 1.200000 0.114000 0.145000 1800 46 1.200000 1.775000 2.133000 600 48 0.900000 0.078000 0.077000 1.200000 0.005000 0.006000
1495862907596421806	1400 59 1.200000 0.111000 0.141000 1800 46 1.200000 1.775000 2.133000 600 48 0.900000 0.078000 0.077000 1.200000 0.007000 0.008000
1495862908105517608	1400 59 1.200000 0.109000 0.138000 1800 46 1.200000 1.775000 2.133000 600 48 0.900000 0.077000 0.076000 1.200000 0.007000 0.008000
1495862908614624618	1400 59 1.200000 0.107000 0.136000 1800 46 1.200000 1.766000 2.122000 600 48 0.900000 0.078000 0.077000 1.200000 0.007000 0.008000
1495862909123746420	1400 58 1.200000 0.109000 0.138000 1800 46 1.200000 1.753000 2.107000 600 48 0.900000 0.077000 0.076000 1.200000 0.006000 0.007000
1495862909632850722	1400 58 1.200000 0.109000 0.138000 1800 45 1.200000 1.744000 2.096000 600 48 0.900000 0.077000 0.076000 1.200000 0.006000 0.007000
1495862910142013024	1400 58 1.200000 0.112000 0.142000 1800 46 1.200000 1.735000 2.085000 600 48 0.900000 0.078000 0.077000 1.200000 0.005000 0.006000
1495862910651307450	1400 58 1.200000 0.106000 0.134000 1800 46 1.200000 1.724000 2.072000 600 47 0.900000 0.077000 0.076000 1.200000 0.005000 0.006000
1495862911160391961	1400 58 1.200000 0.106000 0.134000 1800 46 1.200000 1.721000 2.068000 600 48 0.900000 0.077000 0.076000 1.200000 0.011000 0.013000
1495862911669559679	1400 58 1.200000 0.105000 0.133000 1800 46 1.200000 1.756000 2.110000 600 48 0.900000 0.077000 0.076000 1.200000 0.003000 0.003000
1495862912178763523	1400 58 1.200000 0.104000 0.132000 1800 46 1.200000 1.756000 2.110000 600 48 0.900000 0.078000 0.077000 1.200000 0.004000 0.004000
1495862912687969741	1400 58 1.200000 0.106000 0.134000 1800 46 1.200000 1.755000 2.109000 600 48 0.900000 0.077000 0.076000 1.200000 0.003000 0.003000
1495862913197180834	1400 59 1.200000 0.110000 0.139000 1800 46 1.200000 1.754000 2.108000 600 48 0.900000 0.078000 0.077000 1.200000 0.005000 0.006000
1495862913706464386	1400 58 1.200000 0.111000 0.141000 1800 46 1.200000 1.755000 2.109000 600 48 0.900000 0.078000 0.077000 1.200000 0.005000 0.006000
1495862914215558146	1400 58 1.200000 0.115000 0.146000 1800 46 1.200000 1.756000 2.110000 600 48 0.900000 0.078000 0.077000 1.200000 0.004000 0.004000
1495862914724825740	1400 59 1.200000 0.111000 0.141000 1800 46 1.200000 1.751000 2.104000 600 48 0.900000 0.078000 0.077000 1.200000 0.004000 0.004000
1495862915233944500	1400 58 1.200000 0.106000 0.134000 1800 46 1.200000 1.741000 2.092000 600 48 0.900000 0.078000 0.077000 1.200000 0.003000 0.003000
1495862915743129385	1400 58 1.200000 0.106000 0.134000 1800 46 1.200000 1.734000 2.084000 600 48 0.900000 0.078000 0.077000 1.200000 0.005000 0.006000
1495862916252417645	1400 58 1.200000 0.108000 0.137000 1800 46 1.200000 1.727000 2.075000 600 48 0.900000 0.078000 0.077000 1.200000 0.006000 0.007000
1495862916761689322	1400 58 1.200000 0.112000 0.142000 1800 46 1.200000 1.719000 2.066000 600 48 0.900000 0.077000 0.076000 1.200000 0.006000 0.007000
1495862917270608749	1400 45 1.200000 0.118000 0.150000 1800 43 1.100000 0.934000 1.118000 600 46 0.900000 0.078000 0.077000 1.200000 0.011000 0.013000
1495862917779515259	1400 44 1.200000 0.106000 0.134000 1800 42 1.100000 0.445000 0.532000 600 45 0.900000 0.076000 0.075000 1.200000 0.004000 0.004000
