#Timestamp	Benchmark	CPU(4) Frequency(MHz)	CPU(4) Temperature(C)	A15 Voltage(V)	A15 Current(A)	A15 Power(W)	CPU_CYCLES	L1I_CACHE_REFILL	L1I_TLB_REFILL	L1D_CACHE_ACCESS	L1D_TLB_REFILL	INST_RETIRED	EXCEPTION_TAKEN
1495810857713470737	parsec.dedup	1800	30	1.000000	0.226000	0.238000	580925245	5925624	1721832	131307777	2060901	259177262	29762
1495810858223281788	parsec.dedup	1800	31	1.200000	1.161000	1.393000	901574209	9393613	2722587	198562872	3233053	385688963	47550
1495810858733025798	parsec.dedup	1800	32	1.200000	1.172000	1.406000	901101815	9191612	2673599	204543546	3182065	406606633	46739
1495810859243071973	parsec.dedup	1800	32	1.200000	1.179000	1.414000	901148864	3843640	2794676	214576259	3639870	317353954	31439
1495810859752788983	parsec.dedup	1800	33	1.200000	1.180000	1.416000	901148260	3356211	1950334	237458637	3012513	444355878	32448
1495810860262677742	parsec.dedup	1800	34	1.100000	1.169000	1.400000	901325440	2322959	1263236	403348631	1707675	1034089581	17176
1495810860772242710	parsec.dedup	1800	34	1.200000	1.374000	1.648000	901125305	1743694	888528	439965687	1222558	1211590623	10897
1495810861281419970	parsec.dedup	1800	35	1.200000	1.447000	1.737000	901168574	1750688	800777	425767584	989399	1272807482	9346
1495810861790740105	parsec.dedup	1800	35	1.200000	1.373000	1.647000	901101311	1878783	886518	444761636	1146467	1217974380	10034
1495810862300128573	parsec.dedup	1800	35	1.200000	1.452000	1.742000	901067980	2061859	965075	437987973	1756113	1188954687	11216
1495810862809550458	parsec.dedup	1800	35	1.200000	1.408000	1.691000	901083650	2140693	1015420	436803268	2096405	1181091515	11783
1495810863318945426	parsec.dedup	1800	36	1.200000	1.456000	1.747000	901086959	2095899	979821	445826944	2127022	1203776258	11251
1495810863828150061	parsec.dedup	1800	36	1.200000	1.443000	1.733000	901096175	2226107	1052632	475212371	2566365	1235793814	12419
1495810864337486154	parsec.dedup	1800	36	1.200000	1.425000	1.711000	901086656	3796898	1885243	379558832	3882769	782022215	21841
1495810864847022289	parsec.dedup	1800	36	1.200000	1.323000	1.587000	901094309	4110129	2061480	346960925	4107438	660825221	24200
1495810865356569173	parsec.dedup	1800	36	1.200000	1.304000	1.564000	901199721	4099473	2022743	347335865	4094900	662401274	24186
1495810865866042058	parsec.dedup	1800	36	1.200000	1.318000	1.581000	901096460	4074845	1981188	350932430	4097849	668678279	23679
1495810866375461776	parsec.dedup	1800	36	1.200000	1.304000	1.564000	901217020	4189692	2101934	339941150	4084504	650186845	24747
1495810866885013953	parsec.dedup	1800	36	1.200000	1.309000	1.570000	901112224	4080677	2051559	342158836	4352005	648048884	24375
1495810867394577545	parsec.dedup	1800	36	1.200000	1.303000	1.563000	901141831	4173837	2126793	333970704	4455709	632052977	25170
1495810867903995014	parsec.dedup	1800	36	1.200000	1.301000	1.561000	901156099	4139147	2118024	335476989	4444859	634393478	25083
1495810868413436815	parsec.dedup	1800	36	1.200000	1.299000	1.558000	901095096	4075084	2071911	344535591	4408481	648706550	24077
1495810868922940866	parsec.dedup	1800	36	1.200000	1.317000	1.580000	901101000	4186518	2088759	338926892	4172024	648109283	24490
1495810869432316585	parsec.dedup	1800	36	1.200000	1.305000	1.566000	901215681	4096485	2027869	342679318	4253216	649533837	24093
1495810869941746136	parsec.dedup	1800	36	1.200000	1.300000	1.560000	901098344	3679297	1840597	334413256	3087515	701343689	21701
1495810870451227854	parsec.dedup	1800	36	1.200000	1.317000	1.580000	901113600	3951140	1995685	341624708	3504510	680043691	23079
1495810870960667780	parsec.dedup	1800	36	1.200000	1.310000	1.572000	901106420	4009694	2017616	300583697	2601717	680503225	23149
1495810871470110124	parsec.dedup	1800	37	1.200000	1.293000	1.551000	901166570	4162368	2109809	290452664	2512682	676150566	24223
1495810871979536800	parsec.dedup	1800	36	1.200000	1.279000	1.534000	901118909	4369533	2194448	285158329	2646149	642498358	23840
1495810872488987268	parsec.dedup	1800	36	1.200000	1.286000	1.543000	901109411	4430226	2239115	286323878	2632043	651470295	25192
1495810872998299153	parsec.dedup	1800	36	1.200000	1.280000	1.536000	901097144	4398759	2199128	287349192	2599554	659662328	24224
1495810873507610038	parsec.dedup	1800	36	1.200000	1.274000	1.528000	901203961	3843119	1952093	293685552	2341820	690144820	23302
1495810874016960923	parsec.dedup	1800	37	1.200000	1.288000	1.545000	901114510	4070814	2073735	289145685	2434326	673220970	23689
1495810874526239224	parsec.dedup	1800	37	1.200000	1.273000	1.527000	901103074	3973633	2027099	291607315	2401824	683639445	23361
1495810875035718109	parsec.dedup	1800	37	1.200000	1.279000	1.534000	901100350	4078831	2077821	289373845	2454922	671904166	23894
1495810875545275827	parsec.dedup	1800	37	1.200000	1.277000	1.532000	901121136	3768879	1913276	294563140	2314080	694327521	22645
1495810876054709629	parsec.dedup	1800	37	1.200000	1.289000	1.546000	901193389	4065362	2066954	291653584	2481581	678114526	23355
1495810876564026139	parsec.dedup	1800	37	1.200000	1.286000	1.543000	901098485	4185401	2119070	288741481	2515100	670727654	23740
1495810877073828523	parsec.dedup	1800	37	1.200000	1.280000	1.536000	901098350	3928547	1987401	293844309	2430104	686923083	23119
1495810877583415907	parsec.dedup	1800	37	1.200000	1.279000	1.534000	901268806	4256704	2175436	285331702	2533818	662568267	24759
1495810878092830584	parsec.dedup	1800	37	1.200000	1.275000	1.530000	901142725	3939181	2002461	294733215	2386959	681994971	23741
1495810878602158219	parsec.dedup	1800	37	1.200000	1.280000	1.536000	901071314	4357853	2197068	282982642	2557368	655079687	24873
1495810879111501270	parsec.dedup	1800	37	1.200000	1.269000	1.522000	901107530	4089382	2078587	290914439	2468737	666398585	23149
1495810879620716322	parsec.dedup	1800	37	1.200000	1.286000	1.543000	901093900	4228946	2153839	288305390	2514021	660920962	23833
1495810880130094540	parsec.dedup	1800	37	1.200000	1.280000	1.536000	901081586	4202858	2134760	290830785	2503135	665291889	24584
1495810880639417050	parsec.dedup	1800	37	1.200000	1.278000	1.533000	901116654	4388979	2233633	286883753	2590196	656245220	24813
1495810881149189643	parsec.dedup	1800	37	1.200000	1.306000	1.567000	901123496	3713101	2019605	279201684	2337607	651876385	22969
1495810881658713361	parsec.dedup	1800	37	1.200000	1.275000	1.530000	901412915	4182753	2121461	286421249	2483606	661266575	24769
1495810882168583870	parsec.dedup	1800	37	1.200000	1.277000	1.532000	901359780	4479789	2254847	282366501	2634367	644951279	24906
1495810882678182671	parsec.dedup	1800	37	1.200000	1.286000	1.543000	901316255	3942461	2009012	292406477	2350962	678705168	23632
1495810883187572098	parsec.dedup	1800	37	1.200000	1.271000	1.525000	901279409	4313286	2198983	286380062	2558006	656612829	24548
1495810883697084399	parsec.dedup	1800	37	1.200000	1.272000	1.526000	901244706	4051849	2025830	278982965	2517517	628130733	22249
1495810884206481700	parsec.dedup	1800	37	1.200000	1.275000	1.530000	901233195	4060807	2079221	292451848	2522488	679470850	23806
1495810884715945543	parsec.dedup	1800	37	1.200000	1.276000	1.531000	901197079	5208620	2614064	270539259	3069730	604956831	26193
1495810885225255637	parsec.dedup	1800	37	1.200000	1.272000	1.526000	901430575	3777124	1934409	294261880	2458916	688862462	23364
1495810885734677647	parsec.dedup	1800	37	1.200000	1.275000	1.530000	901205017	4150506	2123087	287642587	2632018	665928045	24341
1495810886244175615	parsec.dedup	1800	37	1.200000	1.273000	1.527000	901085068	4029394	2077331	286042393	2546176	675036679	23870
1495810886753605791	parsec.dedup	1800	37	1.200000	1.286000	1.543000	901101116	3970644	2046141	288871650	2551378	675267631	23833
1495810887262909343	parsec.dedup	1800	37	1.200000	1.279000	1.534000	901079315	4056715	2089635	287972093	2563085	674455499	23833
1495810887772135978	parsec.dedup	1800	37	1.200000	1.275000	1.530000	901144764	4239803	2169332	287315235	2703156	654446576	24690
1495810888281534196	parsec.dedup	1800	37	1.200000	1.282000	1.538000	901075049	4306460	2197990	288216439	2731884	653587013	24894
1495810888790728623	parsec.dedup	1800	37	1.200000	1.272000	1.526000	901362561	3914109	2008935	291953453	2506457	684222660	23678
1495810889300161424	parsec.dedup	1800	37	1.200000	1.287000	1.544000	901245715	3881745	1986222	289982331	2471007	690409189	23127
1495810889809557351	parsec.dedup	1800	37	1.200000	1.279000	1.534000	901066644	3961918	2042965	290586434	2512263	680730667	23580
1495810890318925194	parsec.dedup	1800	37	1.200000	1.277000	1.532000	901055476	4153395	2107507	288714811	2613740	668897564	23588
1495810890828328995	parsec.dedup	1800	38	1.200000	1.276000	1.531000	901069285	4202019	2127342	287771081	2607300	667335251	24569
1495810891337689130	parsec.dedup	1800	37	1.200000	1.284000	1.540000	901130850	4174794	2122797	288645870	2620016	664990417	24209
1495810891847033515	parsec.dedup	1800	37	1.200000	1.275000	1.530000	901089399	4378372	2214031	282574973	2712234	658045704	24802
1495810892356749858	parsec.dedup	1800	37	1.200000	1.278000	1.533000	901076849	4190709	2141621	286433607	2611199	665155007	24560
1495810892866306201	parsec.dedup	1800	38	1.200000	1.275000	1.530000	901227226	3650374	1899424	277146795	2397810	639705066	21167
1495810893375674335	parsec.dedup	1800	37	1.200000	1.268000	1.521000	615585089	4113722	1224677	125748445	1846211	263772325	20749
1495810893886000219	parsec.facesim	1800	37	1.100000	0.724000	0.866000	901184713	9419700	2742740	197969127	3230155	383836470	47768
1495810894395630854	parsec.facesim	1800	37	1.200000	1.181000	1.417000	901179061	9244008	2694781	202850775	3187338	400894281	47083
1495810894905447571	parsec.facesim	1800	37	1.200000	1.186000	1.423000	901366569	6217620	1971385	274945861	2398207	596364466	33232
1495810895415111706	parsec.facesim	1800	37	1.200000	1.293000	1.551000	901095380	1348603	906555	329925955	1276333	862399579	12718
1495810895924857632	parsec.facesim	1800	37	1.200000	1.286000	1.543000	901160224	1501375	865750	177161041	1571316	462090274	13544
1495810896434121683	parsec.facesim	1800	37	1.200000	1.191000	1.429000	901102711	533316	275618	151927971	1439753	429763190	3800
1495810896943257277	parsec.facesim	1800	37	1.200000	1.120000	1.344000	901084025	231753	107763	172539159	1103239	491553880	894
1495810897452499537	parsec.facesim	1800	37	1.200000	1.149000	1.378000	901091745	654510	289428	146108493	1506960	413992720	3026
1495810897961754547	parsec.facesim	1800	37	1.200000	1.150000	1.380000	901088990	781620	475566	177640938	1643942	418668822	6805
1495810898471112473	parsec.facesim	1800	37	1.200000	1.175000	1.410000	901087940	645083	393748	157800800	1427183	381898760	5522
1495810898980298650	parsec.facesim	1800	37	1.100000	1.100000	1.317000	901101424	779445	479274	161553512	1462922	391552599	7089
1495810899489526202	parsec.facesim	1800	37	1.100000	1.098000	1.315000	901124066	682230	418050	149361665	1389679	368643686	6307
1495810899998705795	parsec.facesim	1800	37	1.100000	1.095000	1.311000	901072970	72134	28290	269598984	450010	827801114	112
1495810900507918472	parsec.facesim	1800	38	1.200000	1.240000	1.488000	901075254	79169	26411	1158395895	1477423	1517079496	120
1495810901017050024	parsec.facesim	1800	38	1.200000	1.931000	2.322000	901269426	1036137	707204	224314954	1187913	684820011	11641
1495810901526241492	parsec.facesim	1800	38	1.200000	1.236000	1.483000	901119280	4742593	806361	397234563	5934182	708987985	13914
1495810902035447752	parsec.facesim	1800	38	1.200000	1.404000	1.684000	901079904	4779934	27081	448340140	6953434	839731245	111
1495810902544624763	parsec.facesim	1800	38	1.200000	1.390000	1.668000	901073490	4644221	27645	435343923	6889775	822893817	113
1495810903053885939	parsec.facesim	1800	38	1.200000	1.382000	1.659000	901084910	4331711	33285	437772895	5840990	851453943	191
1495810903563042283	parsec.facesim	1800	38	1.200000	1.405000	1.686000	901080121	7498891	27683	414286504	6526525	811606231	124
1495810904072173460	parsec.facesim	1800	39	1.200000	1.373000	1.648000	901078790	7515094	27017	405722616	6470947	798933592	112
1495810904581509928	parsec.facesim	1800	38	1.200000	1.365000	1.638000	901235995	7419842	28529	398417390	6441825	789621261	113
1495810905090666688	parsec.facesim	1800	38	1.200000	1.359000	1.630000	901153270	5996661	29897	365105924	5533227	738366411	135
1495810905599889865	parsec.facesim	1800	38	1.200000	1.263000	1.515000	901089470	109305	53611	202449217	2347945	453122149	616
1495810906109115125	parsec.facesim	1800	38	1.100000	1.095000	1.311000	901087535	50225	22753	169758190	234776	345882589	112
1495810906618225927	parsec.facesim	1800	38	1.200000	1.100000	1.320000	901065100	51659	23024	170115368	234399	346603286	113
1495810907127478978	parsec.facesim	1800	38	1.200000	1.094000	1.312000	901076150	51751	22635	169284417	234750	345476985	113
1495810907636836696	parsec.facesim	1800	38	1.200000	1.101000	1.321000	901067630	51135	22678	169294051	234966	344697644	113
1495810908146149123	parsec.facesim	1800	38	1.100000	1.095000	1.311000	901074625	50572	23090	170252131	234738	346965025	112
1495810908655418633	parsec.facesim	1800	38	1.100000	1.098000	1.315000	901078870	53230	23813	172047395	238124	350811101	113
1495810909164660143	parsec.facesim	1800	38	1.100000	1.099000	1.316000	901159420	52314	23660	170709714	236106	348370271	113
1495810909673885028	parsec.facesim	1800	38	1.100000	1.104000	1.322000	901082815	53401	23187	169789346	237344	345946395	113
1495810910183120747	parsec.facesim	1800	38	1.100000	1.101000	1.318000	901071665	52092	23640	173095010	239214	352991455	112
1495810910692307757	parsec.facesim	1800	38	1.100000	1.113000	1.333000	901070444	52743	23450	170009700	234580	346369676	113
1495810911201603017	parsec.facesim	1800	38	1.100000	1.101000	1.318000	901092211	49671	21727	170813552	235729	348652947	113
1495810911710822360	parsec.facesim	1800	38	1.100000	1.098000	1.315000	901079970	52423	22810	170299451	237515	347040712	113
1495810912220273953	parsec.facesim	1800	38	1.100000	1.096000	1.313000	901064964	51915	23411	171061093	235717	348809892	112
1495810912729547171	parsec.facesim	1800	38	1.200000	1.104000	1.324000	901073726	52470	23673	172434794	238527	351597847	113
1495810913238680307	parsec.facesim	1800	38	1.100000	1.110000	1.329000	901163565	51586	22781	172258655	239381	352008339	113
1495810913747870358	parsec.facesim	1800	38	1.100000	1.096000	1.313000	901066995	51794	22675	171168357	236658	348670951	113
1495810914257324701	parsec.facesim	1800	38	1.100000	1.104000	1.322000	901219760	51477	23267	173699571	240476	354540089	112
1495810914766688128	parsec.facesim	1800	38	1.100000	1.111000	1.330000	901095520	53317	23550	171283138	236969	349166112	114
1495810915275958263	parsec.facesim	1800	38	1.100000	1.097000	1.314000	901093885	52030	23383	170994194	236378	348556774	112
1495810915785217815	parsec.facesim	1800	38	1.100000	1.101000	1.318000	901093945	52507	23678	170368827	235626	347597981	113
1495810916294613366	parsec.facesim	1800	38	1.100000	1.099000	1.316000	901085425	51376	23303	169769868	236901	345903511	112
1495810916803837793	parsec.facesim	1800	38	1.100000	1.098000	1.315000	901233885	51602	23337	171191865	236510	348905341	113
1495810917312984303	parsec.facesim	1800	38	1.100000	1.111000	1.330000	901298140	5400568	28666	343916253	4658485	688708884	127
1495810917822222105	parsec.facesim	1800	38	1.200000	1.382000	1.658000	901230385	7497729	27053	399448337	6656727	811818393	110
1495810918331392448	parsec.facesim	1800	38	1.200000	1.371000	1.645000	901235690	7321717	28507	395802302	6654338	808141463	117
1495810918840640167	parsec.facesim	1800	39	1.200000	1.361000	1.633000	901229316	2025292	167723	333737290	5157335	748553430	421
1495810919350502592	parsec.facesim	1800	39	1.200000	1.376000	1.651000	901323359	2247301	873432	291379225	1517227	646788191	1859
1495810919860141685	parsec.facesim	1800	38	1.200000	1.398000	1.678000	617616274	4045493	1194559	124143959	1578434	271996693	20340
1495810920369990611	parsec.freqmine	1800	38	1.100000	0.752000	0.900000	901482144	9420792	2731934	197745847	3236069	382827511	47745
1495810920879793870	parsec.freqmine	1800	38	1.200000	1.186000	1.423000	901302795	9245099	2690838	202843497	3193503	400432311	46986
1495810921389753379	parsec.freqmine	1800	38	1.200000	1.193000	1.431000	901422197	6065583	1795107	162006315	2184961	332950413	31485
1495810921899007431	parsec.freqmine	1800	38	1.200000	1.193000	1.431000	901244960	207597	104133	77787847	196797	187172983	1227
1495810922408064483	parsec.freqmine	1800	37	1.100000	0.991000	1.187000	901251640	210463	107469	78069550	199770	187467156	1280
1495810922917219660	parsec.freqmine	1800	37	1.100000	0.991000	1.187000	901268329	204105	103922	77806390	188549	187043482	1223
1495810923426448503	parsec.freqmine	1800	37	1.100000	0.992000	1.188000	901248964	204376	102986	77743774	187928	186934308	1219
1495810923935622597	parsec.freqmine	1800	37	1.100000	0.992000	1.188000	901489901	207392	104280	77850958	188760	187104336	1225
1495810924444809648	parsec.freqmine	1800	37	1.100000	0.992000	1.188000	901077234	206657	103887	77797560	188138	187068645	1223
1495810924953917992	parsec.freqmine	1800	37	1.100000	0.991000	1.187000	901069083	207546	104338	77815701	187488	187098708	1225
1495810925463014461	parsec.freqmine	1800	37	1.100000	0.992000	1.188000	901094969	206782	103929	77802346	185887	187051178	1224
1495810925972177554	parsec.freqmine	1800	36	1.100000	0.991000	1.187000	901086998	207979	103994	77760982	188751	187025452	1225
1495810926481523481	parsec.freqmine	1800	37	1.100000	0.991000	1.187000	901106752	207461	104016	77782265	186253	186998271	1222
1495810926990672449	parsec.freqmine	1800	37	1.100000	0.992000	1.188000	901104164	203796	103155	77783354	187643	187018955	1224
1495810927499919709	parsec.freqmine	1800	36	1.100000	0.991000	1.187000	901084081	206454	103768	77714948	187494	186917514	1220
1495810928009070803	parsec.freqmine	1800	36	1.100000	0.991000	1.187000	901302274	205215	103820	77843915	188566	187125130	1228
1495810928518172938	parsec.freqmine	1800	36	1.100000	0.990000	1.186000	901082139	207111	103531	77759363	185836	186983017	1225
1495810929027396781	parsec.freqmine	1800	36	1.100000	0.991000	1.187000	901076402	279366	150840	116838728	351175	471005873	1889
1495810929536744833	parsec.freqmine	1800	37	1.100000	0.991000	1.187000	901082660	284380	156285	219878621	671990	1304940532	1596
1495810930045808093	parsec.freqmine	1800	38	1.200000	1.394000	1.672000	901075405	809554	438836	184804502	8303929	803952525	6466
1495810930555239686	parsec.freqmine	1800	37	1.200000	1.303000	1.563000	901115524	1817889	996578	206422340	5187298	464578157	16284
1495810931064429446	parsec.freqmine	1800	37	1.200000	1.168000	1.401000	901115586	263089	106868	376908902	1843190	796518732	1348
1495810931573504582	parsec.freqmine	1800	38	1.200000	1.362000	1.634000	901090020	116163	27031	520918049	797189	997406520	122
1495810932082731133	parsec.freqmine	1800	38	1.200000	1.440000	1.729000	901183286	109868	26534	554542172	656909	1035530502	113
1495810932591832769	parsec.freqmine	1800	39	1.200000	1.456000	1.748000	901078248	114944	26604	530077842	802800	1002486284	118
1495810933101013445	parsec.freqmine	1800	39	1.200000	1.435000	1.723000	901078987	114176	26444	530954339	834455	997444251	117
1495810933610123122	parsec.freqmine	1800	39	1.200000	1.441000	1.730000	901250860	110636	25759	562633376	611760	1048718788	112
1495810934119206174	parsec.freqmine	1800	39	1.200000	1.454000	1.746000	901092090	110916	25587	557059542	666866	1035655948	112
1495810934628379976	parsec.freqmine	1800	39	1.200000	1.462000	1.755000	901075339	93820	26671	542072854	768913	1016945197	114
1495810935137513903	parsec.freqmine	1800	39	1.200000	1.449000	1.740000	901076294	109157	25032	563381731	657944	1047428924	112
1495810935646635205	parsec.freqmine	1800	39	1.200000	1.454000	1.746000	901069185	111833	26243	560093211	672886	1040959874	112
1495810936156075256	parsec.freqmine	1800	39	1.200000	1.454000	1.746000	901318518	112333	26416	549511518	747228	1021907505	113
1495810936665321391	parsec.freqmine	1800	39	1.200000	1.457000	1.749000	901078166	113059	27125	545639074	710782	1022906722	115
1495810937174375985	parsec.freqmine	1800	39	1.200000	1.442000	1.731000	901077221	106984	25356	557368646	656946	1038475796	112
1495810937683425953	parsec.freqmine	1800	39	1.200000	1.452000	1.743000	901078842	108536	25074	553318863	728224	1030151552	110
1495810938192558380	parsec.freqmine	1800	39	1.200000	1.452000	1.743000	901078277	109156	25258	546487748	768416	1017339722	112
1495810938701789057	parsec.freqmine	1800	39	1.200000	1.455000	1.747000	901082241	113464	26052	544784292	816152	1016093984	114
1495810939211006859	parsec.freqmine	1800	39	1.200000	1.455000	1.747000	901078474	109051	25143	559187970	742666	1034155436	112
1495810939720176785	parsec.freqmine	1800	39	1.200000	1.462000	1.755000	901073347	113555	26146	541367575	842921	1009441315	112
1495810940229281671	parsec.freqmine	1800	39	1.200000	1.451000	1.742000	901082873	113693	25899	552240439	775469	1023605919	116
1495810940738425681	parsec.freqmine	1800	39	1.200000	1.450000	1.741000	901073633	109996	25843	561976829	728555	1039884323	112
1495810941247553941	parsec.freqmine	1800	39	1.200000	1.454000	1.746000	901091902	112451	26171	549517892	836343	1016052639	113
1495810941756667535	parsec.freqmine	1800	39	1.200000	1.442000	1.731000	901067130	112487	25954	541352090	812327	1014111495	115
1495810942265709420	parsec.freqmine	1800	39	1.200000	1.451000	1.742000	901059885	111300	24908	544590953	870851	1009684112	113
1495810942774922555	parsec.freqmine	1800	39	1.200000	1.454000	1.746000	901078236	104456	26100	546338379	852091	1012079770	112
1495810943284230982	parsec.freqmine	1800	39	1.200000	1.456000	1.748000	901211671	114316	25535	525091177	896863	991142783	116
1495810943793424075	parsec.freqmine	1800	39	1.200000	1.402000	1.683000	901072115	96493	27461	396579822	1019801	888963157	129
1495810944302672918	parsec.freqmine	1800	39	1.200000	1.219000	1.462000	901071765	109756	34207	320594759	1167004	764800758	183
1495810944811904262	parsec.freqmine	1800	39	1.200000	1.373000	1.648000	901266110	183913	69815	399358571	1251661	820978043	843
1495810945321169105	parsec.freqmine	1800	39	1.200000	1.287000	1.544000	901077475	161611	71007	282127465	2189067	695785019	764
1495810945830295449	parsec.freqmine	1800	39	1.200000	1.296000	1.555000	901070010	161400	69938	297664791	2748041	724220105	770
1495810946339437209	parsec.freqmine	1800	39	1.200000	1.323000	1.587000	901068245	178044	76775	296308312	2926775	686934248	811
1495810946849414468	parsec.streamcluster	1800	38	1.200000	1.226000	1.471000	616243033	5459688	1597406	143372304	2102733	286755604	27320
1495810947359277477	parsec.streamcluster	1800	38	1.200000	1.185000	1.422000	901263938	9248993	2688617	203881290	3163934	404366158	46818
1495810947869202069	parsec.streamcluster	1800	38	1.200000	1.189000	1.426000	901124527	4857376	1501580	273562954	2216539	583930449	26255
1495810948378486496	parsec.streamcluster	1800	39	1.200000	1.199000	1.438000	901086601	63539	24352	297141014	1132582	682069741	146
1495810948887953047	parsec.streamcluster	1800	39	1.200000	1.419000	1.704000	901097189	56497	20806	297716816	1127728	683782096	112
1495810949397424140	parsec.streamcluster	1800	39	1.200000	1.426000	1.712000	901100031	58314	21347	297414223	1127991	683218986	113
1495810949906805775	parsec.streamcluster	1800	40	1.200000	1.426000	1.711000	901128690	57627	21152	298558428	1131882	685669133	112
1495810950416112077	parsec.streamcluster	1800	40	1.200000	1.431000	1.718000	901093548	59399	21963	297285630	1126684	682655564	114
1495810950925593045	parsec.streamcluster	1800	40	1.200000	1.430000	1.717000	901122072	57397	22328	297695471	1128768	683847077	112
1495810951435137846	parsec.streamcluster	1800	40	1.200000	1.429000	1.714000	901267333	58396	22781	297938577	1129408	684119882	113
1495810951944562689	parsec.streamcluster	1800	40	1.200000	1.428000	1.715000	901240136	56537	22212	298093887	1129964	684461427	113
1495810952453792366	parsec.streamcluster	1800	40	1.200000	1.430000	1.717000	901229521	57484	21941	298044925	1130075	684598252	113
1495810952963058876	parsec.streamcluster	1800	40	1.200000	1.432000	1.719000	901276769	56704	21650	297231286	1135011	684817428	113
1495810953472338511	parsec.streamcluster	1800	40	1.200000	1.431000	1.718000	901102051	58166	22427	296267638	1134195	683265528	113
1495810953981778646	parsec.streamcluster	1800	40	1.200000	1.428000	1.715000	901101963	58507	21954	296223792	1131570	684084922	112
1495810954491107489	parsec.streamcluster	1800	40	1.200000	1.430000	1.717000	901104090	60227	22706	296333168	1133003	684325286	112
1495810955000317791	parsec.streamcluster	1800	40	1.200000	1.430000	1.717000	901102800	59004	22330	296195349	1136685	685099410	112
1495810955509614884	parsec.streamcluster	1800	40	1.200000	1.428000	1.715000	901102477	59455	22189	295635893	1134818	683495859	113
1495810956018862852	parsec.streamcluster	1800	40	1.200000	1.428000	1.715000	901229848	60992	22450	295304102	1149455	683531582	115
1495810956528194779	parsec.streamcluster	1800	41	1.200000	1.428000	1.715000	901107787	59051	22345	295329440	1156787	683766984	113
1495810957037472206	parsec.streamcluster	1800	41	1.200000	1.427000	1.713000	901103055	57070	21419	294948363	1164255	682994828	112
1495810957546767216	parsec.streamcluster	1800	41	1.200000	1.425000	1.711000	901094333	58522	21854	294249988	1251342	681611820	113
1495810958056394558	parsec.streamcluster	1800	41	1.200000	1.426000	1.712000	901091092	58486	22404	294612893	1276276	682841405	112
1495810958565630944	parsec.streamcluster	1800	41	1.200000	1.427000	1.713000	901095573	60496	23242	294181100	1267768	681722034	114
1495810959075008995	parsec.streamcluster	1800	41	1.200000	1.426000	1.712000	901085251	58087	22448	294123046	1271429	681683983	112
1495810959584313588	parsec.streamcluster	1800	41	1.200000	1.427000	1.713000	901082221	58206	22629	294013747	1272113	681334119	113
1495810960093550473	parsec.streamcluster	1800	41	1.200000	1.425000	1.711000	901088859	57538	22435	293996672	1268891	681380549	113
1495810960602927733	parsec.streamcluster	1800	41	1.200000	1.426000	1.712000	901085816	57742	22120	293711199	1283243	680828172	113
1495810961112317493	parsec.streamcluster	1800	41	1.200000	1.427000	1.713000	901104379	56825	22263	293167793	1308202	679696170	112
1495810961621674628	parsec.streamcluster	1800	41	1.200000	1.425000	1.711000	901096734	57458	22240	293498868	1309273	680434755	113
1495810962131091513	parsec.streamcluster	1800	41	1.200000	1.425000	1.711000	901085896	57100	21832	293516842	1304949	680607686	112
1495810962640428814	parsec.streamcluster	1800	41	1.200000	1.426000	1.712000	901219825	58747	22706	293294818	1297300	679974498	114
1495810963149767574	parsec.streamcluster	1800	41	1.200000	1.428000	1.715000	901103085	55434	21702	293346525	1304875	680169908	112
1495810963659334875	splash2x.barnes	1800	40	1.200000	1.296000	1.556000	614567102	4629293	1359114	155888533	1855890	324828166	23234
1495810964169364593	splash2x.barnes	1800	40	1.200000	1.190000	1.428000	901117836	9436915	2731184	198321628	3231986	384293837	47655
1495810964679126519	splash2x.barnes	1800	40	1.200000	1.194000	1.432000	901101389	9262915	2695037	203642804	3189086	402749840	47010
1495810965189003361	splash2x.barnes	1800	40	1.200000	1.192000	1.430000	901078595	6033254	1903579	213352327	2640592	501018590	32569
1495810965698465204	splash2x.barnes	1800	39	1.200000	1.279000	1.534000	901098055	882703	442137	127453663	2613258	290867039	6751
1495810966207733506	splash2x.barnes	1800	40	1.200000	1.194000	1.432000	901094364	54426	25984	300866721	5244555	629458670	112
1495810966716915724	splash2x.barnes	1800	40	1.200000	1.403000	1.685000	901076251	54251	22797	309142332	4862961	645175630	114
1495810967226296734	splash2x.barnes	1800	40	1.200000	1.413000	1.697000	901078900	52341	23624	309571683	4619279	646493097	112
1495810967735489744	splash2x.barnes	1800	40	1.200000	1.413000	1.697000	901085513	53564	25204	309361073	4797517	645624575	113
1495810968244743921	splash2x.barnes	1800	40	1.200000	1.414000	1.698000	901080737	54141	30140	309504358	4922343	646948635	112
1495810968753969556	splash2x.barnes	1800	40	1.200000	1.413000	1.697000	901162995	55251	43277	308984252	4981400	647255090	114
1495810969263182691	splash2x.barnes	1800	40	1.200000	1.411000	1.694000	901075080	53711	35033	307607129	5399280	642696116	113
1495810969772391326	splash2x.barnes	1800	40	1.200000	1.404000	1.686000	901093385	56978	30936	307929623	4932124	642765078	113
1495810970281588920	splash2x.barnes	1800	40	1.200000	1.406000	1.688000	901071265	54289	34662	309721039	4309872	645453776	112
1495810970790779055	splash2x.barnes	1800	40	1.200000	1.412000	1.695000	901058549	55921	27821	310186091	3946642	645849482	114
1495810971300073981	splash2x.barnes	1800	40	1.200000	1.411000	1.694000	901068710	53145	35836	310151061	4089974	645346222	112
1495810971809289075	splash2x.barnes	1800	40	1.200000	1.412000	1.695000	901067446	54653	35847	310006059	4080927	646017561	113
1495810972318382293	splash2x.barnes	1800	40	1.200000	1.413000	1.697000	901066461	53592	37056	309678618	4201012	647246095	110
1495810972827716345	splash2x.barnes	1800	40	1.200000	1.411000	1.694000	901297363	56292	35061	308567354	4669835	644096385	114
1495810973336977772	splash2x.barnes	1800	40	1.200000	1.405000	1.687000	901059571	53941	36557	308043007	5154538	642254740	112
1495810973846402281	splash2x.barnes	1800	40	1.200000	1.402000	1.683000	901055040	316845	135195	239242996	3686932	527473830	1461
1495810974355531917	splash2x.barnes	1800	40	1.200000	1.214000	1.456000	901066320	226113	95989	248464624	2866479	538667929	1067
1495810974864779468	splash2x.barnes	1800	40	1.200000	1.405000	1.687000	901049984	57010	26347	310259660	2983350	646214234	114
1495810975373906978	splash2x.barnes	1800	40	1.200000	1.413000	1.697000	901047955	53425	32544	310322282	3307683	646465722	112
1495810975883126280	splash2x.barnes	1800	40	1.200000	1.411000	1.694000	901037766	53970	29689	310390380	3251099	645923338	113
1495810976392400957	splash2x.barnes	1800	40	1.200000	1.414000	1.698000	901095435	55349	37610	310210806	3132216	648082245	114
1495810976901706508	splash2x.barnes	1800	40	1.200000	1.411000	1.694000	901071630	49654	39181	310142193	2923552	647111084	112
1495810977410942477	splash2x.barnes	1800	40	1.200000	1.410000	1.693000	901217490	54970	34484	309774681	3009640	645134196	113
1495810977920137529	splash2x.barnes	1800	40	1.200000	1.403000	1.685000	901058265	55301	32285	310389553	2928105	646470505	112
1495810978429338330	splash2x.barnes	1800	40	1.200000	1.406000	1.688000	901078544	56088	32407	310904735	3318024	646298135	114
1495810978938389341	splash2x.barnes	1800	40	1.200000	1.413000	1.695000	901075756	52976	32804	311197361	3261533	645590312	112
1495810979447615101	splash2x.barnes	1800	40	1.200000	1.412000	1.695000	901083270	55176	38711	310566024	3218103	646798683	113
1495810979957001986	splash2x.barnes	1800	40	1.200000	1.414000	1.698000	901087009	55069	35491	310656496	3251789	647180243	112
1495810980466275579	splash2x.barnes	1800	40	1.200000	1.415000	1.699000	901076766	55478	35538	309948493	2971717	646723696	114
1495810980975427922	splash2x.barnes	1800	40	1.200000	1.413000	1.697000	901155050	55959	37736	310162425	3126850	644999040	112
1495810981484817432	splash2x.barnes	1800	40	1.200000	1.405000	1.686000	901121535	57549	30025	281130202	3039096	587135307	126
1495810981994146317	splash2x.barnes	1800	40	1.200000	1.403000	1.685000	901231965	475488	198804	208729639	2406327	483977541	2406
1495810982503385535	splash2x.barnes	1800	40	1.200000	1.203000	1.443000	901091993	55533	23918	310466872	2990110	648585774	114
1495810983012584379	splash2x.barnes	1800	40	1.200000	1.404000	1.686000	901081256	53105	25405	311057846	3200942	649666521	112
1495810983521741722	splash2x.barnes	1800	40	1.200000	1.412000	1.695000	901073190	55079	27761	310881770	3298211	648807856	113
1495810984031005607	splash2x.barnes	1800	40	1.200000	1.411000	1.694000	901076536	53666	23827	311009963	3189330	649922026	112
1495810984540198076	splash2x.barnes	1800	40	1.200000	1.411000	1.694000	901075240	55755	26773	310573251	3148629	650059745	113
1495810985049463794	splash2x.barnes	1800	40	1.200000	1.413000	1.697000	901166120	55570	40318	310655263	2784318	650145840	113
1495810985558672554	splash2x.barnes	1800	40	1.200000	1.402000	1.683000	901106405	55714	38353	310015457	3056362	646562409	113
1495810986067832981	splash2x.barnes	1800	40	1.200000	1.404000	1.686000	901083045	56225	33610	309680641	2880985	647072567	112
1495810986577144408	splash2x.barnes	1800	40	1.200000	1.406000	1.688000	901250950	57598	34032	310681183	3204908	648030264	114
1495810987086377626	splash2x.barnes	1800	40	1.200000	1.412000	1.694000	901223906	54583	32700	310979732	3325205	646773948	112
1495810987595474845	splash2x.barnes	1800	40	1.200000	1.412000	1.695000	901208129	55201	37654	310540221	3114413	647628031	113
1495810988104723521	splash2x.barnes	1800	40	1.200000	1.414000	1.698000	901206153	54050	37487	310430309	3254023	647354335	112
1495810988613844281	splash2x.barnes	1800	40	1.200000	1.415000	1.699000	901441652	56025	39788	310319189	3031019	649080572	114
1495810989122953000	splash2x.barnes	1800	40	1.200000	1.413000	1.697000	901240769	54780	39840	310157630	2978617	646787853	112
1495810989632054969	splash2x.barnes	1800	40	1.200000	1.404000	1.686000	901216221	57992	30379	310354995	3130242	646610299	113
1495810990141342645	splash2x.barnes	1800	40	1.200000	1.404000	1.686000	901218530	479835	199449	179473994	2349361	425339978	2428
1495810990650453239	splash2x.barnes	1800	40	1.200000	1.203000	1.443000	901209859	57583	32877	310188609	2999928	647393815	114
1495810991159597957	splash2x.barnes	1800	40	1.200000	1.404000	1.686000	901213111	54651	30837	311030869	3106457	648934508	110
1495810991668755884	splash2x.barnes	1800	40	1.200000	1.411000	1.694000	901213505	56615	31266	310834044	3394326	648765734	113
1495810992177994686	splash2x.barnes	1800	40	1.200000	1.410000	1.693000	901294435	57288	30071	311093396	3221038	649435013	113
1495810992687211446	splash2x.barnes	1800	40	1.200000	1.411000	1.694000	901086185	56884	28979	310677796	3183577	649460229	113
1495810993196387664	splash2x.barnes	1800	40	1.200000	1.411000	1.694000	901075689	55448	41545	310387242	2901442	649754186	112
1495810993705594758	splash2x.barnes	1800	40	1.200000	1.401000	1.682000	901062221	57146	36240	310226877	2973391	647572276	113
1495810994214784434	splash2x.barnes	1800	40	1.200000	1.402000	1.683000	901077860	56256	35067	310317461	2892604	647968755	112
1495810994724116319	splash2x.barnes	1800	40	1.200000	1.405000	1.687000	901073523	57888	31822	311017150	3176075	648254193	114
1495810995233407746	splash2x.barnes	1800	40	1.200000	1.411000	1.694000	901078852	54900	32759	311314942	3387983	647799215	112
1495810995742634631	splash2x.barnes	1800	40	1.200000	1.411000	1.694000	901088461	55453	35857	311297744	3287604	648858471	113
1495810996251772683	splash2x.barnes	1800	40	1.200000	1.413000	1.697000	901090573	54362	35747	311109773	3203959	648469523	112
1495810996761105943	splash2x.barnes	1800	40	1.200000	1.413000	1.697000	901178591	55778	35577	311054338	3190938	649870132	114
1495810997270210286	splash2x.barnes	1800	40	1.200000	1.411000	1.694000	901101815	56001	38263	310423239	2994041	647709679	112
1495810997779438713	splash2x.barnes	1800	40	1.200000	1.402000	1.683000	901083460	57146	35373	310602098	3085290	647661563	113
1495810998289031348	splash2x.fmm	1800	39	1.200000	1.401000	1.681000	615886845	1153284	354107	165858422	1929109	352261015	5619
1495810998798781107	splash2x.fmm	1800	39	1.100000	0.780000	0.933000	901280431	9499620	2765607	195184210	3271532	374940693	48221
1495810999308637241	splash2x.fmm	1800	39	1.200000	1.187000	1.424000	901118703	9298285	2705702	201885248	3213947	396837486	47354
1495810999818368459	splash2x.fmm	1800	39	1.200000	1.193000	1.431000	901247146	8870857	2623198	201532860	3155798	400466476	46022
1495811000327690177	splash2x.fmm	1800	39	1.200000	1.153000	1.383000	901096069	736190	404527	121475215	931792	319995382	5956
1495811000836931104	splash2x.fmm	1800	39	1.200000	1.165000	1.398000	901239431	2186114	1432765	149684554	5201184	293572611	23424
1495811001346112864	splash2x.fmm	1800	39	1.200000	1.161000	1.393000	901081695	66784	24345	155743523	3801981	586053876	121
1495811001855448416	splash2x.fmm	1800	39	1.200000	1.276000	1.531000	901209934	69359	25273	168202704	5293889	742413265	113
1495811002364567676	splash2x.fmm	1800	39	1.200000	1.299000	1.558000	901070151	68968	24659	173525423	4708490	766161881	112
1495811002873713478	splash2x.fmm	1800	39	1.200000	1.294000	1.552000	901086080	70016	25475	165652112	5568615	730307731	114
1495811003383030071	splash2x.fmm	1800	39	1.200000	1.266000	1.519000	901076650	65973	24978	170769552	5105171	754581094	112
1495811003892243539	splash2x.fmm	1800	39	1.200000	1.300000	1.560000	901070670	67843	24377	173200983	4749688	764109847	113
1495811004401444966	splash2x.fmm	1800	39	1.200000	1.271000	1.525000	901064335	66270	23401	214869452	2560888	960434947	112
1495811004910551851	splash2x.fmm	1800	39	1.200000	1.434000	1.722000	901155155	69132	23692	189384864	540175	834601177	117
1495811005419625820	splash2x.fmm	1800	39	1.200000	1.143000	1.371000	901071500	63921	25129	135997428	4105242	433624255	125
1495811005928812247	splash2x.fmm	1800	39	1.200000	1.278000	1.533000	901078775	69658	25597	174979357	4563467	772350349	112
1495811006437872299	splash2x.fmm	1800	39	1.200000	1.283000	1.539000	901119999	64944	25595	169816403	5277094	750682627	114
1495811006946997767	splash2x.fmm	1800	39	1.200000	1.298000	1.557000	901261506	65028	25237	168137913	5189741	741496179	112
1495811007456111111	splash2x.fmm	1800	39	1.200000	1.265000	1.518000	901060200	68370	24731	173941502	4666132	768213117	113
1495811007965135246	splash2x.fmm	1800	39	1.200000	1.300000	1.560000	901074855	65115	24470	185223888	4280161	821724066	112
1495811008474227548	splash2x.fmm	1800	39	1.200000	1.292000	1.550000	901183165	64654	23579	241851816	240171	1082171536	116
1495811008983422266	splash2x.fmm	1800	39	1.200000	1.440000	1.729000	901098585	69024	25184	109573717	3629695	377941038	125
1495811009492594985	splash2x.fmm	1800	39	1.200000	1.308000	1.569000	901090670	73077	24781	170766198	4464752	686329960	112
1495811010001701328	splash2x.fmm	1800	39	1.200000	1.208000	1.449000	901088935	69041	24558	169001581	5293063	746070413	112
1495811010510920630	splash2x.fmm	1800	39	1.200000	1.273000	1.527000	901082195	69179	25100	173409548	4687886	765369447	114
1495811011020027765	splash2x.fmm	1800	39	1.200000	1.307000	1.568000	901212149	66764	24407	163560377	5837818	721351232	112
1495811011529153650	splash2x.fmm	1800	39	1.200000	1.269000	1.522000	901080176	68635	24670	171655659	4915030	757126369	113
1495811012038185119	splash2x.fmm	1800	39	1.200000	1.297000	1.556000	901083790	66991	24258	168416514	5295515	743259111	112
1495811012547280588	splash2x.fmm	1800	39	1.200000	1.297000	1.556000	901174570	65571	24264	240301763	943321	1078813599	114
1495811013056404181	splash2x.fmm	1800	40	1.200000	1.451000	1.742000	901076740	64233	23943	139612978	1921748	560534840	123
1495811013565535108	splash2x.fmm	1800	39	1.100000	1.111000	1.330000	901088290	68561	25888	160558337	4427935	591685731	118
1495811014074649368	splash2x.fmm	1800	39	1.200000	1.250000	1.500000	901083400	68169	25187	168539050	5132909	742993671	112
1495811014583917962	splash2x.fmm	1800	39	1.200000	1.278000	1.533000	901078215	71172	25185	170710152	5070298	753360298	114
1495811015092993097	splash2x.fmm	1800	39	1.200000	1.291000	1.549000	901088640	68946	24744	167782162	5330846	740151350	112
1495811015602082857	splash2x.fmm	1800	39	1.200000	1.269000	1.522000	901090170	67943	25120	168146246	5340901	742625216	113
1495811016111200701	splash2x.fmm	1800	39	1.200000	1.304000	1.564000	901092399	69977	24879	174243538	4572346	768713653	112
1495811016620412252	splash2x.fmm	1800	39	1.200000	1.288000	1.545000	901270866	67805	24770	210082253	2813870	937607173	114
1495811017129666471	splash2x.fmm	1800	40	1.200000	1.269000	1.522000	901080124	65185	23803	203472995	434579	901993308	114
1495811017638894397	splash2x.fmm	1800	39	1.200000	1.442000	1.731000	901087186	60479	25769	128842053	3819160	400073479	127
1495811018147945908	splash2x.fmm	1800	39	1.100000	1.112000	1.332000	901078225	68656	24676	163867906	5755609	722839447	112
1495811018657166751	splash2x.fmm	1800	39	1.200000	1.261000	1.513000	901089184	69839	25286	173363452	4641381	764070193	114
1495811019166342553	splash2x.fmm	1800	39	1.200000	1.280000	1.536000	901075911	68920	24804	167622704	5546983	740338196	112
1495811019675468646	splash2x.fmm	1800	39	1.200000	1.282000	1.538000	901075915	68336	24595	167132419	5376800	736830828	113
1495811020184935906	splash2x.fmm	1800	39	1.200000	1.284000	1.540000	901086670	65440	23655	171589573	4969782	757234254	112
1495811020694071708	splash2x.fmm	1800	39	1.200000	1.293000	1.551000	901312460	66410	24339	180360440	4575676	798928322	114
1495811021203253260	splash2x.fmm	1800	39	1.200000	1.332000	1.599000	901234730	61439	22233	247388702	205396	1108276064	114
1495811021712603520	splash2x.fmm	1800	39	1.200000	1.371000	1.646000	618044491	536257	171187	80225324	1178230	278008386	2415
1495811022222478654	splash2x.radiosity	1800	39	1.100000	0.786000	0.940000	901419750	9309872	2700408	202396210	3196236	396239780	46974
1495811022732572746	splash2x.radiosity	1800	39	1.200000	1.188000	1.425000	901218711	9340545	2708332	201376006	3211645	394844117	47286
1495811023242283047	splash2x.radiosity	1800	39	1.200000	1.195000	1.434000	901227655	9038847	2633537	205301484	3157844	410015083	46120
1495811023752648056	splash2x.radiosity	1800	39	1.200000	1.198000	1.437000	901243259	4022310	2482954	197173923	3292761	371147117	43464
1495811024262579815	splash2x.radiosity	1800	39	1.200000	1.192000	1.430000	901392515	4135776	2782654	215459850	3731699	359866429	49727
1495811024772640365	splash2x.radiosity	1800	39	1.200000	1.181000	1.417000	901280040	4163076	2781853	217019572	3688770	362317627	50048
1495811025283079415	splash2x.radiosity	1800	38	1.200000	1.173000	1.407000	901275920	1215564	831869	85745703	1212216	163909457	14597
1495811025792484092	splash2x.radiosity	1800	39	1.200000	1.166000	1.399000	901289205	681058	325826	312804754	996080	915830026	4684
1495811026301624727	splash2x.radiosity	1800	40	1.200000	1.437000	1.725000	901210272	94478	79059	344446235	832026	1075214970	112
1495811026810717529	splash2x.radiosity	1800	40	1.200000	1.479000	1.776000	901227206	97649	33842	350578869	822124	1036755429	114
1495811027319895039	splash2x.radiosity	1800	40	1.200000	1.441000	1.730000	901213291	99248	47299	346141732	788884	1020870143	110
1495811027828975174	splash2x.radiosity	1800	40	1.200000	1.448000	1.739000	901200120	101309	45898	341308311	867485	1026201347	112
1495811028338043934	splash2x.radiosity	1800	40	1.200000	1.452000	1.743000	901234139	98233	49579	333306574	985020	1032854700	112
1495811028847179986	splash2x.radiosity	1800	40	1.200000	1.475000	1.771000	901202580	97466	54868	331738681	973768	1015770135	113
1495811029356387955	splash2x.radiosity	1800	40	1.200000	1.469000	1.764000	901206040	97341	50407	345683374	838203	1024992526	112
1495811029865533757	splash2x.radiosity	1800	40	1.200000	1.441000	1.730000	901208221	98506	43177	346107583	878060	1024563657	113
1495811030374668225	splash2x.radiosity	1800	40	1.200000	1.454000	1.746000	901213915	100912	63222	343451319	788961	1014515494	112
1495811030883886818	splash2x.radiosity	1800	40	1.200000	1.458000	1.751000	901313366	101899	44386	351088809	706445	999177219	114
1495811031393236328	splash2x.radiosity	1800	40	1.200000	1.432000	1.719000	901083978	100624	50932	344687919	763817	998044388	112
1495811031902479838	splash2x.radiosity	1800	40	1.200000	1.454000	1.746000	901175689	97507	35796	355499256	737324	989883975	114
1495811032411653474	splash2x.radiosity	1800	40	1.200000	1.441000	1.729000	901086461	98221	36417	345327342	851769	998443704	112
1495811032920672984	splash2x.radiosity	1800	40	1.200000	1.441000	1.730000	901074035	98991	32979	348299253	860242	1005951900	113
1495811033429804369	splash2x.radiosity	1800	40	1.200000	1.442000	1.731000	901066089	98188	41813	342462126	855635	960654191	112
1495811033938883129	splash2x.radiosity	1800	40	1.200000	1.437000	1.725000	901065499	98244	42720	340019904	860931	947658995	113
1495811034447946306	splash2x.radiosity	1800	40	1.200000	1.445000	1.735000	901062645	96702	46082	350351943	717930	1013458811	112
1495811034957101441	splash2x.radiosity	1800	40	1.200000	1.464000	1.758000	901067968	101218	46947	346743008	811073	1008711417	114
1495811035466322910	splash2x.radiosity	1800	40	1.200000	1.451000	1.742000	901205320	97200	34046	334740863	851655	1071961410	114
1495811035975460212	splash2x.radiosity	1800	40	1.200000	1.465000	1.759000	901095451	87938	34205	332560540	847800	1034127449	112
1495811036484903888	splash2x.radiosity	1800	40	1.200000	1.474000	1.770000	901242045	89773	28360	332258311	545063	990636434	113
1495811036994073982	splash2x.radiosity	1800	40	1.200000	1.440000	1.729000	901048443	96249	26804	338298250	482312	1017138068	112
1495811037503147533	splash2x.radiosity	1800	40	1.200000	1.444000	1.734000	901081110	99082	27818	349255940	523454	1020455563	113
1495811038012320127	splash2x.radiosity	1800	40	1.200000	1.442000	1.731000	901084457	101602	28794	340296426	461006	968253876	112
1495811038521649595	splash2x.radiosity	1800	40	1.200000	1.444000	1.734000	901067739	102035	29420	340535272	528614	957868567	114
1495811039030966147	splash2x.radiosity	1800	40	1.200000	1.430000	1.717000	901074176	100099	29648	341821036	567341	993150762	112
1495811039540050657	splash2x.radiosity	1800	40	1.200000	1.443000	1.733000	901180575	102901	30459	336074915	574901	966414238	114
1495811040049204709	splash2x.radiosity	1800	40	1.200000	1.441000	1.730000	901072593	99432	32697	338057883	610628	1017762782	112
1495811040558292511	splash2x.radiosity	1800	40	1.200000	1.442000	1.731000	901217080	100355	29613	351411204	600371	1008958248	113
1495811041067472229	splash2x.radiosity	1800	40	1.200000	1.454000	1.746000	901090380	102571	30038	349222145	587956	991941833	112
1495811041576736656	splash2x.radiosity	1800	40	1.200000	1.444000	1.734000	901082955	96996	30297	356262945	674209	940122396	113
1495811042085977124	splash2x.radiosity	1800	40	1.200000	1.450000	1.741000	901085097	93590	30267	365755432	621337	944292256	112
1495811042595069926	splash2x.radiosity	1800	40	1.200000	1.425000	1.711000	901078596	97389	40914	349273272	645975	973745345	114
1495811043104177853	splash2x.radiosity	1800	40	1.200000	1.455000	1.747000	901126277	93973	32552	359190824	771990	969475314	112
1495811043613223988	splash2x.radiosity	1800	40	1.200000	1.455000	1.747000	901073082	97943	38435	348021547	950298	943852404	114
1495811044122396290	splash2x.radiosity	1800	40	1.200000	1.449000	1.740000	901077161	98238	34426	359294085	855828	976518917	112
1495811044631586759	splash2x.radiosity	1800	40	1.200000	1.437000	1.725000	901082267	96786	35685	351540784	838836	983410789	113
1495811045140664269	splash2x.radiosity	1800	40	1.200000	1.455000	1.747000	901090670	97186	43830	352475006	822039	999016479	112
1495811045650232195	splash2x.radiosity	1800	40	1.200000	1.454000	1.746000	901094342	97219	44637	347885602	796483	981596271	113
1495811046159391164	splash2x.radiosity	1800	40	1.200000	1.456000	1.748000	901098729	96619	41923	340785340	873063	974003353	112
1495811046668470382	splash2x.radiosity	1800	40	1.200000	1.432000	1.719000	901087605	97444	39001	348592618	786210	1001362064	114
1495811047177615892	splash2x.radiosity	1800	40	1.200000	1.445000	1.735000	901079405	99281	36830	345603219	869114	974249661	110
1495811047686858944	splash2x.radiosity	1800	40	1.200000	1.443000	1.733000	901078051	103286	36442	346856881	797767	989186607	114
1495811048195980704	splash2x.radiosity	1800	40	1.200000	1.441000	1.730000	901285930	101368	29986	337623782	586114	990658716	112
1495811048705164214	splash2x.radiosity	1800	40	1.200000	1.427000	1.712000	901080293	107211	31452	337215068	513327	957622869	113
1495811049214245308	splash2x.radiosity	1800	40	1.200000	1.419000	1.704000	901089562	104109	35010	342803197	701430	926735524	112
1495811049723453026	splash2x.radiosity	1800	40	1.200000	1.433000	1.721000	901074790	108304	33924	342985266	930162	930223417	113
1495811050232642328	splash2x.radiosity	1800	40	1.200000	1.434000	1.722000	901207844	106750	37165	341069291	953272	943602216	112
1495811050741799463	splash2x.radiosity	1800	40	1.200000	1.422000	1.707000	901089501	111156	35560	331201321	895244	929381809	114
1495811051250981640	splash2x.radiosity	1800	40	1.200000	1.412000	1.695000	901090914	114154	34587	322197944	909686	884208375	112
1495811051760251025	splash2x.radiosity	1800	40	1.200000	1.403000	1.685000	901137370	121514	36403	306664378	1149755	843954442	113
1495811052269395410	splash2x.radiosity	1800	40	1.200000	1.358000	1.630000	901268061	116750	33482	253858635	1631794	671235915	112
1495811052778639920	splash2x.radiosity	1800	40	1.200000	1.205000	1.446000	901250904	86051	26897	169002979	2301528	404572105	115
1495811053287834222	splash2x.radiosity	1800	39	1.200000	1.154000	1.384000	901080371	60995	24213	252013028	547067	756756138	129
1495811053796960524	splash2x.radiosity	1800	39	1.200000	1.099000	1.318000	901088350	158040	47384	252345777	574216	712891147	134
1495811054306882533	splash2x.raytrace	1800	39	1.200000	1.172000	1.406000	617396303	5393370	1593647	138561533	2012178	279964669	27204
1495811054816683001	splash2x.raytrace	1800	39	1.200000	1.183000	1.419000	901224666	9378445	2746813	198401025	3209359	385447530	47705
1495811055326831218	splash2x.raytrace	1800	39	1.200000	1.188000	1.425000	901104191	9187834	2684429	204368369	3149434	405277177	46942
1495811055835967145	splash2x.raytrace	1800	39	1.200000	1.196000	1.435000	901280226	6162465	1507781	237630432	2195493	610016743	25486
1495811056344972988	splash2x.raytrace	1800	39	1.200000	1.278000	1.533000	901074785	91460	27151	268350092	1569449	648111900	132
1495811056854110998	splash2x.raytrace	1800	40	1.200000	1.551000	1.862000	901242100	91738	27119	267634128	1553253	635978977	113
1495811057363167342	splash2x.raytrace	1800	40	1.200000	1.554000	1.866000	901217351	82566	25756	268226346	1562483	643860647	112
1495811057872247311	splash2x.raytrace	1800	40	1.200000	1.559000	1.872000	901199038	89563	26045	271219672	1599488	648876272	113
1495811058381343654	splash2x.raytrace	1800	40	1.200000	1.554000	1.867000	901191764	85662	26593	268240081	1516598	642340919	112
1495811058890423289	splash2x.raytrace	1800	40	1.200000	1.555000	1.867000	901200185	93176	27666	265547120	1508820	624987211	114
1495811059399633008	splash2x.raytrace	1800	40	1.200000	1.553000	1.865000	901198685	90712	27442	266050198	1523217	622586193	112
1495811059908728226	splash2x.raytrace	1800	40	1.200000	1.555000	1.867000	901304962	91023	28119	266552624	1495512	627419310	114
1495811060417905153	splash2x.raytrace	1800	40	1.200000	1.553000	1.866000	901241998	87709	26886	264931333	1491359	631626464	112
1495811060927137788	splash2x.raytrace	1800	40	1.200000	1.553000	1.865000	901078975	91041	27371	265313565	1497590	629171422	113
1495811061436322882	splash2x.raytrace	1800	40	1.200000	1.547000	1.857000	901083485	89606	27155	267938163	1506742	636866509	112
1495811061945442225	splash2x.raytrace	1800	40	1.200000	1.556000	1.868000	901070475	86516	26597	267966928	1526209	640931698	113
1495811062454544569	splash2x.raytrace	1800	40	1.200000	1.553000	1.865000	901080427	85734	27312	261649959	1471901	622863047	112
1495811062963736037	splash2x.raytrace	1800	40	1.200000	1.519000	1.824000	901061168	89326	27869	259711623	1443796	610995967	114
1495811063472912422	splash2x.raytrace	1800	40	1.200000	1.536000	1.844000	901076265	88643	27754	255592659	1409220	604800024	112
1495811063982246932	splash2x.raytrace	1800	40	1.200000	1.551000	1.862000	901189190	89395	27760	265548964	1482001	629260575	114
1495811064491405859	splash2x.raytrace	1800	40	1.200000	1.547000	1.859000	901080037	86544	26718	265321169	1475535	628203604	112
1495811065000590077	splash2x.raytrace	1800	40	1.200000	1.559000	1.872000	901076748	90413	27917	266413926	1480073	633247817	113
1495811065509748129	splash2x.raytrace	1800	41	1.200000	1.552000	1.863000	901139775	86695	27140	263420207	1448893	620919931	113
1495811066018823390	splash2x.raytrace	1800	40	1.200000	1.550000	1.861000	901243310	79772	27358	267249210	1495493	629917296	112
1495811066527936316	splash2x.raytrace	1800	40	1.200000	1.556000	1.868000	901034525	92860	27467	267657509	1500441	637098745	112
1495811067037094160	splash2x.raytrace	1800	40	1.200000	1.552000	1.863000	901086847	87005	28350	266892602	1451934	627345241	112
1495811067546643128	splash2x.raytrace	1800	40	1.200000	1.551000	1.862000	901240785	90814	28668	255348581	1408034	603105108	121
1495811068055747805	splash2x.raytrace	1800	40	1.200000	1.556000	1.868000	901086838	82430	27681	252276276	1381888	592049836	112
1495811068564941773	splash2x.raytrace	1800	41	1.200000	1.526000	1.832000	901080007	82928	28747	252757492	1383349	594917047	113
1495811069074068033	splash2x.raytrace	1800	41	1.200000	1.527000	1.833000	901085298	86761	27053	252968998	1388588	592381090	112
1495811069583148502	splash2x.raytrace	1800	40	1.200000	1.519000	1.824000	901237325	86953	28220	261544550	1437676	610340019	113
1495811070092295637	splash2x.raytrace	1800	41	1.200000	1.532000	1.839000	901119132	89824	27892	268605241	1458706	625547401	112
1495811070601587230	splash2x.raytrace	1800	41	1.200000	1.559000	1.872000	901127578	91974	28970	267048362	1454538	623076276	114
1495811071110710741	splash2x.raytrace	1800	41	1.200000	1.557000	1.869000	901122275	91138	28656	269226884	1449529	623164754	112
1495811071619872501	splash2x.raytrace	1800	40	1.200000	1.557000	1.869000	901197757	88864	28622	264151099	1436861	614412144	114
1495811072128963011	splash2x.raytrace	1800	41	1.200000	1.550000	1.861000	901128395	88059	27629	263453882	1440937	615315058	112
1495811072638053063	splash2x.raytrace	1800	40	1.200000	1.548000	1.859000	901126765	92558	28499	261467574	1426338	614741140	113
1495811073147206448	splash2x.raytrace	1800	41	1.200000	1.540000	1.849000	901122198	84259	26756	265261235	1417300	632782848	112
1495811073656401000	splash2x.raytrace	1800	41	1.200000	1.550000	1.861000	901123370	85685	27414	261176409	1416443	618337357	113
1495811074165523718	splash2x.raytrace	1800	41	1.200000	1.534000	1.842000	901112497	86337	27482	255896466	1389015	602754902	112
1495811074674961311	splash2x.raytrace	1800	41	1.200000	1.535000	1.843000	901119284	88213	28146	257502294	1403940	603924463	114
1495811075184248696	splash2x.raytrace	1800	41	1.200000	1.535000	1.843000	901131106	86619	27196	259343393	1421196	604927057	112
1495811075693369957	splash2x.raytrace	1800	40	1.200000	1.536000	1.844000	901346745	90848	28908	267206385	1458622	620084432	114
1495811076202507092	splash2x.raytrace	1800	41	1.200000	1.560000	1.873000	901122793	89279	27664	269038438	1463286	621593354	112
1495811076711626185	splash2x.raytrace	1800	41	1.200000	1.557000	1.869000	901125020	90919	28604	271795737	1469199	624100144	113
1495811077220766821	splash2x.raytrace	1800	41	1.200000	1.564000	1.878000	901109882	87375	28290	263073821	1433258	608784226	112
1495811077730071914	splash2x.raytrace	1800	41	1.200000	1.548000	1.859000	901113455	88604	28264	263228451	1441232	608798797	113
1495811078239129341	splash2x.raytrace	1800	41	1.200000	1.554000	1.866000	901117643	88718	28413	261861551	1418637	606803373	112
1495811078748209393	splash2x.raytrace	1800	41	1.200000	1.545000	1.855000	901118902	91584	28512	263695015	1425288	620701345	114
1495811079257350570	splash2x.raytrace	1800	41	1.200000	1.552000	1.863000	901117674	78016	26278	260406668	1426261	628837528	112
1495811079766490163	splash2x.raytrace	1800	41	1.200000	1.542000	1.851000	901423399	89382	28856	261270614	1456060	616379888	114
1495811080275566715	splash2x.raytrace	1800	41	1.200000	1.547000	1.857000	901081570	87853	28148	261590567	1443334	612100072	112
1495811080784936808	splash2x.raytrace	1800	41	1.200000	1.536000	1.844000	901068692	87403	28965	262065723	1443023	613884389	113
1495811081294147693	splash2x.raytrace	1800	41	1.200000	1.554000	1.866000	901104044	90613	28406	264071077	1454897	617566720	112
1495811081803425620	splash2x.raytrace	1800	41	1.200000	1.553000	1.865000	901090911	90889	28215	268800095	1468329	620292798	113
1495811082312595213	splash2x.raytrace	1800	41	1.200000	1.558000	1.871000	901086018	89329	28105	268837394	1474534	622253127	112
1495811082821860307	splash2x.raytrace	1800	41	1.200000	1.563000	1.877000	901079990	88336	28706	267021689	1475503	618082974	114
1495811083331129317	splash2x.raytrace	1800	41	1.200000	1.556000	1.868000	901087442	87078	28765	264607461	1450507	614272515	112
1495811083840265077	splash2x.raytrace	1800	41	1.200000	1.546000	1.856000	901176845	90202	29267	261986672	1434850	606815330	114
1495811084349363670	splash2x.raytrace	1800	41	1.200000	1.540000	1.849000	901087890	86882	26929	265443498	1417297	625875376	112
1495811084858430389	splash2x.raytrace	1800	41	1.200000	1.548000	1.859000	901080315	89736	28121	267434605	1497438	631868127	113
1495811085367574316	splash2x.raytrace	1800	41	1.200000	1.556000	1.868000	901090550	91322	28447	267217427	1489254	625200540	112
1495811085876824618	splash2x.raytrace	1800	41	1.200000	1.554000	1.866000	901075323	89878	28366	265567050	1461096	620227954	113
1495811086386145419	splash2x.raytrace	1800	41	1.200000	1.554000	1.866000	901077247	88286	28075	263463583	1451813	618735951	113
1495811086895362638	splash2x.raytrace	1800	41	1.200000	1.545000	1.855000	901112845	88405	28811	263903640	1460191	615013946	112
1495811087404549481	splash2x.raytrace	1800	41	1.200000	1.547000	1.857000	901080108	88441	28228	266205251	1469721	619233118	112
1495811087913758199	splash2x.raytrace	1800	41	1.200000	1.548000	1.859000	901221167	91237	28382	266405324	1455503	616798626	114
1495811088422868668	splash2x.raytrace	1800	41	1.200000	1.552000	1.863000	901081285	87125	27529	266148201	1417811	624756205	112
1495811088932112636	splash2x.raytrace	1800	41	1.200000	1.547000	1.857000	901078103	85611	27005	268289494	1427594	636163288	113
1495811089441426605	splash2x.raytrace	1800	41	1.200000	1.548000	1.859000	901238753	92961	27825	267757992	1473807	631840010	112
1495811089950664490	splash2x.raytrace	1800	41	1.200000	1.549000	1.860000	901080314	87849	28289	267252904	1500057	626390277	113
1495811090459884583	splash2x.raytrace	1800	41	1.200000	1.550000	1.861000	901081248	92023	28554	269328701	1521973	626379053	112
1495811090968972260	splash2x.raytrace	1800	41	1.200000	1.552000	1.863000	803284269	419791	136395	236175583	1313480	555814801	1757
1495811091478734853	splash2x.water_nsquared	1800	40	1.100000	0.894000	1.070000	714758211	7327140	2120377	160886134	2521724	315955323	36851
1495811091988784487	splash2x.water_nsquared	1800	40	1.200000	1.192000	1.430000	901546814	9378006	2713384	199758026	3193336	389539202	47458
1495811092498342621	splash2x.water_nsquared	1800	40	1.200000	1.196000	1.435000	901220045	9194661	2661691	206502302	3144755	412558449	46602
1495811093007638798	splash2x.water_nsquared	1800	40	1.200000	1.223000	1.467000	901406771	4082519	925574	374622203	1363025	1059616545	16158
1495811093516779558	splash2x.water_nsquared	1800	41	1.200000	1.768000	2.125000	901208444	68898	22349	619787030	506088	1663653767	112
1495811094026013193	splash2x.water_nsquared	1800	41	1.200000	1.774000	2.132000	901186753	69508	22258	621423923	508042	1666617393	113
1495811094535084620	splash2x.water_nsquared	1800	41	1.200000	1.776000	2.134000	901191506	68302	22302	624953425	512289	1673366027	112
1495811095044201755	splash2x.water_nsquared	1800	42	1.200000	1.779000	2.138000	901297660	68867	21382	622533443	509891	1668456483	113
1495811095553199599	splash2x.water_nsquared	1800	42	1.200000	1.777000	2.135000	901205486	63741	22848	612283138	499197	1648312335	113
1495811096062302692	splash2x.water_nsquared	1800	42	1.200000	1.766000	2.122000	901314376	68781	21690	601759252	484656	1646946720	112
1495811096571832244	splash2x.water_nsquared	1800	42	1.200000	1.766000	2.122000	901205736	69849	22754	591949709	472147	1652029546	113
1495811097080989379	splash2x.water_nsquared	1800	42	1.200000	1.755000	2.109000	901219750	70146	21910	580000724	454644	1657857162	112
1495811097590011431	splash2x.water_nsquared	1800	42	1.200000	1.747000	2.099000	901208918	70905	22267	572041615	445450	1654739966	113
1495811098099123899	splash2x.water_nsquared	1800	42	1.200000	1.738000	2.089000	901212596	69725	22445	563442469	430726	1666212983	112
1495811098608273160	splash2x.water_nsquared	1800	42	1.200000	1.730000	2.079000	901466420	74642	24423	558440054	453419	1553898165	120
1495811099117434170	splash2x.water_nsquared	1800	42	1.200000	1.725000	2.073000	901272450	74608	23749	606583844	496435	1609785462	112
1495811099626617888	splash2x.water_nsquared	1800	42	1.200000	1.787000	2.147000	901089345	75852	24467	604930445	495460	1610260165	115
1495811100135647732	splash2x.water_nsquared	1800	42	1.200000	1.784000	2.144000	901068410	73102	23695	606421641	496451	1610351757	112
1495811100644857742	splash2x.water_nsquared	1800	42	1.200000	1.787000	2.147000	901079801	75932	24658	608471630	500764	1611673767	113
1495811101153921710	splash2x.water_nsquared	1800	42	1.200000	1.789000	2.150000	901081143	73623	23527	607043580	498193	1611609680	112
1495811101663034221	splash2x.water_nsquared	1800	42	1.200000	1.790000	2.151000	901077342	73938	24411	604736134	494160	1616958006	113
1495811102172126773	splash2x.water_nsquared	1800	42	1.200000	1.789000	2.150000	901082495	76485	24413	595512070	481192	1617637330	112
1495811102681326574	splash2x.water_nsquared	1800	42	1.200000	1.777000	2.135000	901200804	77053	25453	584718520	467217	1620719922	115
1495811103190415626	splash2x.water_nsquared	1800	42	1.200000	1.766000	2.122000	901077108	74989	23455	572479128	449604	1623803131	112
1495811103699641428	splash2x.water_nsquared	1800	42	1.200000	1.755000	2.109000	901076561	75974	23968	565843610	441521	1623664193	113
1495811104208719897	splash2x.water_nsquared	1800	42	1.200000	1.748000	2.101000	901085222	73923	23836	555236099	425298	1629132008	112
1495811104717789823	splash2x.water_nsquared	1800	42	1.200000	1.742000	2.093000	901068714	75644	24711	545111732	445859	1525880688	117
1495811105226956000	splash2x.water_nsquared	1800	42	1.200000	1.694000	2.036000	901076204	75102	24536	605471945	494812	1610112463	112
1495811105736316510	splash2x.water_nsquared	1800	42	1.200000	1.789000	2.150000	901070968	75844	24426	605810162	495742	1610971506	113
1495811106245386020	splash2x.water_nsquared	1800	43	1.200000	1.790000	2.151000	901082772	73165	23324	606851061	497778	1607661865	112
1495811106754540572	splash2x.water_nsquared	1800	43	1.200000	1.790000	2.151000	901171262	76779	25012	607437153	498927	1611038480	112
1495811107263700749	splash2x.water_nsquared	1800	42	1.200000	1.789000	2.150000	901080068	73521	24121	605987212	495768	1612417679	112
1495811107772881592	splash2x.water_nsquared	1800	43	1.200000	1.792000	2.153000	901074404	75665	24973	605822359	496001	1614764613	113
1495811108282049936	splash2x.water_nsquared	1800	43	1.200000	1.787000	2.147000	901084236	74660	24440	597175069	483504	1615778272	112
1495811108791360238	splash2x.water_nsquared	1800	43	1.200000	1.780000	2.139000	901229269	75515	24908	584415871	465976	1621534322	113
1495811109300489873	splash2x.water_nsquared	1800	43	1.200000	1.767000	2.123000	901082785	75433	24463	573967755	451635	1620286105	112
1495811109809759549	splash2x.water_nsquared	1800	43	1.200000	1.756000	2.110000	901067940	76071	25201	566988829	442039	1627525213	113
1495811110318836435	splash2x.water_nsquared	1800	43	1.200000	1.750000	2.103000	901067092	75217	24127	554711525	425420	1621748263	112
1495811110827999403	splash2x.water_nsquared	1800	43	1.200000	1.739000	2.090000	901165275	78263	26474	540342493	438610	1533584014	123
1495811111337183538	splash2x.water_nsquared	1800	43	1.200000	1.672000	2.009000	901087799	73706	25382	605405569	493574	1610994142	112
1495811111846513757	splash2x.water_nsquared	1800	43	1.200000	1.789000	2.150000	901078589	75046	25213	606108215	496304	1607211617	113
1495811112355640517	splash2x.water_nsquared	1800	43	1.200000	1.788000	2.149000	901070246	72984	24566	606511619	497323	1606636861	112
1495811112864991152	splash2x.water_nsquared	1800	43	1.200000	1.790000	2.151000	901076741	75180	25365	607241080	498177	1614332021	113
1495811113374144203	splash2x.water_nsquared	1800	43	1.200000	1.793000	2.155000	901077976	73768	25079	606633360	496559	1614053382	112
1495811113883311755	splash2x.water_nsquared	1800	43	1.200000	1.792000	2.153000	901075917	74087	24781	606570292	496955	1610214258	113
1495811114392499099	splash2x.water_nsquared	1800	43	1.200000	1.790000	2.151000	901068930	75277	24624	598371973	485102	1618814314	112
1495811114901822900	splash2x.water_nsquared	1800	43	1.200000	1.775000	2.133000	901070433	76292	25315	584332104	465593	1619916203	115
1495811115411084577	splash2x.water_nsquared	1800	43	1.200000	1.767000	2.123000	901153852	75778	25321	576512814	454759	1619397072	112
1495811115920265754	splash2x.water_nsquared	1800	43	1.200000	1.759000	2.114000	901070581	75688	24635	566548691	441414	1628607631	113
1495811116429412139	splash2x.water_nsquared	1800	43	1.200000	1.748000	2.101000	901067139	75563	24567	557304857	428728	1621464973	112
1495811116938656941	splash2x.water_nsquared	1800	43	1.200000	1.744000	2.096000	901102442	71786	25367	542993395	435574	1572421264	117
1495811117447835867	splash2x.water_nsquared	1800	43	1.200000	1.735000	2.085000	901066849	71456	25164	568381384	482975	1564515603	112
1495811117957003836	splash2x.water_nsquared	1800	43	1.200000	1.768000	2.125000	901066044	73878	24976	570017924	485731	1564671958	113
1495811118466331179	splash2x.water_nsquared	1800	43	1.200000	1.769000	2.126000	901072082	73430	24653	567751314	482895	1560109674	112
1495811118976180855	splash2x.water_nsquared	1800	43	1.200000	1.768000	2.125000	901198721	74833	25566	566962506	481404	1562709481	114
1495811119485375282	splash2x.water_nsquared	1800	43	1.200000	1.769000	2.126000	901180082	71984	25097	569615585	484137	1567489406	113
1495811119994464792	splash2x.water_nsquared	1800	43	1.200000	1.770000	2.127000	901070903	74000	25288	569916374	485633	1565620526	113
1495811120503547344	splash2x.water_nsquared	1800	43	1.200000	1.770000	2.127000	901082080	72082	25152	561810297	472355	1573826710	112
1495811121012670729	splash2x.water_nsquared	1800	43	1.200000	1.760000	2.115000	901067166	75523	25362	554020054	459147	1586496390	113
1495811121521927364	splash2x.water_nsquared	1800	43	1.200000	1.753000	2.107000	901041951	73843	25211	548762477	450402	1594192406	112
1495811122031148749	splash2x.water_nsquared	1800	43	1.200000	1.746000	2.098000	901039533	74943	25758	539085254	434982	1602791664	113
1495811122540173593	splash2x.water_nsquared	1800	43	1.200000	1.736000	2.086000	901035426	74295	25232	533580400	426586	1604041860	112
