#Timestamp	CPU(0) Frequency(MHz)	CPU(0) Temperature(C)	A7 Voltage(V)	A7 Current(A)	A7 Power(W)	CPU(4) Frequency(MHz)	CPU(4) Temperature(C)	A15 Voltage(V)	A15 Current(A)	A15 Power(W)	GPU Frequency(MHz)	GPU Temperature(C)	GPU Voltage(V)	GPU Current(A)	GPU Power(W)	RAM Voltage(V)	RAM Current(A)	RAM Power(W)
1495810857713470737	1400 37 1.200000 0.190000 0.239000 1800 30 1.000000 0.226000 0.238000 600 32 0.900000 0.064000 0.063000 1.200000 0.044000 0.053000
1495810858223281788	1400 39 1.200000 0.094000 0.119000 1800 31 1.200000 1.161000 1.393000 600 34 0.900000 0.064000 0.063000 1.200000 0.014000 0.016000
1495810858733025798	1400 39 1.200000 0.095000 0.121000 1800 32 1.200000 1.172000 1.406000 600 34 0.900000 0.065000 0.064000 1.200000 0.013000 0.015000
1495810859243071973	1400 40 1.200000 0.094000 0.119000 1800 32 1.200000 1.179000 1.414000 600 35 0.900000 0.065000 0.064000 1.200000 0.016000 0.019000
1495810859752788983	1400 40 1.200000 0.097000 0.123000 1800 33 1.200000 1.180000 1.416000 600 36 0.900000 0.066000 0.065000 1.200000 0.067000 0.081000
1495810860262677742	1400 43 1.200000 0.099000 0.126000 1800 34 1.100000 1.169000 1.400000 600 36 0.900000 0.066000 0.065000 1.200000 0.061000 0.074000
1495810860772242710	1400 43 1.200000 0.101000 0.128000 1800 34 1.200000 1.374000 1.648000 600 37 0.900000 0.067000 0.066000 1.200000 0.046000 0.055000
1495810861281419970	1400 45 1.200000 0.099000 0.126000 1800 35 1.200000 1.447000 1.737000 600 37 0.900000 0.067000 0.066000 1.200000 0.044000 0.053000
1495810861790740105	1400 45 1.200000 0.096000 0.122000 1800 35 1.200000 1.373000 1.647000 600 37 0.900000 0.067000 0.066000 1.200000 0.032000 0.038000
1495810862300128573	1400 45 1.200000 0.094000 0.119000 1800 35 1.200000 1.452000 1.742000 600 37 0.900000 0.068000 0.067000 1.200000 0.035000 0.042000
1495810862809550458	1400 46 1.200000 0.095000 0.120000 1800 35 1.200000 1.408000 1.691000 600 38 0.900000 0.068000 0.067000 1.200000 0.034000 0.041000
1495810863318945426	1400 46 1.200000 0.100000 0.127000 1800 36 1.200000 1.456000 1.747000 600 38 0.900000 0.068000 0.067000 1.200000 0.033000 0.040000
1495810863828150061	1400 46 1.200000 0.103000 0.131000 1800 36 1.200000 1.443000 1.733000 600 38 0.900000 0.068000 0.067000 1.200000 0.036000 0.043000
1495810864337486154	1400 46 1.200000 0.101000 0.128000 1800 36 1.200000 1.425000 1.711000 600 38 0.900000 0.068000 0.067000 1.200000 0.038000 0.046000
1495810864847022289	1400 45 1.200000 0.098000 0.124000 1800 36 1.200000 1.323000 1.587000 600 39 0.900000 0.069000 0.068000 1.200000 0.024000 0.029000
1495810865356569173	1400 45 1.200000 0.096000 0.122000 1800 36 1.200000 1.304000 1.564000 600 39 0.900000 0.068000 0.067000 1.200000 0.017000 0.020000
1495810865866042058	1400 45 1.200000 0.098000 0.124000 1800 36 1.200000 1.318000 1.581000 600 39 0.900000 0.069000 0.068000 1.200000 0.016000 0.019000
1495810866375461776	1400 45 1.200000 0.100000 0.127000 1800 36 1.200000 1.304000 1.564000 600 39 0.900000 0.069000 0.068000 1.200000 0.016000 0.019000
1495810866885013953	1400 45 1.200000 0.094000 0.119000 1800 36 1.200000 1.309000 1.570000 600 39 0.900000 0.068000 0.067000 1.200000 0.014000 0.016000
1495810867394577545	1400 45 1.200000 0.095000 0.120000 1800 36 1.200000 1.303000 1.563000 600 39 0.900000 0.069000 0.068000 1.200000 0.016000 0.019000
1495810867903995014	1400 45 1.200000 0.095000 0.120000 1800 36 1.200000 1.301000 1.561000 600 39 0.900000 0.069000 0.068000 1.200000 0.015000 0.018000
1495810868413436815	1400 45 1.200000 0.094000 0.119000 1800 36 1.200000 1.299000 1.558000 600 39 0.900000 0.069000 0.068000 1.200000 0.015000 0.018000
1495810868922940866	1400 45 1.200000 0.094000 0.119000 1800 36 1.200000 1.317000 1.580000 600 39 0.900000 0.069000 0.068000 1.200000 0.016000 0.019000
1495810869432316585	1400 45 1.200000 0.094000 0.119000 1800 36 1.200000 1.305000 1.566000 600 39 0.900000 0.069000 0.068000 1.200000 0.015000 0.018000
1495810869941746136	1400 45 1.200000 0.096000 0.122000 1800 36 1.200000 1.300000 1.560000 600 39 0.900000 0.069000 0.068000 1.200000 0.017000 0.020000
1495810870451227854	1400 45 1.200000 0.099000 0.125000 1800 36 1.200000 1.317000 1.580000 600 39 0.900000 0.069000 0.068000 1.200000 0.015000 0.018000
1495810870960667780	1400 45 1.200000 0.096000 0.122000 1800 36 1.200000 1.310000 1.572000 600 39 0.900000 0.069000 0.068000 1.200000 0.016000 0.019000
1495810871470110124	1400 45 1.200000 0.097000 0.123000 1800 37 1.200000 1.293000 1.551000 600 39 0.900000 0.069000 0.068000 1.200000 0.017000 0.020000
1495810871979536800	1400 45 1.200000 0.098000 0.124000 1800 36 1.200000 1.279000 1.534000 600 39 0.900000 0.069000 0.068000 1.200000 0.016000 0.019000
1495810872488987268	1400 45 1.200000 0.101000 0.128000 1800 36 1.200000 1.286000 1.543000 600 39 0.900000 0.069000 0.068000 1.200000 0.014000 0.016000
1495810872998299153	1400 46 1.200000 0.102000 0.129000 1800 36 1.200000 1.280000 1.536000 600 39 0.900000 0.069000 0.068000 1.200000 0.014000 0.016000
1495810873507610038	1400 45 1.200000 0.099000 0.126000 1800 36 1.200000 1.274000 1.528000 600 39 0.900000 0.069000 0.068000 1.200000 0.016000 0.019000
1495810874016960923	1400 46 1.200000 0.095000 0.120000 1800 37 1.200000 1.288000 1.545000 600 39 0.900000 0.069000 0.068000 1.200000 0.017000 0.020000
1495810874526239224	1400 45 1.200000 0.097000 0.123000 1800 37 1.200000 1.273000 1.527000 600 39 0.900000 0.069000 0.068000 1.200000 0.015000 0.018000
1495810875035718109	1400 46 1.200000 0.101000 0.128000 1800 37 1.200000 1.279000 1.534000 600 39 0.900000 0.069000 0.068000 1.200000 0.014000 0.016000
1495810875545275827	1400 46 1.200000 0.095000 0.120000 1800 37 1.200000 1.277000 1.532000 600 39 0.900000 0.069000 0.068000 1.200000 0.014000 0.016000
1495810876054709629	1400 45 1.200000 0.094000 0.119000 1800 37 1.200000 1.289000 1.546000 600 39 0.900000 0.069000 0.068000 1.200000 0.014000 0.016000
1495810876564026139	1400 45 1.200000 0.096000 0.122000 1800 37 1.200000 1.286000 1.543000 600 39 0.900000 0.069000 0.068000 1.200000 0.014000 0.016000
1495810877073828523	1400 46 1.200000 0.096000 0.122000 1800 37 1.200000 1.280000 1.536000 600 39 0.900000 0.069000 0.068000 1.200000 0.014000 0.016000
1495810877583415907	1400 46 1.200000 0.098000 0.124000 1800 37 1.200000 1.279000 1.534000 600 39 0.900000 0.069000 0.068000 1.200000 0.017000 0.020000
1495810878092830584	1400 46 1.200000 0.102000 0.129000 1800 37 1.200000 1.275000 1.530000 600 39 0.900000 0.069000 0.068000 1.200000 0.017000 0.020000
1495810878602158219	1400 46 1.200000 0.102000 0.129000 1800 37 1.200000 1.280000 1.536000 600 39 0.900000 0.069000 0.068000 1.200000 0.017000 0.020000
1495810879111501270	1400 46 1.200000 0.101000 0.128000 1800 37 1.200000 1.269000 1.522000 600 39 0.900000 0.069000 0.068000 1.200000 0.015000 0.018000
1495810879620716322	1400 45 1.200000 0.097000 0.123000 1800 37 1.200000 1.286000 1.543000 600 39 0.900000 0.069000 0.068000 1.200000 0.015000 0.018000
1495810880130094540	1400 46 1.200000 0.096000 0.122000 1800 37 1.200000 1.280000 1.536000 600 39 0.900000 0.069000 0.068000 1.200000 0.015000 0.018000
1495810880639417050	1400 46 1.200000 0.096000 0.122000 1800 37 1.200000 1.278000 1.533000 600 39 0.900000 0.069000 0.068000 1.200000 0.014000 0.016000
1495810881149189643	1400 46 1.200000 0.124000 0.157000 1800 37 1.200000 1.306000 1.567000 600 40 0.900000 0.069000 0.068000 1.200000 0.016000 0.019000
1495810881658713361	1400 46 1.200000 0.104000 0.132000 1800 37 1.200000 1.275000 1.530000 600 40 0.900000 0.070000 0.069000 1.200000 0.026000 0.031000
1495810882168583870	1400 45 1.200000 0.110000 0.139000 1800 37 1.200000 1.277000 1.532000 600 40 0.900000 0.069000 0.068000 1.200000 0.025000 0.030000
1495810882678182671	1400 46 1.200000 0.107000 0.136000 1800 37 1.200000 1.286000 1.543000 600 40 0.900000 0.070000 0.069000 1.200000 0.024000 0.029000
1495810883187572098	1400 46 1.200000 0.097000 0.123000 1800 37 1.200000 1.271000 1.525000 600 40 0.900000 0.069000 0.068000 1.200000 0.016000 0.019000
1495810883697084399	1400 46 1.200000 0.101000 0.128000 1800 37 1.200000 1.272000 1.526000 600 40 0.900000 0.069000 0.068000 1.200000 0.015000 0.018000
1495810884206481700	1400 46 1.200000 0.104000 0.132000 1800 37 1.200000 1.275000 1.530000 600 40 0.900000 0.070000 0.069000 1.200000 0.015000 0.018000
1495810884715945543	1400 45 1.200000 0.096000 0.122000 1800 37 1.200000 1.276000 1.531000 600 40 0.900000 0.069000 0.068000 1.200000 0.014000 0.016000
1495810885225255637	1400 46 1.200000 0.099000 0.125000 1800 37 1.200000 1.272000 1.526000 600 40 0.900000 0.070000 0.069000 1.200000 0.015000 0.018000
1495810885734677647	1400 46 1.200000 0.097000 0.123000 1800 37 1.200000 1.275000 1.530000 600 40 0.900000 0.069000 0.068000 1.200000 0.017000 0.020000
1495810886244175615	1400 46 1.200000 0.098000 0.124000 1800 37 1.200000 1.273000 1.527000 600 40 0.900000 0.069000 0.068000 1.200000 0.015000 0.018000
1495810886753605791	1400 46 1.200000 0.104000 0.132000 1800 37 1.200000 1.286000 1.543000 600 40 0.900000 0.070000 0.069000 1.200000 0.018000 0.021000
1495810887262909343	1400 46 1.200000 0.103000 0.131000 1800 37 1.200000 1.279000 1.534000 600 40 0.900000 0.070000 0.069000 1.200000 0.016000 0.019000
1495810887772135978	1400 45 1.200000 0.102000 0.129000 1800 37 1.200000 1.275000 1.530000 600 40 0.900000 0.070000 0.069000 1.200000 0.017000 0.020000
1495810888281534196	1400 46 1.200000 0.099000 0.125000 1800 37 1.200000 1.282000 1.538000 600 40 0.900000 0.069000 0.068000 1.200000 0.015000 0.018000
1495810888790728623	1400 46 1.200000 0.096000 0.122000 1800 37 1.200000 1.272000 1.526000 600 40 0.900000 0.070000 0.069000 1.200000 0.015000 0.018000
1495810889300161424	1400 46 1.200000 0.096000 0.122000 1800 37 1.200000 1.287000 1.544000 600 40 0.900000 0.070000 0.069000 1.200000 0.015000 0.018000
1495810889809557351	1400 46 1.200000 0.096000 0.122000 1800 37 1.200000 1.279000 1.534000 600 40 0.900000 0.069000 0.068000 1.200000 0.015000 0.018000
1495810890318925194	1400 46 1.200000 0.095000 0.120000 1800 37 1.200000 1.277000 1.532000 600 40 0.900000 0.069000 0.068000 1.200000 0.015000 0.018000
1495810890828328995	1400 46 1.200000 0.096000 0.122000 1800 38 1.200000 1.276000 1.531000 600 40 0.900000 0.070000 0.069000 1.200000 0.015000 0.018000
1495810891337689130	1400 46 1.200000 0.096000 0.122000 1800 37 1.200000 1.284000 1.540000 600 40 0.900000 0.069000 0.068000 1.200000 0.014000 0.016000
1495810891847033515	1400 46 1.200000 0.096000 0.122000 1800 37 1.200000 1.275000 1.530000 600 40 0.900000 0.069000 0.068000 1.200000 0.018000 0.021000
1495810892356749858	1400 46 1.200000 0.101000 0.128000 1800 37 1.200000 1.278000 1.533000 600 40 0.900000 0.069000 0.068000 1.200000 0.015000 0.018000
1495810892866306201	1400 46 1.200000 0.102000 0.129000 1800 38 1.200000 1.275000 1.530000 600 40 0.900000 0.070000 0.069000 1.200000 0.016000 0.019000
1495810893375674335	1400 44 1.200000 0.096000 0.122000 1800 37 1.200000 1.268000 1.521000 600 40 0.900000 0.070000 0.069000 1.200000 0.015000 0.018000
1495810893886000219	1400 45 1.200000 0.108000 0.137000 1800 37 1.100000 0.724000 0.866000 600 40 0.900000 0.070000 0.069000 1.200000 0.046000 0.055000
1495810894395630854	1400 45 1.200000 0.102000 0.129000 1800 37 1.200000 1.181000 1.417000 600 40 0.900000 0.069000 0.068000 1.200000 0.017000 0.020000
1495810894905447571	1400 45 1.200000 0.104000 0.132000 1800 37 1.200000 1.186000 1.423000 600 40 0.900000 0.069000 0.068000 1.200000 0.016000 0.019000
1495810895415111706	1400 45 1.200000 0.106000 0.134000 1800 37 1.200000 1.293000 1.551000 600 40 0.900000 0.069000 0.068000 1.200000 0.021000 0.025000
1495810895924857632	1400 45 1.200000 0.104000 0.132000 1800 37 1.200000 1.286000 1.543000 600 40 0.900000 0.069000 0.068000 1.200000 0.038000 0.046000
1495810896434121683	1400 45 1.200000 0.104000 0.132000 1800 37 1.200000 1.191000 1.429000 600 40 0.900000 0.070000 0.069000 1.200000 0.073000 0.088000
1495810896943257277	1400 46 1.200000 0.099000 0.125000 1800 37 1.200000 1.120000 1.344000 600 40 0.900000 0.070000 0.069000 1.200000 0.051000 0.062000
1495810897452499537	1400 45 1.200000 0.097000 0.123000 1800 37 1.200000 1.149000 1.378000 600 40 0.900000 0.070000 0.069000 1.200000 0.045000 0.054000
1495810897961754547	1400 45 1.200000 0.094000 0.119000 1800 37 1.200000 1.150000 1.380000 600 40 0.900000 0.069000 0.068000 1.200000 0.052000 0.063000
1495810898471112473	1400 44 1.200000 0.096000 0.122000 1800 37 1.200000 1.175000 1.410000 600 40 0.900000 0.070000 0.069000 1.200000 0.041000 0.049000
1495810898980298650	1400 44 1.200000 0.097000 0.123000 1800 37 1.100000 1.100000 1.317000 600 40 0.900000 0.070000 0.069000 1.200000 0.042000 0.051000
1495810899489526202	1400 44 1.200000 0.101000 0.128000 1800 37 1.100000 1.098000 1.315000 600 40 0.900000 0.070000 0.069000 1.200000 0.041000 0.049000
1495810899998705795	1400 46 1.200000 0.099000 0.126000 1800 37 1.100000 1.095000 1.311000 600 40 0.900000 0.070000 0.069000 1.200000 0.038000 0.046000
1495810900507918472	1400 49 1.200000 0.096000 0.122000 1800 38 1.200000 1.240000 1.488000 600 41 0.900000 0.069000 0.068000 1.200000 0.040000 0.048000
1495810901017050024	1400 47 1.200000 0.097000 0.123000 1800 38 1.200000 1.931000 2.322000 600 41 0.900000 0.070000 0.069000 1.200000 0.014000 0.016000
1495810901526241492	1400 47 1.200000 0.102000 0.129000 1800 38 1.200000 1.236000 1.483000 600 40 0.900000 0.070000 0.069000 1.200000 0.046000 0.055000
1495810902035447752	1400 48 1.200000 0.104000 0.132000 1800 38 1.200000 1.404000 1.684000 600 40 0.900000 0.070000 0.069000 1.200000 0.045000 0.054000
1495810902544624763	1400 48 1.200000 0.098000 0.124000 1800 38 1.200000 1.390000 1.668000 600 40 0.900000 0.070000 0.069000 1.200000 0.046000 0.055000
1495810903053885939	1400 48 1.200000 0.095000 0.120000 1800 38 1.200000 1.382000 1.659000 600 41 0.900000 0.070000 0.069000 1.200000 0.047000 0.057000
1495810903563042283	1400 48 1.200000 0.097000 0.123000 1800 38 1.200000 1.405000 1.686000 600 41 0.900000 0.070000 0.069000 1.200000 0.045000 0.054000
1495810904072173460	1400 48 1.200000 0.097000 0.123000 1800 39 1.200000 1.373000 1.648000 600 41 0.900000 0.071000 0.070000 1.200000 0.045000 0.054000
1495810904581509928	1400 48 1.200000 0.096000 0.122000 1800 38 1.200000 1.365000 1.638000 600 41 0.900000 0.071000 0.070000 1.200000 0.045000 0.054000
1495810905090666688	1400 48 1.200000 0.104000 0.132000 1800 38 1.200000 1.359000 1.630000 600 41 0.900000 0.070000 0.069000 1.200000 0.046000 0.055000
1495810905599889865	1400 45 1.200000 0.104000 0.132000 1800 38 1.200000 1.263000 1.515000 600 41 0.900000 0.071000 0.070000 1.200000 0.057000 0.069000
1495810906109115125	1400 45 1.200000 0.105000 0.133000 1800 38 1.100000 1.095000 1.311000 600 41 0.900000 0.070000 0.069000 1.200000 0.089000 0.108000
1495810906618225927	1400 44 1.200000 0.100000 0.127000 1800 38 1.200000 1.100000 1.320000 600 40 0.900000 0.070000 0.069000 1.200000 0.090000 0.109000
1495810907127478978	1400 45 1.200000 0.100000 0.127000 1800 38 1.200000 1.094000 1.312000 600 40 0.900000 0.070000 0.069000 1.200000 0.089000 0.108000
1495810907636836696	1400 44 1.200000 0.103000 0.131000 1800 38 1.200000 1.101000 1.321000 600 40 0.900000 0.070000 0.069000 1.200000 0.088000 0.107000
1495810908146149123	1400 44 1.200000 0.104000 0.132000 1800 38 1.100000 1.095000 1.311000 600 40 0.900000 0.070000 0.069000 1.200000 0.088000 0.107000
1495810908655418633	1400 45 1.200000 0.105000 0.133000 1800 38 1.100000 1.098000 1.315000 600 40 0.900000 0.070000 0.069000 1.200000 0.089000 0.108000
1495810909164660143	1400 44 1.200000 0.104000 0.132000 1800 38 1.100000 1.099000 1.316000 600 40 0.900000 0.070000 0.069000 1.200000 0.086000 0.104000
1495810909673885028	1400 44 1.200000 0.101000 0.128000 1800 38 1.100000 1.104000 1.322000 600 40 0.900000 0.070000 0.069000 1.200000 0.091000 0.110000
1495810910183120747	1400 44 1.200000 0.099000 0.125000 1800 38 1.100000 1.101000 1.318000 600 40 0.900000 0.070000 0.069000 1.200000 0.087000 0.105000
1495810910692307757	1400 44 1.200000 0.101000 0.128000 1800 38 1.100000 1.113000 1.333000 600 40 0.900000 0.070000 0.069000 1.200000 0.090000 0.109000
1495810911201603017	1400 44 1.200000 0.099000 0.126000 1800 38 1.100000 1.101000 1.318000 600 40 0.900000 0.070000 0.069000 1.200000 0.088000 0.107000
1495810911710822360	1400 44 1.200000 0.100000 0.127000 1800 38 1.100000 1.098000 1.315000 600 40 0.900000 0.070000 0.069000 1.200000 0.089000 0.108000
1495810912220273953	1400 44 1.200000 0.098000 0.124000 1800 38 1.100000 1.096000 1.313000 600 40 0.900000 0.070000 0.069000 1.200000 0.089000 0.108000
1495810912729547171	1400 44 1.200000 0.097000 0.123000 1800 38 1.200000 1.104000 1.324000 600 40 0.900000 0.070000 0.069000 1.200000 0.089000 0.108000
1495810913238680307	1400 44 1.200000 0.099000 0.126000 1800 38 1.100000 1.110000 1.329000 600 40 0.900000 0.070000 0.069000 1.200000 0.090000 0.109000
1495810913747870358	1400 44 1.200000 0.099000 0.126000 1800 38 1.100000 1.096000 1.313000 600 40 0.900000 0.070000 0.069000 1.200000 0.089000 0.108000
1495810914257324701	1400 44 1.200000 0.104000 0.132000 1800 38 1.100000 1.104000 1.322000 600 40 0.900000 0.070000 0.069000 1.200000 0.088000 0.107000
1495810914766688128	1400 44 1.200000 0.106000 0.134000 1800 38 1.100000 1.111000 1.330000 600 40 0.900000 0.070000 0.069000 1.200000 0.090000 0.109000
1495810915275958263	1400 44 1.200000 0.105000 0.133000 1800 38 1.100000 1.097000 1.314000 600 40 0.900000 0.070000 0.069000 1.200000 0.089000 0.108000
1495810915785217815	1400 44 1.200000 0.097000 0.123000 1800 38 1.100000 1.101000 1.318000 600 40 0.900000 0.070000 0.069000 1.200000 0.089000 0.108000
1495810916294613366	1400 44 1.200000 0.099000 0.125000 1800 38 1.100000 1.099000 1.316000 600 40 0.900000 0.070000 0.069000 1.200000 0.089000 0.108000
1495810916803837793	1400 44 1.200000 0.102000 0.129000 1800 38 1.100000 1.098000 1.315000 600 40 0.900000 0.070000 0.069000 1.200000 0.089000 0.108000
1495810917312984303	1400 48 1.200000 0.104000 0.132000 1800 38 1.100000 1.111000 1.330000 600 40 0.900000 0.070000 0.069000 1.200000 0.087000 0.105000
1495810917822222105	1400 47 1.200000 0.103000 0.131000 1800 38 1.200000 1.382000 1.658000 600 41 0.900000 0.070000 0.069000 1.200000 0.045000 0.054000
1495810918331392448	1400 48 1.200000 0.104000 0.132000 1800 38 1.200000 1.371000 1.645000 600 41 0.900000 0.070000 0.069000 1.200000 0.046000 0.055000
1495810918840640167	1400 48 1.200000 0.101000 0.128000 1800 39 1.200000 1.361000 1.633000 600 41 0.900000 0.070000 0.069000 1.200000 0.046000 0.055000
1495810919350502592	1400 48 1.200000 0.099000 0.125000 1800 39 1.200000 1.376000 1.651000 600 41 0.900000 0.070000 0.069000 1.200000 0.048000 0.058000
1495810919860141685	1400 45 1.200000 0.104000 0.132000 1800 38 1.200000 1.398000 1.678000 600 41 0.900000 0.071000 0.070000 1.200000 0.049000 0.059000
1495810920369990611	1400 45 1.200000 0.175000 0.220000 1800 38 1.100000 0.752000 0.900000 600 41 0.900000 0.070000 0.069000 1.200000 0.042000 0.051000
1495810920879793870	1400 46 1.200000 0.102000 0.129000 1800 38 1.200000 1.186000 1.423000 600 41 0.900000 0.070000 0.069000 1.200000 0.014000 0.016000
1495810921389753379	1400 46 1.200000 0.101000 0.128000 1800 38 1.200000 1.193000 1.431000 600 41 0.900000 0.070000 0.069000 1.200000 0.012000 0.014000
1495810921899007431	1400 44 1.200000 0.104000 0.132000 1800 38 1.200000 1.193000 1.431000 600 40 0.900000 0.070000 0.069000 1.200000 0.016000 0.019000
1495810922408064483	1400 43 1.200000 0.098000 0.124000 1800 37 1.100000 0.991000 1.187000 600 40 0.900000 0.070000 0.069000 1.200000 0.015000 0.018000
1495810922917219660	1400 43 1.200000 0.098000 0.124000 1800 37 1.100000 0.991000 1.187000 600 40 0.900000 0.070000 0.069000 1.200000 0.015000 0.018000
1495810923426448503	1400 43 1.200000 0.100000 0.127000 1800 37 1.100000 0.992000 1.188000 600 40 0.900000 0.070000 0.069000 1.200000 0.014000 0.016000
1495810923935622597	1400 43 1.200000 0.102000 0.129000 1800 37 1.100000 0.992000 1.188000 600 40 0.900000 0.070000 0.069000 1.200000 0.014000 0.016000
1495810924444809648	1400 43 1.200000 0.096000 0.122000 1800 37 1.100000 0.992000 1.188000 600 40 0.900000 0.070000 0.069000 1.200000 0.014000 0.016000
1495810924953917992	1400 43 1.200000 0.094000 0.119000 1800 37 1.100000 0.991000 1.187000 600 40 0.900000 0.070000 0.069000 1.200000 0.014000 0.016000
1495810925463014461	1400 43 1.200000 0.094000 0.119000 1800 37 1.100000 0.992000 1.188000 600 39 0.900000 0.069000 0.068000 1.200000 0.014000 0.016000
1495810925972177554	1400 43 1.200000 0.094000 0.119000 1800 36 1.100000 0.991000 1.187000 600 39 0.900000 0.069000 0.068000 1.200000 0.015000 0.018000
1495810926481523481	1400 42 1.200000 0.095000 0.120000 1800 37 1.100000 0.991000 1.187000 600 39 0.900000 0.069000 0.068000 1.200000 0.016000 0.019000
1495810926990672449	1400 43 1.200000 0.094000 0.119000 1800 37 1.100000 0.992000 1.188000 600 39 0.900000 0.069000 0.068000 1.200000 0.016000 0.019000
1495810927499919709	1400 43 1.200000 0.101000 0.128000 1800 36 1.100000 0.991000 1.187000 600 39 0.900000 0.069000 0.068000 1.200000 0.016000 0.019000
1495810928009070803	1400 43 1.200000 0.099000 0.126000 1800 36 1.100000 0.991000 1.187000 600 39 0.900000 0.069000 0.068000 1.200000 0.014000 0.016000
1495810928518172938	1400 42 1.200000 0.096000 0.122000 1800 36 1.100000 0.990000 1.186000 600 39 0.900000 0.069000 0.068000 1.200000 0.014000 0.016000
1495810929027396781	1400 42 1.200000 0.095000 0.120000 1800 36 1.100000 0.991000 1.187000 600 39 0.900000 0.069000 0.068000 1.200000 0.014000 0.016000
1495810929536744833	1400 48 1.200000 0.099000 0.126000 1800 37 1.100000 0.991000 1.187000 600 39 0.900000 0.069000 0.068000 1.200000 0.015000 0.018000
1495810930045808093	1400 48 1.200000 0.102000 0.129000 1800 38 1.200000 1.394000 1.672000 600 40 0.900000 0.069000 0.068000 1.200000 0.033000 0.040000
1495810930555239686	1400 45 1.200000 0.102000 0.129000 1800 37 1.200000 1.303000 1.563000 600 40 0.900000 0.070000 0.069000 1.200000 0.045000 0.054000
1495810931064429446	1400 46 1.200000 0.101000 0.128000 1800 37 1.200000 1.168000 1.401000 600 40 0.900000 0.070000 0.069000 1.200000 0.062000 0.075000
1495810931573504582	1400 48 1.200000 0.099000 0.125000 1800 38 1.200000 1.362000 1.634000 600 40 0.900000 0.070000 0.069000 1.200000 0.022000 0.026000
1495810932082731133	1400 49 1.200000 0.096000 0.122000 1800 38 1.200000 1.440000 1.729000 600 40 0.900000 0.070000 0.069000 1.200000 0.005000 0.006000
1495810932591832769	1400 49 1.200000 0.098000 0.124000 1800 39 1.200000 1.456000 1.748000 600 41 0.900000 0.070000 0.069000 1.200000 0.003000 0.003000
1495810933101013445	1400 49 1.200000 0.102000 0.129000 1800 39 1.200000 1.435000 1.723000 600 41 0.900000 0.070000 0.069000 1.200000 0.009000 0.010000
1495810933610123122	1400 49 1.200000 0.098000 0.124000 1800 39 1.200000 1.441000 1.730000 600 41 0.900000 0.071000 0.070000 1.200000 0.003000 0.003000
1495810934119206174	1400 49 1.200000 0.096000 0.122000 1800 39 1.200000 1.454000 1.746000 600 41 0.900000 0.071000 0.070000 1.200000 0.003000 0.003000
1495810934628379976	1400 49 1.200000 0.096000 0.122000 1800 39 1.200000 1.462000 1.755000 600 41 0.900000 0.071000 0.070000 1.200000 0.003000 0.003000
1495810935137513903	1400 49 1.200000 0.097000 0.123000 1800 39 1.200000 1.449000 1.740000 600 41 0.900000 0.071000 0.070000 1.200000 0.003000 0.003000
1495810935646635205	1400 50 1.200000 0.097000 0.123000 1800 39 1.200000 1.454000 1.746000 600 41 0.900000 0.071000 0.070000 1.200000 0.005000 0.006000
1495810936156075256	1400 50 1.200000 0.101000 0.128000 1800 39 1.200000 1.454000 1.746000 600 41 0.900000 0.071000 0.070000 1.200000 0.003000 0.003000
1495810936665321391	1400 50 1.200000 0.105000 0.133000 1800 39 1.200000 1.457000 1.749000 600 41 0.900000 0.071000 0.070000 1.200000 0.003000 0.003000
1495810937174375985	1400 50 1.200000 0.104000 0.132000 1800 39 1.200000 1.442000 1.731000 600 41 0.900000 0.071000 0.070000 1.200000 0.004000 0.004000
1495810937683425953	1400 50 1.200000 0.096000 0.122000 1800 39 1.200000 1.452000 1.743000 600 41 0.900000 0.071000 0.070000 1.200000 0.004000 0.004000
1495810938192558380	1400 50 1.200000 0.097000 0.123000 1800 39 1.200000 1.452000 1.743000 600 41 0.900000 0.071000 0.070000 1.200000 0.005000 0.006000
1495810938701789057	1400 50 1.200000 0.098000 0.124000 1800 39 1.200000 1.455000 1.747000 600 41 0.900000 0.071000 0.070000 1.200000 0.005000 0.006000
1495810939211006859	1400 50 1.200000 0.101000 0.128000 1800 39 1.200000 1.455000 1.747000 600 41 0.900000 0.071000 0.070000 1.200000 0.005000 0.006000
1495810939720176785	1400 50 1.200000 0.102000 0.129000 1800 39 1.200000 1.462000 1.755000 600 41 0.900000 0.071000 0.070000 1.200000 0.004000 0.004000
1495810940229281671	1400 50 1.200000 0.104000 0.132000 1800 39 1.200000 1.451000 1.742000 600 41 0.900000 0.071000 0.070000 1.200000 0.005000 0.006000
1495810940738425681	1400 50 1.200000 0.104000 0.132000 1800 39 1.200000 1.450000 1.741000 600 41 0.900000 0.071000 0.070000 1.200000 0.003000 0.003000
1495810941247553941	1400 50 1.200000 0.101000 0.128000 1800 39 1.200000 1.454000 1.746000 600 41 0.900000 0.071000 0.070000 1.200000 0.003000 0.003000
1495810941756667535	1400 50 1.200000 0.097000 0.123000 1800 39 1.200000 1.442000 1.731000 600 41 0.900000 0.071000 0.070000 1.200000 0.006000 0.007000
1495810942265709420	1400 50 1.200000 0.098000 0.124000 1800 39 1.200000 1.451000 1.742000 600 41 0.900000 0.071000 0.070000 1.200000 0.003000 0.003000
1495810942774922555	1400 50 1.200000 0.098000 0.124000 1800 39 1.200000 1.454000 1.746000 600 41 0.900000 0.071000 0.070000 1.200000 0.003000 0.003000
1495810943284230982	1400 49 1.200000 0.103000 0.131000 1800 39 1.200000 1.456000 1.748000 600 41 0.900000 0.071000 0.070000 1.200000 0.005000 0.006000
1495810943793424075	1400 47 1.200000 0.104000 0.132000 1800 39 1.200000 1.402000 1.683000 600 41 0.900000 0.071000 0.070000 1.200000 0.014000 0.016000
1495810944302672918	1400 47 1.200000 0.104000 0.132000 1800 39 1.200000 1.219000 1.462000 600 41 0.900000 0.071000 0.070000 1.200000 0.051000 0.062000
1495810944811904262	1400 48 1.200000 0.099000 0.125000 1800 39 1.200000 1.373000 1.648000 600 41 0.900000 0.071000 0.070000 1.200000 0.018000 0.021000
1495810945321169105	1400 48 1.200000 0.099000 0.126000 1800 39 1.200000 1.287000 1.544000 600 41 0.900000 0.071000 0.070000 1.200000 0.039000 0.047000
1495810945830295449	1400 48 1.200000 0.101000 0.128000 1800 39 1.200000 1.296000 1.555000 600 41 0.900000 0.071000 0.070000 1.200000 0.030000 0.036000
1495810946339437209	1400 48 1.200000 0.104000 0.132000 1800 39 1.200000 1.323000 1.587000 600 41 0.900000 0.071000 0.070000 1.200000 0.033000 0.040000
1495810946849414468	1400 46 1.200000 0.176000 0.222000 1800 38 1.200000 1.226000 1.471000 600 41 0.900000 0.071000 0.070000 1.200000 0.038000 0.046000
1495810947359277477	1400 46 1.200000 0.101000 0.128000 1800 38 1.200000 1.185000 1.422000 600 41 0.900000 0.070000 0.069000 1.200000 0.015000 0.018000
1495810947869202069	1400 46 1.200000 0.102000 0.129000 1800 38 1.200000 1.189000 1.426000 600 41 0.900000 0.070000 0.069000 1.200000 0.013000 0.015000
1495810948378486496	1400 47 1.200000 0.101000 0.128000 1800 39 1.200000 1.199000 1.438000 600 41 0.900000 0.070000 0.069000 1.200000 0.018000 0.021000
1495810948887953047	1400 48 1.200000 0.104000 0.132000 1800 39 1.200000 1.419000 1.704000 600 42 0.900000 0.071000 0.070000 1.200000 0.149000 0.181000
1495810949397424140	1400 48 1.200000 0.103000 0.131000 1800 39 1.200000 1.426000 1.712000 600 42 0.900000 0.071000 0.070000 1.200000 0.150000 0.183000
1495810949906805775	1400 49 1.200000 0.111000 0.141000 1800 40 1.200000 1.426000 1.711000 600 42 0.900000 0.071000 0.070000 1.200000 0.150000 0.183000
1495810950416112077	1400 49 1.200000 0.110000 0.139000 1800 40 1.200000 1.431000 1.718000 600 42 0.900000 0.072000 0.071000 1.200000 0.150000 0.183000
1495810950925593045	1400 49 1.200000 0.106000 0.134000 1800 40 1.200000 1.430000 1.717000 600 42 0.900000 0.072000 0.071000 1.200000 0.150000 0.183000
1495810951435137846	1400 49 1.200000 0.109000 0.138000 1800 40 1.200000 1.429000 1.714000 600 43 0.900000 0.072000 0.071000 1.200000 0.150000 0.183000
1495810951944562689	1400 49 1.200000 0.111000 0.141000 1800 40 1.200000 1.428000 1.715000 600 43 0.900000 0.072000 0.071000 1.200000 0.151000 0.184000
1495810952453792366	1400 49 1.200000 0.113000 0.143000 1800 40 1.200000 1.430000 1.717000 600 43 0.900000 0.072000 0.071000 1.200000 0.150000 0.183000
1495810952963058876	1400 49 1.200000 0.111000 0.141000 1800 40 1.200000 1.432000 1.719000 600 43 0.900000 0.072000 0.071000 1.200000 0.151000 0.184000
1495810953472338511	1400 49 1.200000 0.110000 0.139000 1800 40 1.200000 1.431000 1.718000 600 43 0.900000 0.072000 0.071000 1.200000 0.150000 0.183000
1495810953981778646	1400 49 1.200000 0.107000 0.136000 1800 40 1.200000 1.428000 1.715000 600 43 0.900000 0.072000 0.071000 1.200000 0.150000 0.183000
1495810954491107489	1400 49 1.200000 0.108000 0.137000 1800 40 1.200000 1.430000 1.717000 600 43 0.900000 0.072000 0.071000 1.200000 0.150000 0.183000
1495810955000317791	1400 49 1.200000 0.110000 0.140000 1800 40 1.200000 1.430000 1.717000 600 43 0.900000 0.072000 0.071000 1.200000 0.150000 0.183000
1495810955509614884	1400 50 1.200000 0.108000 0.137000 1800 40 1.200000 1.428000 1.715000 600 43 0.900000 0.072000 0.071000 1.200000 0.150000 0.183000
1495810956018862852	1400 50 1.200000 0.106000 0.134000 1800 40 1.200000 1.428000 1.715000 600 43 0.900000 0.072000 0.071000 1.200000 0.149000 0.181000
1495810956528194779	1400 50 1.200000 0.106000 0.134000 1800 41 1.200000 1.428000 1.715000 600 43 0.900000 0.072000 0.071000 1.200000 0.149000 0.181000
1495810957037472206	1400 50 1.200000 0.106000 0.134000 1800 41 1.200000 1.427000 1.713000 600 43 0.900000 0.072000 0.071000 1.200000 0.150000 0.183000
1495810957546767216	1400 50 1.200000 0.107000 0.136000 1800 41 1.200000 1.425000 1.711000 600 43 0.900000 0.072000 0.071000 1.200000 0.150000 0.183000
1495810958056394558	1400 50 1.200000 0.111000 0.141000 1800 41 1.200000 1.426000 1.712000 600 43 0.900000 0.072000 0.071000 1.200000 0.149000 0.181000
1495810958565630944	1400 50 1.200000 0.114000 0.145000 1800 41 1.200000 1.427000 1.713000 600 43 0.900000 0.072000 0.071000 1.200000 0.149000 0.181000
1495810959075008995	1400 50 1.200000 0.113000 0.143000 1800 41 1.200000 1.426000 1.712000 600 43 0.900000 0.072000 0.071000 1.200000 0.149000 0.181000
1495810959584313588	1400 50 1.200000 0.110000 0.139000 1800 41 1.200000 1.427000 1.713000 600 43 0.900000 0.072000 0.071000 1.200000 0.150000 0.183000
1495810960093550473	1400 50 1.200000 0.105000 0.133000 1800 41 1.200000 1.425000 1.711000 600 43 0.900000 0.073000 0.072000 1.200000 0.150000 0.183000
1495810960602927733	1400 50 1.200000 0.107000 0.136000 1800 41 1.200000 1.426000 1.712000 600 43 0.900000 0.073000 0.072000 1.200000 0.150000 0.183000
1495810961112317493	1400 50 1.200000 0.108000 0.137000 1800 41 1.200000 1.427000 1.713000 600 43 0.900000 0.073000 0.072000 1.200000 0.150000 0.183000
1495810961621674628	1400 50 1.200000 0.113000 0.143000 1800 41 1.200000 1.425000 1.711000 600 43 0.900000 0.073000 0.072000 1.200000 0.149000 0.181000
1495810962131091513	1400 50 1.200000 0.113000 0.143000 1800 41 1.200000 1.425000 1.711000 600 44 0.900000 0.073000 0.072000 1.200000 0.149000 0.181000
1495810962640428814	1400 50 1.200000 0.111000 0.141000 1800 41 1.200000 1.426000 1.712000 600 44 0.900000 0.073000 0.072000 1.200000 0.150000 0.183000
1495810963149767574	1400 50 1.200000 0.110000 0.139000 1800 41 1.200000 1.428000 1.715000 600 44 0.900000 0.073000 0.072000 1.200000 0.149000 0.181000
1495810963659334875	1400 43 1.200000 0.108000 0.137000 1800 40 1.200000 1.296000 1.556000 600 43 0.900000 0.073000 0.072000 1.200000 0.145000 0.176000
1495810964169364593	1400 48 1.200000 0.108000 0.137000 1800 40 1.200000 1.190000 1.428000 600 42 0.900000 0.072000 0.071000 1.200000 0.014000 0.016000
1495810964679126519	1400 48 1.200000 0.104000 0.132000 1800 40 1.200000 1.194000 1.432000 600 42 0.900000 0.072000 0.071000 1.200000 0.012000 0.014000
1495810965189003361	1400 47 1.200000 0.104000 0.132000 1800 40 1.200000 1.192000 1.430000 600 42 0.900000 0.072000 0.071000 1.200000 0.014000 0.016000
1495810965698465204	1400 47 1.200000 0.105000 0.133000 1800 39 1.200000 1.279000 1.534000 600 42 0.900000 0.072000 0.071000 1.200000 0.035000 0.042000
1495810966207733506	1400 49 1.200000 0.101000 0.128000 1800 40 1.200000 1.194000 1.432000 600 42 0.900000 0.072000 0.071000 1.200000 0.086000 0.104000
1495810966716915724	1400 49 1.200000 0.101000 0.128000 1800 40 1.200000 1.403000 1.685000 600 42 0.900000 0.072000 0.071000 1.200000 0.021000 0.025000
1495810967226296734	1400 49 1.200000 0.104000 0.132000 1800 40 1.200000 1.413000 1.697000 600 42 0.900000 0.072000 0.071000 1.200000 0.016000 0.019000
1495810967735489744	1400 49 1.200000 0.105000 0.133000 1800 40 1.200000 1.413000 1.697000 600 42 0.900000 0.072000 0.071000 1.200000 0.017000 0.020000
1495810968244743921	1400 49 1.200000 0.105000 0.133000 1800 40 1.200000 1.414000 1.698000 600 42 0.900000 0.072000 0.071000 1.200000 0.017000 0.020000
1495810968753969556	1400 49 1.200000 0.099000 0.126000 1800 40 1.200000 1.413000 1.697000 600 42 0.900000 0.072000 0.071000 1.200000 0.017000 0.020000
1495810969263182691	1400 49 1.200000 0.097000 0.123000 1800 40 1.200000 1.411000 1.694000 600 42 0.900000 0.072000 0.071000 1.200000 0.018000 0.021000
1495810969772391326	1400 49 1.200000 0.099000 0.126000 1800 40 1.200000 1.404000 1.686000 600 42 0.900000 0.072000 0.071000 1.200000 0.021000 0.025000
1495810970281588920	1400 49 1.200000 0.098000 0.124000 1800 40 1.200000 1.406000 1.688000 600 42 0.900000 0.072000 0.071000 1.200000 0.021000 0.025000
1495810970790779055	1400 49 1.200000 0.098000 0.124000 1800 40 1.200000 1.412000 1.695000 600 42 0.900000 0.072000 0.071000 1.200000 0.019000 0.023000
1495810971300073981	1400 49 1.200000 0.096000 0.122000 1800 40 1.200000 1.411000 1.694000 600 42 0.900000 0.072000 0.071000 1.200000 0.019000 0.023000
1495810971809289075	1400 49 1.200000 0.098000 0.124000 1800 40 1.200000 1.412000 1.695000 600 42 0.900000 0.072000 0.071000 1.200000 0.016000 0.019000
1495810972318382293	1400 49 1.200000 0.100000 0.127000 1800 40 1.200000 1.413000 1.697000 600 42 0.900000 0.072000 0.071000 1.200000 0.017000 0.020000
1495810972827716345	1400 49 1.200000 0.098000 0.124000 1800 40 1.200000 1.411000 1.694000 600 42 0.900000 0.072000 0.071000 1.200000 0.016000 0.019000
1495810973336977772	1400 49 1.200000 0.102000 0.129000 1800 40 1.200000 1.405000 1.687000 600 42 0.900000 0.072000 0.071000 1.200000 0.021000 0.025000
1495810973846402281	1400 47 1.200000 0.105000 0.133000 1800 40 1.200000 1.402000 1.683000 600 42 0.900000 0.072000 0.071000 1.200000 0.022000 0.026000
1495810974355531917	1400 49 1.200000 0.105000 0.133000 1800 40 1.200000 1.214000 1.456000 600 42 0.900000 0.072000 0.071000 1.200000 0.065000 0.079000
1495810974864779468	1400 49 1.200000 0.102000 0.129000 1800 40 1.200000 1.405000 1.687000 600 42 0.900000 0.072000 0.071000 1.200000 0.021000 0.025000
1495810975373906978	1400 49 1.200000 0.101000 0.128000 1800 40 1.200000 1.413000 1.697000 600 42 0.900000 0.072000 0.071000 1.200000 0.018000 0.021000
1495810975883126280	1400 49 1.200000 0.100000 0.127000 1800 40 1.200000 1.411000 1.694000 600 42 0.900000 0.072000 0.071000 1.200000 0.017000 0.020000
1495810976392400957	1400 49 1.200000 0.101000 0.128000 1800 40 1.200000 1.414000 1.698000 600 42 0.900000 0.072000 0.071000 1.200000 0.016000 0.019000
1495810976901706508	1400 49 1.200000 0.104000 0.132000 1800 40 1.200000 1.411000 1.694000 600 42 0.900000 0.072000 0.071000 1.200000 0.016000 0.019000
1495810977410942477	1400 49 1.200000 0.106000 0.134000 1800 40 1.200000 1.410000 1.693000 600 42 0.900000 0.072000 0.071000 1.200000 0.019000 0.023000
1495810977920137529	1400 49 1.200000 0.099000 0.126000 1800 40 1.200000 1.403000 1.685000 600 42 0.900000 0.072000 0.071000 1.200000 0.020000 0.024000
1495810978429338330	1400 49 1.200000 0.097000 0.123000 1800 40 1.200000 1.406000 1.688000 600 42 0.900000 0.072000 0.071000 1.200000 0.016000 0.019000
1495810978938389341	1400 49 1.200000 0.097000 0.123000 1800 40 1.200000 1.413000 1.695000 600 42 0.900000 0.072000 0.071000 1.200000 0.015000 0.018000
1495810979447615101	1400 49 1.200000 0.098000 0.124000 1800 40 1.200000 1.412000 1.695000 600 42 0.900000 0.072000 0.071000 1.200000 0.018000 0.021000
1495810979957001986	1400 49 1.200000 0.102000 0.129000 1800 40 1.200000 1.414000 1.698000 600 42 0.900000 0.072000 0.071000 1.200000 0.016000 0.019000
1495810980466275579	1400 49 1.200000 0.105000 0.133000 1800 40 1.200000 1.415000 1.699000 600 42 0.900000 0.072000 0.071000 1.200000 0.017000 0.020000
1495810980975427922	1400 49 1.200000 0.105000 0.133000 1800 40 1.200000 1.413000 1.697000 600 42 0.900000 0.072000 0.071000 1.200000 0.017000 0.020000
1495810981484817432	1400 49 1.200000 0.102000 0.129000 1800 40 1.200000 1.405000 1.686000 600 42 0.900000 0.072000 0.071000 1.200000 0.021000 0.025000
1495810981994146317	1400 47 1.200000 0.097000 0.123000 1800 40 1.200000 1.403000 1.685000 600 42 0.900000 0.072000 0.071000 1.200000 0.022000 0.026000
1495810982503385535	1400 49 1.200000 0.099000 0.126000 1800 40 1.200000 1.203000 1.443000 600 42 0.900000 0.072000 0.071000 1.200000 0.072000 0.087000
1495810983012584379	1400 49 1.200000 0.099000 0.126000 1800 40 1.200000 1.404000 1.686000 600 42 0.900000 0.072000 0.071000 1.200000 0.021000 0.025000
1495810983521741722	1400 49 1.200000 0.098000 0.124000 1800 40 1.200000 1.412000 1.695000 600 42 0.900000 0.072000 0.071000 1.200000 0.017000 0.020000
1495810984031005607	1400 49 1.200000 0.106000 0.134000 1800 40 1.200000 1.411000 1.694000 600 42 0.900000 0.072000 0.071000 1.200000 0.017000 0.020000
1495810984540198076	1400 49 1.200000 0.102000 0.129000 1800 40 1.200000 1.411000 1.694000 600 42 0.900000 0.072000 0.071000 1.200000 0.017000 0.020000
1495810985049463794	1400 49 1.200000 0.101000 0.128000 1800 40 1.200000 1.413000 1.697000 600 42 0.900000 0.072000 0.071000 1.200000 0.016000 0.019000
1495810985558672554	1400 49 1.200000 0.099000 0.126000 1800 40 1.200000 1.402000 1.683000 600 42 0.900000 0.072000 0.071000 1.200000 0.019000 0.023000
1495810986067832981	1400 49 1.200000 0.101000 0.128000 1800 40 1.200000 1.404000 1.686000 600 42 0.900000 0.072000 0.071000 1.200000 0.020000 0.024000
1495810986577144408	1400 49 1.200000 0.099000 0.126000 1800 40 1.200000 1.406000 1.688000 600 42 0.900000 0.072000 0.071000 1.200000 0.017000 0.020000
1495810987086377626	1400 49 1.200000 0.099000 0.126000 1800 40 1.200000 1.412000 1.694000 600 42 0.900000 0.072000 0.071000 1.200000 0.016000 0.019000
1495810987595474845	1400 49 1.200000 0.102000 0.129000 1800 40 1.200000 1.412000 1.695000 600 42 0.900000 0.072000 0.071000 1.200000 0.017000 0.020000
1495810988104723521	1400 49 1.200000 0.101000 0.128000 1800 40 1.200000 1.414000 1.698000 600 42 0.900000 0.072000 0.071000 1.200000 0.016000 0.019000
1495810988613844281	1400 49 1.200000 0.099000 0.125000 1800 40 1.200000 1.415000 1.699000 600 42 0.900000 0.072000 0.071000 1.200000 0.018000 0.021000
1495810989122953000	1400 49 1.200000 0.100000 0.127000 1800 40 1.200000 1.413000 1.697000 600 42 0.900000 0.072000 0.071000 1.200000 0.016000 0.019000
1495810989632054969	1400 49 1.200000 0.101000 0.128000 1800 40 1.200000 1.404000 1.686000 600 42 0.900000 0.072000 0.071000 1.200000 0.019000 0.023000
1495810990141342645	1400 47 1.200000 0.106000 0.134000 1800 40 1.200000 1.404000 1.686000 600 42 0.900000 0.072000 0.071000 1.200000 0.019000 0.023000
1495810990650453239	1400 49 1.200000 0.106000 0.134000 1800 40 1.200000 1.203000 1.443000 600 42 0.900000 0.072000 0.071000 1.200000 0.069000 0.084000
1495810991159597957	1400 49 1.200000 0.098000 0.124000 1800 40 1.200000 1.404000 1.686000 600 42 0.900000 0.072000 0.071000 1.200000 0.020000 0.024000
1495810991668755884	1400 49 1.200000 0.097000 0.123000 1800 40 1.200000 1.411000 1.694000 600 42 0.900000 0.072000 0.071000 1.200000 0.017000 0.020000
1495810992177994686	1400 49 1.200000 0.099000 0.126000 1800 40 1.200000 1.410000 1.693000 600 42 0.900000 0.072000 0.071000 1.200000 0.018000 0.021000
1495810992687211446	1400 49 1.200000 0.099000 0.126000 1800 40 1.200000 1.411000 1.694000 600 42 0.900000 0.072000 0.071000 1.200000 0.018000 0.021000
1495810993196387664	1400 49 1.200000 0.097000 0.123000 1800 40 1.200000 1.411000 1.694000 600 42 0.900000 0.072000 0.071000 1.200000 0.018000 0.021000
1495810993705594758	1400 49 1.200000 0.098000 0.124000 1800 40 1.200000 1.401000 1.682000 600 42 0.900000 0.072000 0.071000 1.200000 0.018000 0.021000
1495810994214784434	1400 49 1.200000 0.098000 0.124000 1800 40 1.200000 1.402000 1.683000 600 42 0.900000 0.072000 0.071000 1.200000 0.020000 0.024000
1495810994724116319	1400 49 1.200000 0.100000 0.127000 1800 40 1.200000 1.405000 1.687000 600 42 0.900000 0.072000 0.071000 1.200000 0.020000 0.024000
1495810995233407746	1400 49 1.200000 0.099000 0.125000 1800 40 1.200000 1.411000 1.694000 600 42 0.900000 0.072000 0.071000 1.200000 0.017000 0.020000
1495810995742634631	1400 49 1.200000 0.101000 0.128000 1800 40 1.200000 1.411000 1.694000 600 42 0.900000 0.072000 0.071000 1.200000 0.018000 0.021000
1495810996251772683	1400 49 1.200000 0.103000 0.131000 1800 40 1.200000 1.413000 1.697000 600 42 0.900000 0.072000 0.071000 1.200000 0.016000 0.019000
1495810996761105943	1400 49 1.200000 0.104000 0.132000 1800 40 1.200000 1.413000 1.697000 600 42 0.900000 0.072000 0.071000 1.200000 0.018000 0.021000
1495810997270210286	1400 49 1.200000 0.104000 0.132000 1800 40 1.200000 1.411000 1.694000 600 42 0.900000 0.072000 0.071000 1.200000 0.018000 0.021000
1495810997779438713	1400 49 1.200000 0.104000 0.132000 1800 40 1.200000 1.402000 1.683000 600 42 0.900000 0.072000 0.071000 1.200000 0.020000 0.024000
1495810998289031348	1400 43 1.200000 0.100000 0.127000 1800 39 1.200000 1.401000 1.681000 600 42 0.900000 0.072000 0.071000 1.200000 0.020000 0.024000
1495810998798781107	1400 47 1.200000 0.173000 0.218000 1800 39 1.100000 0.780000 0.933000 600 42 0.900000 0.072000 0.071000 1.200000 0.022000 0.026000
1495810999308637241	1400 47 1.200000 0.109000 0.138000 1800 39 1.200000 1.187000 1.424000 600 41 0.900000 0.072000 0.071000 1.200000 0.011000 0.013000
1495810999818368459	1400 47 1.200000 0.103000 0.131000 1800 39 1.200000 1.193000 1.431000 600 42 0.900000 0.071000 0.070000 1.200000 0.012000 0.014000
1495811000327690177	1400 46 1.200000 0.099000 0.126000 1800 39 1.200000 1.153000 1.383000 600 41 0.900000 0.071000 0.070000 1.200000 0.026000 0.031000
1495811000836931104	1400 46 1.200000 0.099000 0.126000 1800 39 1.200000 1.165000 1.398000 600 41 0.900000 0.071000 0.070000 1.200000 0.061000 0.074000
1495811001346112864	1400 48 1.200000 0.098000 0.124000 1800 39 1.200000 1.161000 1.393000 600 41 0.900000 0.071000 0.070000 1.200000 0.066000 0.080000
1495811001855448416	1400 48 1.200000 0.100000 0.127000 1800 39 1.200000 1.276000 1.531000 600 41 0.900000 0.071000 0.070000 1.200000 0.046000 0.055000
1495811002364567676	1400 48 1.200000 0.102000 0.129000 1800 39 1.200000 1.299000 1.558000 600 41 0.900000 0.071000 0.070000 1.200000 0.020000 0.024000
1495811002873713478	1400 48 1.200000 0.105000 0.133000 1800 39 1.200000 1.294000 1.552000 600 41 0.900000 0.071000 0.070000 1.200000 0.021000 0.025000
1495811003383030071	1400 48 1.200000 0.104000 0.132000 1800 39 1.200000 1.266000 1.519000 600 41 0.900000 0.072000 0.071000 1.200000 0.021000 0.025000
1495811003892243539	1400 48 1.200000 0.101000 0.128000 1800 39 1.200000 1.300000 1.560000 600 41 0.900000 0.071000 0.070000 1.200000 0.022000 0.026000
1495811004401444966	1400 50 1.200000 0.097000 0.123000 1800 39 1.200000 1.271000 1.525000 600 42 0.900000 0.072000 0.071000 1.200000 0.022000 0.026000
1495811004910551851	1400 47 1.200000 0.097000 0.123000 1800 39 1.200000 1.434000 1.722000 600 42 0.900000 0.071000 0.070000 1.200000 0.015000 0.018000
1495811005419625820	1400 48 1.200000 0.100000 0.127000 1800 39 1.200000 1.143000 1.371000 600 42 0.900000 0.072000 0.071000 1.200000 0.099000 0.120000
1495811005928812247	1400 48 1.200000 0.096000 0.122000 1800 39 1.200000 1.278000 1.533000 600 41 0.900000 0.072000 0.071000 1.200000 0.025000 0.030000
1495811006437872299	1400 48 1.200000 0.105000 0.133000 1800 39 1.200000 1.283000 1.539000 600 41 0.900000 0.072000 0.071000 1.200000 0.021000 0.025000
1495811006946997767	1400 48 1.200000 0.103000 0.131000 1800 39 1.200000 1.298000 1.557000 600 41 0.900000 0.072000 0.071000 1.200000 0.020000 0.024000
1495811007456111111	1400 48 1.200000 0.101000 0.128000 1800 39 1.200000 1.265000 1.518000 600 41 0.900000 0.072000 0.071000 1.200000 0.020000 0.024000
1495811007965135246	1400 48 1.200000 0.099000 0.125000 1800 39 1.200000 1.300000 1.560000 600 41 0.900000 0.072000 0.071000 1.200000 0.021000 0.025000
1495811008474227548	1400 50 1.200000 0.099000 0.126000 1800 39 1.200000 1.292000 1.550000 600 41 0.900000 0.072000 0.071000 1.200000 0.020000 0.024000
1495811008983422266	1400 48 1.200000 0.098000 0.124000 1800 39 1.200000 1.440000 1.729000 600 42 0.900000 0.071000 0.070000 1.200000 0.014000 0.017000
1495811009492594985	1400 47 1.200000 0.105000 0.133000 1800 39 1.200000 1.308000 1.569000 600 41 0.900000 0.071000 0.070000 1.200000 0.075000 0.091000
1495811010001701328	1400 48 1.200000 0.105000 0.133000 1800 39 1.200000 1.208000 1.449000 600 41 0.900000 0.071000 0.070000 1.200000 0.048000 0.058000
1495811010510920630	1400 48 1.200000 0.102000 0.129000 1800 39 1.200000 1.273000 1.527000 600 41 0.900000 0.071000 0.070000 1.200000 0.020000 0.024000
1495811011020027765	1400 48 1.200000 0.100000 0.127000 1800 39 1.200000 1.307000 1.568000 600 41 0.900000 0.072000 0.071000 1.200000 0.020000 0.024000
1495811011529153650	1400 49 1.200000 0.097000 0.123000 1800 39 1.200000 1.269000 1.522000 600 41 0.900000 0.071000 0.070000 1.200000 0.021000 0.025000
1495811012038185119	1400 48 1.200000 0.101000 0.128000 1800 39 1.200000 1.297000 1.556000 600 41 0.900000 0.072000 0.071000 1.200000 0.022000 0.026000
1495811012547280588	1400 49 1.200000 0.104000 0.132000 1800 39 1.200000 1.297000 1.556000 600 41 0.900000 0.072000 0.071000 1.200000 0.022000 0.026000
1495811013056404181	1400 50 1.200000 0.098000 0.124000 1800 40 1.200000 1.451000 1.742000 600 42 0.900000 0.072000 0.071000 1.200000 0.018000 0.021000
1495811013565535108	1400 46 1.200000 0.098000 0.124000 1800 39 1.100000 1.111000 1.330000 600 42 0.900000 0.072000 0.071000 1.200000 0.044000 0.053000
1495811014074649368	1400 48 1.200000 0.097000 0.123000 1800 39 1.200000 1.250000 1.500000 600 41 0.900000 0.071000 0.070000 1.200000 0.070000 0.085000
1495811014583917962	1400 48 1.200000 0.099000 0.126000 1800 39 1.200000 1.278000 1.533000 600 41 0.900000 0.072000 0.071000 1.200000 0.021000 0.025000
1495811015092993097	1400 49 1.200000 0.097000 0.123000 1800 39 1.200000 1.291000 1.549000 600 41 0.900000 0.072000 0.071000 1.200000 0.022000 0.026000
1495811015602082857	1400 48 1.200000 0.097000 0.123000 1800 39 1.200000 1.269000 1.522000 600 41 0.900000 0.071000 0.070000 1.200000 0.020000 0.024000
1495811016111200701	1400 49 1.200000 0.097000 0.123000 1800 39 1.200000 1.304000 1.564000 600 41 0.900000 0.072000 0.071000 1.200000 0.020000 0.024000
1495811016620412252	1400 48 1.200000 0.104000 0.132000 1800 39 1.200000 1.288000 1.545000 600 41 0.900000 0.072000 0.071000 1.200000 0.022000 0.026000
1495811017129666471	1400 50 1.200000 0.101000 0.128000 1800 40 1.200000 1.269000 1.522000 600 42 0.900000 0.072000 0.071000 1.200000 0.020000 0.024000
1495811017638894397	1400 46 1.200000 0.100000 0.127000 1800 39 1.200000 1.442000 1.731000 600 42 0.900000 0.071000 0.070000 1.200000 0.022000 0.026000
1495811018147945908	1400 48 1.200000 0.101000 0.128000 1800 39 1.100000 1.112000 1.332000 600 42 0.900000 0.071000 0.070000 1.200000 0.078000 0.094000
1495811018657166751	1400 48 1.200000 0.101000 0.128000 1800 39 1.200000 1.261000 1.513000 600 41 0.900000 0.072000 0.071000 1.200000 0.022000 0.026000
1495811019166342553	1400 48 1.200000 0.102000 0.129000 1800 39 1.200000 1.280000 1.536000 600 41 0.900000 0.072000 0.071000 1.200000 0.022000 0.026000
1495811019675468646	1400 48 1.200000 0.106000 0.134000 1800 39 1.200000 1.282000 1.538000 600 41 0.900000 0.072000 0.071000 1.200000 0.020000 0.024000
1495811020184935906	1400 48 1.200000 0.104000 0.132000 1800 39 1.200000 1.284000 1.540000 600 41 0.900000 0.072000 0.071000 1.200000 0.020000 0.024000
1495811020694071708	1400 48 1.200000 0.100000 0.127000 1800 39 1.200000 1.293000 1.551000 600 41 0.900000 0.072000 0.071000 1.200000 0.020000 0.024000
1495811021203253260	1400 50 1.200000 0.099000 0.125000 1800 39 1.200000 1.332000 1.599000 600 42 0.900000 0.072000 0.071000 1.200000 0.018000 0.021000
1495811021712603520	1400 45 1.200000 0.102000 0.129000 1800 39 1.200000 1.371000 1.646000 600 42 0.900000 0.072000 0.071000 1.200000 0.046000 0.055000
1495811022222478654	1400 46 1.200000 0.180000 0.227000 1800 39 1.100000 0.786000 0.940000 600 41 0.900000 0.071000 0.070000 1.200000 0.029000 0.035000
1495811022732572746	1400 46 1.200000 0.101000 0.128000 1800 39 1.200000 1.188000 1.425000 600 41 0.900000 0.071000 0.070000 1.200000 0.011000 0.013000
1495811023242283047	1400 46 1.200000 0.101000 0.128000 1800 39 1.200000 1.195000 1.434000 600 41 0.900000 0.071000 0.070000 1.200000 0.015000 0.018000
1495811023752648056	1400 46 1.200000 0.105000 0.133000 1800 39 1.200000 1.198000 1.437000 600 41 0.900000 0.071000 0.070000 1.200000 0.011000 0.013000
1495811024262579815	1400 46 1.200000 0.101000 0.128000 1800 39 1.200000 1.192000 1.430000 600 41 0.900000 0.071000 0.070000 1.200000 0.051000 0.062000
1495811024772640365	1400 46 1.200000 0.105000 0.133000 1800 39 1.200000 1.181000 1.417000 600 41 0.900000 0.071000 0.070000 1.200000 0.047000 0.057000
1495811025283079415	1400 44 1.200000 0.109000 0.138000 1800 38 1.200000 1.173000 1.407000 600 42 0.900000 0.071000 0.070000 1.200000 0.047000 0.057000
1495811025792484092	1400 50 1.200000 0.107000 0.136000 1800 39 1.200000 1.166000 1.399000 600 41 0.900000 0.071000 0.070000 1.200000 0.136000 0.166000
1495811026301624727	1400 50 1.200000 0.098000 0.124000 1800 40 1.200000 1.437000 1.725000 600 42 0.900000 0.071000 0.070000 1.200000 0.007000 0.008000
1495811026810717529	1400 50 1.200000 0.098000 0.124000 1800 40 1.200000 1.479000 1.776000 600 42 0.900000 0.072000 0.071000 1.200000 0.006000 0.007000
1495811027319895039	1400 50 1.200000 0.099000 0.126000 1800 40 1.200000 1.441000 1.730000 600 42 0.900000 0.072000 0.071000 1.200000 0.006000 0.007000
1495811027828975174	1400 51 1.200000 0.099000 0.126000 1800 40 1.200000 1.448000 1.739000 600 42 0.900000 0.072000 0.071000 1.200000 0.006000 0.007000
1495811028338043934	1400 51 1.200000 0.096000 0.122000 1800 40 1.200000 1.452000 1.743000 600 42 0.900000 0.072000 0.071000 1.200000 0.006000 0.007000
1495811028847179986	1400 51 1.200000 0.104000 0.132000 1800 40 1.200000 1.475000 1.771000 600 42 0.900000 0.072000 0.071000 1.200000 0.004000 0.004000
1495811029356387955	1400 51 1.200000 0.103000 0.131000 1800 40 1.200000 1.469000 1.764000 600 42 0.900000 0.072000 0.071000 1.200000 0.005000 0.006000
1495811029865533757	1400 51 1.200000 0.099000 0.125000 1800 40 1.200000 1.441000 1.730000 600 42 0.900000 0.072000 0.071000 1.200000 0.005000 0.006000
1495811030374668225	1400 51 1.200000 0.100000 0.127000 1800 40 1.200000 1.454000 1.746000 600 42 0.900000 0.072000 0.071000 1.200000 0.005000 0.006000
1495811030883886818	1400 50 1.200000 0.098000 0.124000 1800 40 1.200000 1.458000 1.751000 600 42 0.900000 0.072000 0.071000 1.200000 0.006000 0.007000
1495811031393236328	1400 51 1.200000 0.105000 0.133000 1800 40 1.200000 1.432000 1.719000 600 42 0.900000 0.072000 0.071000 1.200000 0.007000 0.008000
1495811031902479838	1400 50 1.200000 0.104000 0.132000 1800 40 1.200000 1.454000 1.746000 600 42 0.900000 0.072000 0.071000 1.200000 0.007000 0.008000
1495811032411653474	1400 51 1.200000 0.103000 0.131000 1800 40 1.200000 1.441000 1.729000 600 42 0.900000 0.072000 0.071000 1.200000 0.007000 0.008000
1495811032920672984	1400 50 1.200000 0.101000 0.128000 1800 40 1.200000 1.441000 1.730000 600 42 0.900000 0.072000 0.071000 1.200000 0.006000 0.007000
1495811033429804369	1400 50 1.200000 0.100000 0.127000 1800 40 1.200000 1.442000 1.731000 600 42 0.900000 0.072000 0.071000 1.200000 0.007000 0.008000
1495811033938883129	1400 51 1.200000 0.102000 0.129000 1800 40 1.200000 1.437000 1.725000 600 42 0.900000 0.072000 0.071000 1.200000 0.009000 0.010000
1495811034447946306	1400 51 1.200000 0.104000 0.132000 1800 40 1.200000 1.445000 1.735000 600 42 0.900000 0.072000 0.071000 1.200000 0.008000 0.009000
1495811034957101441	1400 51 1.200000 0.107000 0.136000 1800 40 1.200000 1.464000 1.758000 600 42 0.900000 0.072000 0.071000 1.200000 0.007000 0.008000
1495811035466322910	1400 51 1.200000 0.098000 0.124000 1800 40 1.200000 1.451000 1.742000 600 42 0.900000 0.072000 0.071000 1.200000 0.007000 0.008000
1495811035975460212	1400 51 1.200000 0.098000 0.124000 1800 40 1.200000 1.465000 1.759000 600 42 0.900000 0.072000 0.071000 1.200000 0.006000 0.007000
1495811036484903888	1400 51 1.200000 0.099000 0.126000 1800 40 1.200000 1.474000 1.770000 600 42 0.900000 0.072000 0.071000 1.200000 0.006000 0.007000
1495811036994073982	1400 51 1.200000 0.098000 0.124000 1800 40 1.200000 1.440000 1.729000 600 42 0.900000 0.072000 0.071000 1.200000 0.009000 0.010000
1495811037503147533	1400 51 1.200000 0.098000 0.124000 1800 40 1.200000 1.444000 1.734000 600 42 0.900000 0.072000 0.071000 1.200000 0.006000 0.007000
1495811038012320127	1400 51 1.200000 0.097000 0.123000 1800 40 1.200000 1.442000 1.731000 600 42 0.900000 0.072000 0.071000 1.200000 0.007000 0.008000
1495811038521649595	1400 50 1.200000 0.104000 0.132000 1800 40 1.200000 1.444000 1.734000 600 42 0.900000 0.072000 0.071000 1.200000 0.009000 0.010000
1495811039030966147	1400 51 1.200000 0.101000 0.128000 1800 40 1.200000 1.430000 1.717000 600 42 0.900000 0.072000 0.071000 1.200000 0.008000 0.009000
1495811039540050657	1400 51 1.200000 0.098000 0.124000 1800 40 1.200000 1.443000 1.733000 600 42 0.900000 0.072000 0.071000 1.200000 0.007000 0.008000
1495811040049204709	1400 50 1.200000 0.099000 0.125000 1800 40 1.200000 1.441000 1.730000 600 42 0.900000 0.072000 0.071000 1.200000 0.008000 0.009000
1495811040558292511	1400 51 1.200000 0.103000 0.131000 1800 40 1.200000 1.442000 1.731000 600 42 0.900000 0.072000 0.071000 1.200000 0.008000 0.009000
1495811041067472229	1400 51 1.200000 0.104000 0.132000 1800 40 1.200000 1.454000 1.746000 600 42 0.900000 0.072000 0.071000 1.200000 0.009000 0.010000
1495811041576736656	1400 51 1.200000 0.106000 0.134000 1800 40 1.200000 1.444000 1.734000 600 42 0.900000 0.072000 0.071000 1.200000 0.007000 0.008000
1495811042085977124	1400 51 1.200000 0.106000 0.134000 1800 40 1.200000 1.450000 1.741000 600 42 0.900000 0.072000 0.071000 1.200000 0.007000 0.008000
1495811042595069926	1400 51 1.200000 0.101000 0.128000 1800 40 1.200000 1.425000 1.711000 600 42 0.900000 0.072000 0.071000 1.200000 0.008000 0.009000
1495811043104177853	1400 51 1.200000 0.099000 0.125000 1800 40 1.200000 1.455000 1.747000 600 42 0.900000 0.072000 0.071000 1.200000 0.007000 0.008000
1495811043613223988	1400 51 1.200000 0.100000 0.127000 1800 40 1.200000 1.455000 1.747000 600 42 0.900000 0.072000 0.071000 1.200000 0.007000 0.008000
1495811044122396290	1400 51 1.200000 0.100000 0.127000 1800 40 1.200000 1.449000 1.740000 600 42 0.900000 0.072000 0.071000 1.200000 0.007000 0.008000
1495811044631586759	1400 51 1.200000 0.098000 0.124000 1800 40 1.200000 1.437000 1.725000 600 42 0.900000 0.072000 0.071000 1.200000 0.009000 0.010000
1495811045140664269	1400 50 1.200000 0.097000 0.123000 1800 40 1.200000 1.455000 1.747000 600 42 0.900000 0.072000 0.071000 1.200000 0.011000 0.013000
1495811045650232195	1400 51 1.200000 0.104000 0.132000 1800 40 1.200000 1.454000 1.746000 600 42 0.900000 0.072000 0.071000 1.200000 0.008000 0.009000
1495811046159391164	1400 51 1.200000 0.100000 0.127000 1800 40 1.200000 1.456000 1.748000 600 42 0.900000 0.072000 0.071000 1.200000 0.009000 0.010000
1495811046668470382	1400 51 1.200000 0.100000 0.127000 1800 40 1.200000 1.432000 1.719000 600 42 0.900000 0.072000 0.071000 1.200000 0.009000 0.010000
1495811047177615892	1400 51 1.200000 0.103000 0.131000 1800 40 1.200000 1.445000 1.735000 600 42 0.900000 0.072000 0.071000 1.200000 0.007000 0.008000
1495811047686858944	1400 51 1.200000 0.105000 0.133000 1800 40 1.200000 1.443000 1.733000 600 42 0.900000 0.072000 0.071000 1.200000 0.008000 0.009000
1495811048195980704	1400 51 1.200000 0.106000 0.134000 1800 40 1.200000 1.441000 1.730000 600 42 0.900000 0.072000 0.071000 1.200000 0.012000 0.014000
1495811048705164214	1400 51 1.200000 0.097000 0.123000 1800 40 1.200000 1.427000 1.712000 600 42 0.900000 0.072000 0.071000 1.200000 0.013000 0.015000
1495811049214245308	1400 51 1.200000 0.099000 0.126000 1800 40 1.200000 1.419000 1.704000 600 42 0.900000 0.072000 0.071000 1.200000 0.015000 0.018000
1495811049723453026	1400 51 1.200000 0.099000 0.126000 1800 40 1.200000 1.433000 1.721000 600 42 0.900000 0.072000 0.071000 1.200000 0.014000 0.016000
1495811050232642328	1400 50 1.200000 0.099000 0.126000 1800 40 1.200000 1.434000 1.722000 600 42 0.900000 0.072000 0.071000 1.200000 0.012000 0.014000
1495811050741799463	1400 50 1.200000 0.097000 0.123000 1800 40 1.200000 1.422000 1.707000 600 42 0.900000 0.072000 0.071000 1.200000 0.013000 0.015000
1495811051250981640	1400 50 1.200000 0.106000 0.134000 1800 40 1.200000 1.412000 1.695000 600 42 0.900000 0.072000 0.071000 1.200000 0.017000 0.020000
1495811051760251025	1400 50 1.200000 0.108000 0.137000 1800 40 1.200000 1.403000 1.685000 600 42 0.900000 0.072000 0.071000 1.200000 0.021000 0.025000
1495811052269395410	1400 49 1.200000 0.102000 0.129000 1800 40 1.200000 1.358000 1.630000 600 42 0.900000 0.072000 0.071000 1.200000 0.031000 0.037000
1495811052778639920	1400 47 1.200000 0.100000 0.127000 1800 40 1.200000 1.205000 1.446000 600 42 0.900000 0.072000 0.071000 1.200000 0.058000 0.070000
1495811053287834222	1400 47 1.200000 0.102000 0.129000 1800 39 1.200000 1.154000 1.384000 600 42 0.900000 0.072000 0.071000 1.200000 0.066000 0.080000
1495811053796960524	1400 46 1.200000 0.101000 0.128000 1800 39 1.200000 1.099000 1.318000 600 42 0.900000 0.072000 0.071000 1.200000 0.013000 0.015000
1495811054306882533	1400 46 1.200000 0.103000 0.131000 1800 39 1.200000 1.172000 1.406000 600 41 0.900000 0.072000 0.071000 1.200000 0.031000 0.037000
1495811054816683001	1400 47 1.200000 0.141000 0.179000 1800 39 1.200000 1.183000 1.419000 600 42 0.900000 0.071000 0.070000 1.200000 0.017000 0.020000
1495811055326831218	1400 47 1.200000 0.106000 0.134000 1800 39 1.200000 1.188000 1.425000 600 41 0.900000 0.071000 0.070000 1.200000 0.013000 0.015000
1495811055835967145	1400 48 1.200000 0.103000 0.131000 1800 39 1.200000 1.196000 1.435000 600 41 0.900000 0.071000 0.070000 1.200000 0.014000 0.016000
1495811056344972988	1400 49 1.200000 0.100000 0.127000 1800 39 1.200000 1.278000 1.533000 600 42 0.900000 0.071000 0.070000 1.200000 0.029000 0.035000
1495811056854110998	1400 49 1.200000 0.105000 0.133000 1800 40 1.200000 1.551000 1.862000 600 42 0.900000 0.071000 0.070000 1.200000 0.008000 0.009000
1495811057363167342	1400 49 1.200000 0.099000 0.126000 1800 40 1.200000 1.554000 1.866000 600 43 0.900000 0.072000 0.071000 1.200000 0.006000 0.007000
1495811057872247311	1400 49 1.200000 0.097000 0.123000 1800 40 1.200000 1.559000 1.872000 600 43 0.900000 0.072000 0.071000 1.200000 0.004000 0.004000
1495811058381343654	1400 49 1.200000 0.097000 0.123000 1800 40 1.200000 1.554000 1.867000 600 43 0.900000 0.072000 0.071000 1.200000 0.003000 0.003000
1495811058890423289	1400 49 1.200000 0.099000 0.126000 1800 40 1.200000 1.555000 1.867000 600 43 0.900000 0.072000 0.071000 1.200000 0.007000 0.008000
1495811059399633008	1400 50 1.200000 0.099000 0.126000 1800 40 1.200000 1.553000 1.865000 600 43 0.900000 0.072000 0.071000 1.200000 0.009000 0.010000
1495811059908728226	1400 50 1.200000 0.097000 0.123000 1800 40 1.200000 1.555000 1.867000 600 43 0.900000 0.072000 0.071000 1.200000 0.006000 0.007000
1495811060417905153	1400 50 1.200000 0.105000 0.133000 1800 40 1.200000 1.553000 1.866000 600 43 0.900000 0.072000 0.071000 1.200000 0.012000 0.014000
1495811060927137788	1400 50 1.200000 0.106000 0.134000 1800 40 1.200000 1.553000 1.865000 600 43 0.900000 0.072000 0.071000 1.200000 0.011000 0.013000
1495811061436322882	1400 50 1.200000 0.103000 0.131000 1800 40 1.200000 1.547000 1.857000 600 43 0.900000 0.072000 0.071000 1.200000 0.010000 0.012000
1495811061945442225	1400 50 1.200000 0.100000 0.127000 1800 40 1.200000 1.556000 1.868000 600 43 0.900000 0.072000 0.071000 1.200000 0.004000 0.004000
1495811062454544569	1400 50 1.200000 0.099000 0.125000 1800 40 1.200000 1.553000 1.865000 600 43 0.900000 0.072000 0.071000 1.200000 0.009000 0.010000
1495811062963736037	1400 50 1.200000 0.101000 0.128000 1800 40 1.200000 1.519000 1.824000 600 43 0.900000 0.072000 0.071000 1.200000 0.026000 0.031000
1495811063472912422	1400 50 1.200000 0.102000 0.129000 1800 40 1.200000 1.536000 1.844000 600 43 0.900000 0.072000 0.071000 1.200000 0.020000 0.024000
1495811063982246932	1400 50 1.200000 0.105000 0.133000 1800 40 1.200000 1.551000 1.862000 600 43 0.900000 0.072000 0.071000 1.200000 0.010000 0.012000
1495811064491405859	1400 50 1.200000 0.107000 0.136000 1800 40 1.200000 1.547000 1.859000 600 43 0.900000 0.072000 0.071000 1.200000 0.014000 0.016000
1495811065000590077	1400 50 1.200000 0.104000 0.132000 1800 40 1.200000 1.559000 1.872000 600 43 0.900000 0.073000 0.072000 1.200000 0.007000 0.008000
1495811065509748129	1400 50 1.200000 0.100000 0.127000 1800 41 1.200000 1.552000 1.863000 600 43 0.900000 0.072000 0.071000 1.200000 0.009000 0.010000
1495811066018823390	1400 50 1.200000 0.101000 0.128000 1800 40 1.200000 1.550000 1.861000 600 43 0.900000 0.072000 0.071000 1.200000 0.013000 0.015000
1495811066527936316	1400 50 1.200000 0.099000 0.126000 1800 40 1.200000 1.556000 1.868000 600 44 0.900000 0.072000 0.071000 1.200000 0.008000 0.009000
1495811067037094160	1400 50 1.200000 0.099000 0.126000 1800 40 1.200000 1.552000 1.863000 600 44 0.900000 0.072000 0.071000 1.200000 0.009000 0.010000
1495811067546643128	1400 50 1.200000 0.107000 0.136000 1800 40 1.200000 1.551000 1.862000 600 43 0.900000 0.072000 0.071000 1.200000 0.008000 0.009000
1495811068055747805	1400 50 1.200000 0.104000 0.132000 1800 40 1.200000 1.556000 1.868000 600 43 0.900000 0.072000 0.071000 1.200000 0.009000 0.010000
1495811068564941773	1400 50 1.200000 0.101000 0.128000 1800 41 1.200000 1.526000 1.832000 600 43 0.900000 0.072000 0.071000 1.200000 0.025000 0.030000
1495811069074068033	1400 50 1.200000 0.100000 0.127000 1800 41 1.200000 1.527000 1.833000 600 43 0.900000 0.072000 0.071000 1.200000 0.026000 0.031000
1495811069583148502	1400 50 1.200000 0.102000 0.129000 1800 40 1.200000 1.519000 1.824000 600 44 0.900000 0.072000 0.071000 1.200000 0.031000 0.037000
1495811070092295637	1400 50 1.200000 0.104000 0.132000 1800 41 1.200000 1.532000 1.839000 600 44 0.900000 0.072000 0.071000 1.200000 0.024000 0.029000
1495811070601587230	1400 50 1.200000 0.098000 0.124000 1800 41 1.200000 1.559000 1.872000 600 44 0.900000 0.072000 0.071000 1.200000 0.009000 0.010000
1495811071110710741	1400 50 1.200000 0.099000 0.126000 1800 41 1.200000 1.557000 1.869000 600 43 0.900000 0.072000 0.071000 1.200000 0.011000 0.013000
1495811071619872501	1400 50 1.200000 0.099000 0.126000 1800 40 1.200000 1.557000 1.869000 600 44 0.900000 0.072000 0.071000 1.200000 0.011000 0.013000
1495811072128963011	1400 50 1.200000 0.099000 0.126000 1800 41 1.200000 1.550000 1.861000 600 44 0.900000 0.073000 0.072000 1.200000 0.014000 0.016000
1495811072638053063	1400 50 1.200000 0.098000 0.124000 1800 40 1.200000 1.548000 1.859000 600 44 0.900000 0.072000 0.071000 1.200000 0.015000 0.018000
1495811073147206448	1400 50 1.200000 0.099000 0.126000 1800 41 1.200000 1.540000 1.849000 600 44 0.900000 0.072000 0.071000 1.200000 0.018000 0.021000
1495811073656401000	1400 50 1.200000 0.105000 0.133000 1800 41 1.200000 1.550000 1.861000 600 44 0.900000 0.072000 0.071000 1.200000 0.009000 0.010000
1495811074165523718	1400 50 1.200000 0.107000 0.136000 1800 41 1.200000 1.534000 1.842000 600 44 0.900000 0.072000 0.071000 1.200000 0.018000 0.021000
1495811074674961311	1400 50 1.200000 0.099000 0.126000 1800 41 1.200000 1.535000 1.843000 600 44 0.900000 0.072000 0.071000 1.200000 0.025000 0.030000
1495811075184248696	1400 50 1.200000 0.103000 0.131000 1800 41 1.200000 1.535000 1.843000 600 44 0.900000 0.072000 0.071000 1.200000 0.023000 0.027000
1495811075693369957	1400 50 1.200000 0.099000 0.125000 1800 40 1.200000 1.536000 1.844000 600 44 0.900000 0.072000 0.071000 1.200000 0.024000 0.029000
1495811076202507092	1400 50 1.200000 0.101000 0.128000 1800 41 1.200000 1.560000 1.873000 600 44 0.900000 0.072000 0.071000 1.200000 0.010000 0.012000
1495811076711626185	1400 50 1.200000 0.103000 0.131000 1800 41 1.200000 1.557000 1.869000 600 44 0.900000 0.072000 0.071000 1.200000 0.006000 0.007000
1495811077220766821	1400 50 1.200000 0.106000 0.134000 1800 41 1.200000 1.564000 1.878000 600 44 0.900000 0.072000 0.071000 1.200000 0.004000 0.004000
1495811077730071914	1400 50 1.200000 0.106000 0.134000 1800 41 1.200000 1.548000 1.859000 600 44 0.900000 0.072000 0.071000 1.200000 0.016000 0.019000
1495811078239129341	1400 50 1.200000 0.102000 0.129000 1800 41 1.200000 1.554000 1.866000 600 44 0.900000 0.072000 0.071000 1.200000 0.012000 0.014000
1495811078748209393	1400 50 1.200000 0.101000 0.128000 1800 41 1.200000 1.545000 1.855000 600 44 0.900000 0.072000 0.071000 1.200000 0.020000 0.024000
1495811079257350570	1400 50 1.200000 0.100000 0.127000 1800 41 1.200000 1.552000 1.863000 600 44 0.900000 0.073000 0.072000 1.200000 0.012000 0.014000
1495811079766490163	1400 50 1.200000 0.099000 0.126000 1800 41 1.200000 1.542000 1.851000 600 44 0.900000 0.072000 0.071000 1.200000 0.017000 0.020000
1495811080275566715	1400 50 1.200000 0.099000 0.126000 1800 41 1.200000 1.547000 1.857000 600 44 0.900000 0.072000 0.071000 1.200000 0.017000 0.020000
1495811080784936808	1400 50 1.200000 0.098000 0.124000 1800 41 1.200000 1.536000 1.844000 600 44 0.900000 0.072000 0.071000 1.200000 0.024000 0.029000
1495811081294147693	1400 50 1.200000 0.100000 0.127000 1800 41 1.200000 1.554000 1.866000 600 44 0.900000 0.073000 0.072000 1.200000 0.012000 0.014000
1495811081803425620	1400 50 1.200000 0.099000 0.126000 1800 41 1.200000 1.553000 1.865000 600 44 0.900000 0.072000 0.071000 1.200000 0.012000 0.014000
1495811082312595213	1400 50 1.200000 0.101000 0.128000 1800 41 1.200000 1.558000 1.871000 600 44 0.900000 0.072000 0.071000 1.200000 0.009000 0.010000
1495811082821860307	1400 50 1.200000 0.102000 0.129000 1800 41 1.200000 1.563000 1.877000 600 44 0.900000 0.073000 0.072000 1.200000 0.008000 0.009000
1495811083331129317	1400 50 1.200000 0.103000 0.131000 1800 41 1.200000 1.556000 1.868000 600 44 0.900000 0.072000 0.071000 1.200000 0.012000 0.014000
1495811083840265077	1400 50 1.200000 0.099000 0.126000 1800 41 1.200000 1.546000 1.856000 600 44 0.900000 0.072000 0.071000 1.200000 0.016000 0.019000
1495811084349363670	1400 50 1.200000 0.100000 0.127000 1800 41 1.200000 1.540000 1.849000 600 44 0.900000 0.073000 0.072000 1.200000 0.020000 0.024000
1495811084858430389	1400 50 1.200000 0.099000 0.126000 1800 41 1.200000 1.548000 1.859000 600 44 0.900000 0.072000 0.071000 1.200000 0.004000 0.004000
1495811085367574316	1400 50 1.200000 0.102000 0.129000 1800 41 1.200000 1.556000 1.868000 600 44 0.900000 0.072000 0.071000 1.200000 0.007000 0.008000
1495811085876824618	1400 50 1.200000 0.099000 0.125000 1800 41 1.200000 1.554000 1.866000 600 44 0.900000 0.072000 0.071000 1.200000 0.011000 0.013000
1495811086386145419	1400 50 1.200000 0.103000 0.131000 1800 41 1.200000 1.554000 1.866000 600 44 0.900000 0.072000 0.071000 1.200000 0.012000 0.014000
1495811086895362638	1400 50 1.200000 0.108000 0.137000 1800 41 1.200000 1.545000 1.855000 600 44 0.900000 0.072000 0.071000 1.200000 0.014000 0.016000
1495811087404549481	1400 50 1.200000 0.106000 0.134000 1800 41 1.200000 1.547000 1.857000 600 44 0.900000 0.072000 0.071000 1.200000 0.013000 0.015000
1495811087913758199	1400 50 1.200000 0.104000 0.132000 1800 41 1.200000 1.548000 1.859000 600 44 0.900000 0.073000 0.072000 1.200000 0.012000 0.014000
1495811088422868668	1400 50 1.200000 0.099000 0.126000 1800 41 1.200000 1.552000 1.863000 600 44 0.900000 0.073000 0.072000 1.200000 0.012000 0.014000
1495811088932112636	1400 50 1.200000 0.101000 0.128000 1800 41 1.200000 1.547000 1.857000 600 44 0.900000 0.073000 0.072000 1.200000 0.006000 0.007000
1495811089441426605	1400 50 1.200000 0.101000 0.128000 1800 41 1.200000 1.548000 1.859000 600 44 0.900000 0.073000 0.072000 1.200000 0.003000 0.003000
1495811089950664490	1400 50 1.200000 0.104000 0.132000 1800 41 1.200000 1.549000 1.860000 600 44 0.900000 0.073000 0.072000 1.200000 0.009000 0.010000
1495811090459884583	1400 50 1.200000 0.107000 0.136000 1800 41 1.200000 1.550000 1.861000 600 44 0.900000 0.072000 0.071000 1.200000 0.012000 0.014000
1495811090968972260	1400 50 1.200000 0.104000 0.132000 1800 41 1.200000 1.552000 1.863000 600 44 0.900000 0.073000 0.072000 1.200000 0.011000 0.013000
1495811091478734853	1400 48 1.200000 0.181000 0.228000 1800 40 1.100000 0.894000 1.070000 600 43 0.900000 0.072000 0.071000 1.200000 0.026000 0.031000
1495811091988784487	1400 48 1.200000 0.108000 0.137000 1800 40 1.200000 1.192000 1.430000 600 43 0.900000 0.072000 0.071000 1.200000 0.014000 0.016000
1495811092498342621	1400 47 1.200000 0.105000 0.133000 1800 40 1.200000 1.196000 1.435000 600 42 0.900000 0.072000 0.071000 1.200000 0.012000 0.014000
1495811093007638798	1400 52 1.200000 0.102000 0.129000 1800 40 1.200000 1.223000 1.467000 600 42 0.900000 0.072000 0.071000 1.200000 0.024000 0.029000
1495811093516779558	1400 54 1.200000 0.099000 0.126000 1800 41 1.200000 1.768000 2.125000 600 43 0.900000 0.072000 0.071000 1.200000 0.006000 0.007000
1495811094026013193	1400 54 1.200000 0.101000 0.128000 1800 41 1.200000 1.774000 2.132000 600 43 0.900000 0.073000 0.072000 1.200000 0.006000 0.007000
1495811094535084620	1400 54 1.200000 0.100000 0.127000 1800 41 1.200000 1.776000 2.134000 600 43 0.900000 0.073000 0.072000 1.200000 0.004000 0.004000
1495811095044201755	1400 54 1.200000 0.099000 0.126000 1800 42 1.200000 1.779000 2.138000 600 44 0.900000 0.073000 0.072000 1.200000 0.004000 0.004000
1495811095553199599	1400 55 1.200000 0.100000 0.127000 1800 42 1.200000 1.777000 2.135000 600 44 0.900000 0.074000 0.073000 1.200000 0.004000 0.004000
1495811096062302692	1400 55 1.200000 0.101000 0.128000 1800 42 1.200000 1.766000 2.122000 600 44 0.900000 0.073000 0.072000 1.200000 0.005000 0.006000
1495811096571832244	1400 55 1.200000 0.101000 0.128000 1800 42 1.200000 1.766000 2.122000 600 44 0.900000 0.074000 0.073000 1.200000 0.005000 0.006000
1495811097080989379	1400 55 1.200000 0.108000 0.137000 1800 42 1.200000 1.755000 2.109000 600 44 0.900000 0.074000 0.073000 1.200000 0.005000 0.006000
1495811097590011431	1400 55 1.200000 0.106000 0.134000 1800 42 1.200000 1.747000 2.099000 600 44 0.900000 0.074000 0.073000 1.200000 0.006000 0.007000
1495811098099123899	1400 54 1.200000 0.104000 0.132000 1800 42 1.200000 1.738000 2.089000 600 44 0.900000 0.074000 0.073000 1.200000 0.007000 0.008000
1495811098608273160	1400 55 1.200000 0.101000 0.128000 1800 42 1.200000 1.730000 2.079000 600 44 0.900000 0.074000 0.073000 1.200000 0.005000 0.006000
1495811099117434170	1400 55 1.200000 0.104000 0.132000 1800 42 1.200000 1.725000 2.073000 600 44 0.900000 0.074000 0.073000 1.200000 0.018000 0.021000
1495811099626617888	1400 55 1.200000 0.107000 0.136000 1800 42 1.200000 1.787000 2.147000 600 44 0.900000 0.074000 0.073000 1.200000 0.006000 0.007000
1495811100135647732	1400 55 1.200000 0.108000 0.137000 1800 42 1.200000 1.784000 2.144000 600 44 0.900000 0.074000 0.073000 1.200000 0.006000 0.007000
1495811100644857742	1400 55 1.200000 0.107000 0.136000 1800 42 1.200000 1.787000 2.147000 600 44 0.900000 0.074000 0.073000 1.200000 0.005000 0.006000
1495811101153921710	1400 55 1.200000 0.105000 0.133000 1800 42 1.200000 1.789000 2.150000 600 44 0.900000 0.074000 0.073000 1.200000 0.006000 0.007000
1495811101663034221	1400 55 1.200000 0.103000 0.131000 1800 42 1.200000 1.790000 2.151000 600 44 0.900000 0.074000 0.073000 1.200000 0.006000 0.007000
1495811102172126773	1400 55 1.200000 0.101000 0.128000 1800 42 1.200000 1.789000 2.150000 600 45 0.900000 0.074000 0.073000 1.200000 0.008000 0.009000
1495811102681326574	1400 55 1.200000 0.100000 0.127000 1800 42 1.200000 1.777000 2.135000 600 44 0.900000 0.074000 0.073000 1.200000 0.005000 0.006000
1495811103190415626	1400 55 1.200000 0.102000 0.129000 1800 42 1.200000 1.766000 2.122000 600 44 0.900000 0.074000 0.073000 1.200000 0.005000 0.006000
1495811103699641428	1400 55 1.200000 0.108000 0.137000 1800 42 1.200000 1.755000 2.109000 600 45 0.900000 0.074000 0.073000 1.200000 0.004000 0.004000
1495811104208719897	1400 55 1.200000 0.106000 0.134000 1800 42 1.200000 1.748000 2.101000 600 45 0.900000 0.074000 0.073000 1.200000 0.005000 0.006000
1495811104717789823	1400 55 1.200000 0.106000 0.134000 1800 42 1.200000 1.742000 2.093000 600 45 0.900000 0.074000 0.073000 1.200000 0.005000 0.006000
1495811105226956000	1400 55 1.200000 0.102000 0.129000 1800 42 1.200000 1.694000 2.036000 600 45 0.900000 0.074000 0.073000 1.200000 0.021000 0.025000
1495811105736316510	1400 56 1.200000 0.103000 0.131000 1800 42 1.200000 1.789000 2.150000 600 45 0.900000 0.074000 0.073000 1.200000 0.006000 0.007000
1495811106245386020	1400 56 1.200000 0.103000 0.131000 1800 43 1.200000 1.790000 2.151000 600 45 0.900000 0.074000 0.073000 1.200000 0.008000 0.009000
1495811106754540572	1400 55 1.200000 0.102000 0.129000 1800 43 1.200000 1.790000 2.151000 600 45 0.900000 0.074000 0.073000 1.200000 0.007000 0.008000
1495811107263700749	1400 56 1.200000 0.102000 0.129000 1800 42 1.200000 1.789000 2.150000 600 45 0.900000 0.074000 0.073000 1.200000 0.004000 0.004000
1495811107772881592	1400 56 1.200000 0.106000 0.134000 1800 43 1.200000 1.792000 2.153000 600 45 0.900000 0.074000 0.073000 1.200000 0.004000 0.004000
1495811108282049936	1400 56 1.200000 0.104000 0.132000 1800 43 1.200000 1.787000 2.147000 600 45 0.900000 0.074000 0.073000 1.200000 0.004000 0.004000
1495811108791360238	1400 56 1.200000 0.104000 0.132000 1800 43 1.200000 1.780000 2.139000 600 45 0.900000 0.074000 0.073000 1.200000 0.005000 0.006000
1495811109300489873	1400 55 1.200000 0.105000 0.133000 1800 43 1.200000 1.767000 2.123000 600 45 0.900000 0.074000 0.073000 1.200000 0.004000 0.004000
1495811109809759549	1400 55 1.200000 0.106000 0.134000 1800 43 1.200000 1.756000 2.110000 600 45 0.900000 0.074000 0.073000 1.200000 0.004000 0.004000
1495811110318836435	1400 55 1.200000 0.102000 0.129000 1800 43 1.200000 1.750000 2.103000 600 45 0.900000 0.074000 0.073000 1.200000 0.008000 0.009000
1495811110827999403	1400 55 1.200000 0.101000 0.128000 1800 43 1.200000 1.739000 2.090000 600 45 0.900000 0.074000 0.073000 1.200000 0.007000 0.008000
1495811111337183538	1400 55 1.200000 0.106000 0.134000 1800 43 1.200000 1.672000 2.009000 600 45 0.900000 0.074000 0.073000 1.200000 0.006000 0.007000
1495811111846513757	1400 56 1.200000 0.103000 0.131000 1800 43 1.200000 1.789000 2.150000 600 45 0.900000 0.074000 0.073000 1.200000 0.006000 0.007000
1495811112355640517	1400 56 1.200000 0.104000 0.132000 1800 43 1.200000 1.788000 2.149000 600 45 0.900000 0.074000 0.073000 1.200000 0.006000 0.007000
1495811112864991152	1400 56 1.200000 0.106000 0.134000 1800 43 1.200000 1.790000 2.151000 600 45 0.900000 0.074000 0.073000 1.200000 0.005000 0.006000
1495811113374144203	1400 56 1.200000 0.108000 0.137000 1800 43 1.200000 1.793000 2.155000 600 45 0.900000 0.074000 0.073000 1.200000 0.006000 0.007000
1495811113883311755	1400 56 1.200000 0.109000 0.138000 1800 43 1.200000 1.792000 2.153000 600 45 0.900000 0.074000 0.073000 1.200000 0.006000 0.007000
1495811114392499099	1400 56 1.200000 0.108000 0.137000 1800 43 1.200000 1.790000 2.151000 600 45 0.900000 0.074000 0.073000 1.200000 0.008000 0.009000
1495811114901822900	1400 56 1.200000 0.101000 0.128000 1800 43 1.200000 1.775000 2.133000 600 45 0.900000 0.075000 0.074000 1.200000 0.007000 0.008000
1495811115411084577	1400 56 1.200000 0.101000 0.128000 1800 43 1.200000 1.767000 2.123000 600 45 0.900000 0.074000 0.073000 1.200000 0.006000 0.007000
1495811115920265754	1400 55 1.200000 0.102000 0.129000 1800 43 1.200000 1.759000 2.114000 600 45 0.900000 0.074000 0.073000 1.200000 0.004000 0.004000
1495811116429412139	1400 55 1.200000 0.103000 0.131000 1800 43 1.200000 1.748000 2.101000 600 45 0.900000 0.075000 0.074000 1.200000 0.005000 0.006000
1495811116938656941	1400 55 1.200000 0.102000 0.129000 1800 43 1.200000 1.744000 2.096000 600 45 0.900000 0.074000 0.073000 1.200000 0.004000 0.004000
1495811117447835867	1400 56 1.200000 0.101000 0.128000 1800 43 1.200000 1.735000 2.085000 600 45 0.900000 0.074000 0.073000 1.200000 0.003000 0.003000
1495811117957003836	1400 56 1.200000 0.101000 0.128000 1800 43 1.200000 1.768000 2.125000 600 45 0.900000 0.074000 0.073000 1.200000 0.004000 0.004000
1495811118466331179	1400 56 1.200000 0.103000 0.131000 1800 43 1.200000 1.769000 2.126000 600 45 0.900000 0.075000 0.074000 1.200000 0.006000 0.007000
1495811118976180855	1400 56 1.200000 0.102000 0.129000 1800 43 1.200000 1.768000 2.125000 600 45 0.900000 0.074000 0.073000 1.200000 0.005000 0.006000
1495811119485375282	1400 56 1.200000 0.107000 0.136000 1800 43 1.200000 1.769000 2.126000 600 45 0.900000 0.074000 0.073000 1.200000 0.004000 0.004000
1495811119994464792	1400 56 1.200000 0.110000 0.140000 1800 43 1.200000 1.770000 2.127000 600 45 0.900000 0.074000 0.073000 1.200000 0.005000 0.006000
1495811120503547344	1400 56 1.200000 0.106000 0.134000 1800 43 1.200000 1.770000 2.127000 600 45 0.900000 0.074000 0.073000 1.200000 0.004000 0.004000
1495811121012670729	1400 55 1.200000 0.105000 0.133000 1800 43 1.200000 1.760000 2.115000 600 45 0.900000 0.075000 0.074000 1.200000 0.003000 0.003000
1495811121521927364	1400 55 1.200000 0.105000 0.133000 1800 43 1.200000 1.753000 2.107000 600 45 0.900000 0.074000 0.073000 1.200000 0.006000 0.007000
1495811122031148749	1400 55 1.200000 0.106000 0.134000 1800 43 1.200000 1.746000 2.098000 600 45 0.900000 0.074000 0.073000 1.200000 0.006000 0.007000
1495811122540173593	1400 55 1.200000 0.105000 0.133000 1800 43 1.200000 1.736000 2.086000 600 45 0.900000 0.074000 0.073000 1.200000 0.007000 0.008000
1495811123048981562	1400 46 1.200000 0.107000 0.136000 1800 42 1.200000 1.736000 2.086000 600 45 0.900000 0.074000 0.073000 1.200000 0.005000 0.006000
1495811123557734781	1400 42 1.200000 0.101000 0.128000 1800 40 1.100000 0.464000 0.554000 600 43 0.900000 0.074000 0.073000 1.200000 0.003000 0.003000
