#Timestamp	CPU_CYCLES	L1I_CACHE_REFILL	L1I_TLB_REFILL	L1D_CACHE_ACCESS	L1D_TLB_REFILL	INST_RETIRED	EXCEPTION_TAKEN
1495800808608651319	451004063	4785634	1394131	107823688	1665920	213712436	24087
1495800809109642007	701444155	7689375	2228276	161935320	2633075	314026734	38895
1495800809610277112	700877972	7550524	2194483	165004063	2598240	324904086	38394
1495800810110958301	700956716	7321167	2139857	168309548	2556989	337628459	37267
1495800810611627197	700944353	3985024	2555941	183417910	3155884	273563653	30817
1495800811112268094	700883758	3230712	2230494	182295926	2966392	273402033	26183
1495800811612975949	701015196	2747927	1712568	190338742	2774545	328605325	30113
1495800812113584179	700844792	1919703	1031974	322433045	1410811	824071490	14254
1495800812614246826	700932514	1617661	839619	334724593	1133585	880173474	11051
1495800813114846681	700841842	1396191	663604	366513030	900674	999228258	7324
1495800813615448453	700842174	1600934	726140	343270964	884797	944254062	8250
1495800814116047350	700839990	1428600	681043	345155581	885348	992363480	7854
1495800814616654580	700849024	1689672	781208	353494716	1373125	954020092	9049
1495800815117255936	700843632	1790333	832272	347783075	1646616	939489082	9711
1495800815617861166	700848624	1835563	841255	337126649	1795069	907268847	9852
1495800816118463188	700845676	1474017	682286	344053303	1402920	988265395	7660
1495800816619071876	700844604	1870614	879765	359239770	2020414	971271902	10264
1495800817119679940	700855980	2527399	1208013	351127861	2713829	823013498	14270
1495800817620363128	700959300	3310671	1628113	281373174	3297266	534950646	19148
1495800818120970692	700850436	3326293	1646427	277741300	3278380	529323945	19511
1495800818621588797	700867012	3284152	1624062	280141438	3279310	534184665	19293
1495800819122202902	700861232	3262539	1623368	280979825	3280385	536051059	18962
1495800819622809299	700848716	3373819	1692160	270939842	3263490	519185650	19981
1495800820123424571	700860177	3299565	1645860	276193568	3283926	526768333	19489
1495800820624046259	700874519	3306044	1663559	272437630	3624932	513379375	19659
1495800821124652240	700847688	3365515	1684545	267312354	3574448	506415595	20334
1495800821625267262	700864668	3292708	1684448	270632764	3584349	510812836	20035
1495800822125882783	700862748	3301344	1629849	274670362	3554497	516978286	19442
1495800822626482514	700838456	3289384	1622666	274031337	3341173	523836493	19562
1495800823127090494	700851256	3359493	1660667	269496864	3389129	512520743	19869
1495800823627694932	700849092	3266841	1604018	276573022	3405241	524583032	19116
1495800824128305246	700857152	2919908	1433674	267499171	2399453	562000756	16882
1495800824629012184	700835117	3158775	1567914	267905039	2726275	548197587	18745
1495800825129611415	700993375	2949226	1472003	265449031	2403556	553230410	17185
1495800825630247936	700890124	3343335	1687811	232542353	1967847	538815511	19454
1495800826130850667	700843958	3550444	1804428	226988118	2096554	524099787	20177
1495800826631481438	700888590	3452748	1723537	228655989	2057380	515101783	18686
1495800827132158085	700939802	3484558	1777273	230119697	2072529	520674599	20227
1495800827632790482	700886162	3476369	1766272	229042898	2050937	531595325	19397
1495800828133406171	700869092	3312485	1683981	233049333	1991409	534980621	19244
1495800828634036317	700885216	3109156	1576575	232212549	1871752	546203385	18812
1495800829134659339	700867684	3092959	1564415	233498989	1892570	545599620	18499
1495800829635262653	700847024	3492157	1770281	226827619	2040023	527662667	19537
1495800830135884966	700875668	3104137	1587727	235305109	1881020	545794799	18713
1495800830636481447	700832716	3194796	1609854	231399745	1913977	541810231	18757
1495800831137081052	700841917	2919033	1474409	236059036	1782456	558965589	17898
1495800831637681240	700836455	3216692	1627592	233224285	1950202	543712653	18856
1495800832138294054	700864909	3366976	1702182	231528801	2005872	534994100	18729
1495800832638953784	700839411	3169368	1596960	234960768	1940090	546790561	18365
1495800833139553264	700924482	3295074	1672787	229295096	1960740	538045605	19371
1495800833640159911	700853108	3463831	1756515	229135737	2032475	530312534	19631
1495800834140766766	700847474	3187572	1618118	234869374	1914046	542696807	19198
1495800834641387621	700872024	3126743	1578426	233665756	1864674	547676150	18580
1495800835141979102	700829428	3899077	1988625	220324189	2261690	501446876	20851
1495800835642566832	700821412	3030199	1526627	236711668	1830890	543961399	17561
1495800836143162395	700836914	3447914	1760869	228967137	2053689	521553456	19159
1495800836643850959	700959342	3404129	1727790	231780536	2016399	531648665	19558
1495800837144497897	700911304	3395320	1730523	231659782	2029857	527727193	19868
1495800837645108586	700857300	3387055	1712882	230991626	2009900	532456274	19629
1495800838145698150	700816640	3336260	1683905	228125033	1988851	530392883	19646
1495800838646302963	700857560	3170150	1612178	232545125	1904003	538162796	19234
1495800839146904360	700839628	3697791	1960899	214872222	2189581	490290956	19843
1495800839647624090	701009170	3093611	1552752	234403379	1860302	542094098	18556
1495800840148352112	701016906	3499966	1784218	227472302	2066455	524305292	19579
1495800840649190758	701174900	3261096	1629441	232788739	1939801	535528516	19004
1495800841149923655	701031908	3382595	1686477	221803070	2033090	493824122	17825
1495800841650625052	700981596	3440048	1733559	231462617	2045516	531443881	19502
1495800842151320323	700976140	3589718	1790291	226667470	2181786	519751574	19588
1495800842652012554	700969374	3866052	1944729	222257916	2323148	505544185	20432
1495800843152715492	700982344	3301912	1654635	229970271	2057565	537458650	19359
1495800843653400389	700958776	3312759	1654587	231208372	2052523	535239764	19100
1495800844154202410	701126954	3314063	1689130	228104082	2089097	535801728	19351
1495800844654928015	701012880	3277502	1668452	229441408	2043269	536263172	18952
1495800845155616870	700967248	3164508	1587096	230864038	1981362	545030269	18841
1495800845656316934	700984844	3242647	1637843	230265543	2047182	537556127	19138
1495800846156996372	700951974	3560221	1784321	228778629	2150483	521092897	19934
1495800846657605186	700853744	3052529	1547664	234560762	1942392	547207408	18193
1495800847158218374	700852826	3369629	1692911	229402581	2105087	529332153	19367
1495800847658839188	700872454	3369842	1698736	233522302	2068951	535629750	19511
1495800848159530793	700972702	3356713	1694512	228906091	2028530	535234636	19391
1495800848660128690	700839856	3106626	1564011	232015607	1929637	553359023	18388
1495800849160737045	700848770	3153418	1591334	232902003	1988423	546240690	18638
1495800849661355067	700864663	3501893	1763039	228185367	2147668	526903987	19244
1495800850161977297	700863243	3205038	1616448	232962928	1992770	540638868	18908
1495800850662591444	700874620	3363461	1685973	230588516	2074644	533938704	19505
1495800851163215341	700870748	3408789	1714272	229583744	2082079	527941925	19380
1495800851663828446	700862138	3648834	1832806	223429265	2178051	520137316	20010
1495800852164559926	701018626	3264590	1635353	230222900	2027235	540348346	19219
1495800852665191490	700886568	3468121	1739400	228492225	2112431	525862713	19808
1495800853165812011	700871184	2418670	1251708	216473458	1652644	498783286	13674
1495800853666461242	473444023	3998165	1183269	101395518	1682797	206078895	20306
1495800854167096972	700881983	7676312	2226087	161086817	2629512	311523828	38914
1495800854667724577	700885248	7552422	2195589	164113657	2600418	322531221	38362
1495800855168381474	700919797	7391699	2158329	168209880	2568843	337517685	37601
1495800855669198912	701148938	2636226	980510	243665986	1284277	564539227	15007
1495800856169812476	700859232	1317225	863442	282304587	1252007	728018777	12916
1495800856670425081	700856636	1291383	746041	147358397	1382107	378926729	11693
1495800857171037894	700859874	607937	289636	119877644	1294221	354788303	3955
1495800857671646833	700851178	93144	58655	160581254	877624	439063489	264
1495800858172253230	700848508	592495	193642	124435986	949927	401222863	1835
1495800858672858377	700850948	709346	228388	125096921	1414380	303639304	2604
1495800859173464982	700850040	849577	477060	154733257	1512944	362218598	6710
1495800859674066920	700845700	612794	357755	136082988	1258330	328008607	5012
1495800860174670442	700843156	621693	359961	136168880	1229469	328311992	5177
1495800860675276589	700851196	549723	309235	133806304	1191445	322493982	4262
1495800861175887194	700853692	458857	271169	153922160	799785	510017222	4154
1495800861676492216	700848468	79388	27027	541404924	700343	905032636	112
1495800862177093946	700841656	71854	25881	796338837	1042125	1106675092	120
1495800862677704010	700855732	508906	330474	177407632	719959	587151247	5304
1495800863178339990	700891428	4474372	1153221	289042508	4278162	496689888	20251
1495800863679037553	700852968	5699068	26687	356719633	5536583	669415296	115
1495800864179645909	700977082	6286363	27658	348053381	5410331	655669749	112
1495800864680253806	700850034	6065599	27922	339609288	5370262	645385196	113
1495800865180930661	700951310	4763547	33105	347428182	4420923	678678267	190
1495800865681530974	700841682	9133817	28272	319650245	4978115	628008551	113
1495800866182130829	700839996	9101217	28508	315139960	4957828	621573177	123
1495800866682730768	700844104	8945291	28739	312427476	4946947	618376605	113
1495800867183333082	700842816	8676257	28104	305605399	4944645	609396521	113
1495800867684018145	700841536	8671104	27818	306464171	4943329	611410171	113
1495800868184623167	700966752	4164345	55913	214635707	3327444	485720052	637
1495800868685208230	700821636	50955	21433	157236322	226152	329448763	113
1495800869185802461	700842492	48245	21031	155034929	222936	324784899	112
1495800869686454149	700904292	51431	21944	157118075	224370	329237354	113
1495800870187068296	700859524	50941	22100	153068331	220133	320567382	112
1495800870687674318	700849396	50479	21757	155217369	223055	325139348	111
1495800871188281381	700850936	51019	22349	155713645	222481	325418511	113
1495800871688996361	700855040	50388	22129	156426769	224299	327760371	114
1495800872189598758	700989956	50700	22488	156435087	224982	327725336	112
1495800872690200322	700844776	51464	22361	154594593	221524	323818304	113
1495800873190799219	700839000	51102	21968	154509187	220950	323674922	112
1495800873691405699	700848776	51564	22113	154817663	222900	324259185	113
1495800874192019763	700858680	50064	22059	156425651	222866	327009711	112
1495800874692786493	701078616	50794	22395	154570586	222157	323747938	113
1495800875193419306	700883088	51398	22371	155986152	224331	326788973	113
1495800875694048411	700884252	51070	22093	155537565	223342	325823935	114
1495800876194668558	700869960	49161	21592	155530696	221567	325787962	112
1495800876695291622	700871112	51476	22317	152321457	219045	318936389	113
1495800877195915852	700869888	48740	21797	156388432	224095	326977931	112
1495800877696557415	700905256	50600	22241	154426380	221310	323312282	113
1495800878197179895	700872200	49986	22001	156490689	224970	327837881	112
1495800878697805084	700875572	50330	22109	156174017	225162	327172508	113
1495800879198430564	700877648	51189	22031	155589628	222593	325938010	113
1495800879699058086	700876248	51586	22556	154435665	220979	323462428	114
1495800880199682441	700877256	50589	22251	155311355	223185	325027906	112
1495800880700311296	700879768	6061146	28031	263271419	3357609	530135887	127
1495800881200937693	700877240	9450965	25837	314992599	5154596	636122373	112
1495800881701566965	700883706	9241305	27734	310193075	5172516	628786925	113
1495800882202185029	700867746	8964513	27654	304887438	5152773	621538361	112
1495800882702811509	700876148	8944297	27593	303076716	5167220	619060891	113
1495800883203428031	700865404	5706040	27310	289058321	4019937	630290376	135
1495800883704060886	700883349	3609632	864036	325537120	2629732	719344171	1710
1495800884204759491	630351675	713506	290609	103853051	1148051	259492839	2178
1495800884705513804	549446650	5863219	1707736	130510185	2035011	257573343	29570
1495800885206162951	700923862	7672413	2233052	161906543	2627244	314503348	38847
1495800885706853889	700963918	7546418	2200759	165432304	2592292	326862115	38402
1495800886207519203	700940516	7268834	2140547	165199110	2568793	328954233	37618
1495800886708117433	700837307	202795	99852	68502125	167942	164570390	1137
1495800887208717413	700841156	189909	94618	68259058	176166	164253236	1087
1495800887709386310	700937188	196711	98000	68320981	175895	164110908	1138
1495800888209991082	700845927	188922	93740	68084449	166622	163776561	1083
1495800888710594521	700846105	189605	93045	68046786	166977	163768819	1081
1495800889211199417	700847960	189548	93001	68059780	169203	163789746	1083
1495800889711808523	700853888	191781	93656	68081507	167244	163794635	1082
1495800890212413878	700848915	191389	92898	68096702	165008	163794587	1083
1495800890713022191	700851012	193929	94082	68091359	166151	163790070	1087
1495800891213629713	700852389	193926	94504	68090255	167015	163812171	1083
1495800891714353443	701014075	193403	93380	68148967	167592	163867897	1089
1495800892214965340	700857313	191758	93123	68097331	166799	163831230	1082
1495800892715573320	700854891	192715	92926	68110695	167307	163841698	1085
1495800893216173926	700840268	192156	93101	68053132	166534	163795541	1080
1495800893716771781	700838770	195887	94421	68116661	168477	163843179	1086
1495800894217444094	700942219	192592	94892	68136089	165905	163852624	1087
1495800894718042991	700838437	194263	95415	68099486	167365	163792211	1085
1495800895218647513	700845022	286438	157270	150037829	470482	818378761	1792
1495800895719339993	700968384	241578	131026	171705289	520524	1019864712	1277
1495800896219936015	700837112	669267	354004	141333121	6611374	604383877	5121
1495800896720543495	700841356	1543727	840418	179028004	4440309	415452306	13365
1495800897221174809	700897844	594507	345584	210405799	3733221	467071437	5410
1495800897721775664	700839216	113889	27027	392322344	690040	774257711	128
1495800898222393727	700863881	100413	25879	424966815	576022	801006968	116
1495800898723079291	700972712	87204	24824	436124717	527695	814094946	112
1495800899223664688	700811673	108202	25816	434126307	591436	807521668	112
1495800899724331918	700934536	86609	26908	408633246	687548	778748378	119
1495800900224931690	700842791	109499	25235	425724320	589620	801319899	117
1495800900725533003	700844362	108611	25368	439056600	528889	817723771	112
1495800901226135442	700845311	106911	25450	437191610	543885	812912564	112
1495800901726731255	700832868	110604	26101	425491544	636125	799239917	114
1495800902227332527	700842688	109219	25521	438177630	530655	815815530	112
1495800902727933549	700843561	109403	25431	440473392	519928	819073702	112
1495800903228536613	700842726	108495	25457	438484400	538414	815108860	112
1495800903729198510	700925063	111126	26974	433745832	586160	806396359	113
1495800904229879156	700954849	110283	25436	424808854	626159	796995759	113
1495800904730483178	700851008	109058	25987	436065972	516548	813559087	112
1495800905231078533	700832787	106368	25240	435857657	557343	812551733	112
1495800905731674389	700834705	108205	25491	434039649	590125	808021808	112
1495800906232272952	700840611	107395	25936	433189775	590060	806057935	112
1495800906732873724	700839553	110356	26795	420915921	686677	788922537	113
1495800907233477954	700847401	107859	24813	439517585	583771	812972828	113
1495800907734080018	700841671	109882	25847	438400846	618375	811097245	113
1495800908234683415	700847821	109363	25376	424311857	678052	793317253	112
1495800908735289228	700847851	108383	25259	435271489	623745	805409189	112
1495800909235897583	700852069	108932	25264	439309093	570996	815566955	115
1495800909736603980	700991092	109433	24950	438104403	618026	809522062	112
1495800910237279419	700946855	108433	25613	427459215	672683	796583198	112
1495800910737954815	700945767	112520	26038	425907915	681700	795678739	115
1495800911238624754	700942110	108728	24938	435957442	640714	805146112	112
1495800911739436525	701135563	111727	26197	429796043	678956	798701727	114
1495800912240120006	700957172	107017	24616	427053187	697683	791666799	112
1495800912740794111	700944541	113369	25851	412944188	716581	784299845	116
1495800913241472299	700951530	103152	25132	356055304	782346	745850307	120
1495800913742198446	701014532	103617	30322	255089588	944004	636696371	148
1495800914242802926	700846934	123443	29752	325255032	832634	685288390	168
1495800914743409740	700852200	189492	74051	251587368	1175871	574232061	904
1495800915244012428	700846304	155846	65258	225980271	1923019	554859028	692
1495800915744609033	700837875	141891	58059	235442519	2056259	575636266	595
1495800916245207097	700835847	151951	64106	233223002	2270677	553341837	664
1495800916745884035	509567150	440825	152551	161061011	1707720	360704995	2077
1495800917246529516	670743402	7204671	2081112	157855802	2476517	310259724	36188
1495800917747191912	700883019	7607332	2194512	161605526	2589211	314406821	38427
1495800918247883017	700978520	7499096	2162200	165234226	2550057	327055464	37955
1495800918748495039	700856141	6300387	1916682	205689820	2342730	413998567	33526
1495800919249228144	701024520	82598	34019	244263008	934917	564216828	268
1495800919749842541	700864270	58600	21609	247203664	940060	567145725	113
1495800920250458521	700863530	57022	21127	246983692	937811	566286981	112
1495800920751063585	700847060	57425	21347	247257232	939994	567247082	113
1495800921251667065	700845832	56925	21917	246651050	937829	565795436	110
1495800921752302962	700892122	59330	22596	247625865	941079	567835299	113
1495800922252901859	700839166	57015	21526	246822194	937836	566126463	112
1495800922753504839	700842428	58634	21981	247216598	940265	567053996	113
1495800923254184278	700953298	57736	21904	246092404	936243	564822521	114
1495800923754864758	700954264	57602	22213	247320103	940155	567292473	113
1495800924255475196	700856850	56758	21572	247284489	939127	567018514	112
1495800924756076968	700841048	58166	22906	245725761	939414	565229318	114
1495800925256681532	700847936	57679	22022	245979751	942958	566322230	112
1495800925757274387	700834492	60406	21848	245791727	945214	566454691	113
1495800926257878450	700842634	57063	20662	245260057	939280	565667313	112
1495800926758489347	700858914	57843	21528	246711883	946047	569086138	113
1495800927259226327	701032664	58390	22270	245538060	945565	567026614	114
1495800927759838057	700854426	57364	21663	245129140	943786	566320278	113
1495800928260452038	700873466	55535	22264	246131177	947958	568599178	113
1495800928761051393	700831052	58335	22149	245041650	961604	566468747	114
1495800929261663998	700858188	57036	21527	244389623	959026	565340471	112
1495800929762273187	700852236	58299	22214	245373373	963364	567493742	113
1495800930262881833	700852692	57501	22454	244705288	1006846	566065529	112
1495800930763492814	700859508	61035	22162	244911520	1052700	566885967	113
1495800931264233294	701035626	59235	22363	243582721	1044454	563902481	114
1495800931764845149	700857188	60767	22593	244431826	1047137	565829066	113
1495800932265454587	700853766	58733	22121	244050118	1046654	564976321	112
1495800932766061401	700849032	58957	21976	243919973	1048037	564745431	113
1495800933266742464	700957720	56884	21485	243948980	1047702	564689193	112
1495800933767352445	700853296	58500	21843	244194605	1046950	565375995	113
1495800934267964341	700854428	57780	21501	243828863	1065837	564652158	112
1495800934768577822	700863164	60133	22510	243321893	1070821	563488162	113
1495800935269304427	701019348	58858	21673	243012633	1073334	562840356	114
1495800935769918574	700857692	60524	22830	243419193	1073863	563836819	110
1495800936270526804	700854572	58236	21863	243028338	1065407	562910054	112
1495800936771140784	700860044	58603	21977	243565641	1059704	564149038	113
1495800937271825931	626670125	386365	128009	215140173	1050511	493874305	1767
1495800937772484369	552147062	5895734	1714476	130946373	2059112	258292868	29618
1495800938273146308	700927377	7661161	2218102	161402951	2637437	313200930	38707
1495800938773760871	700867115	7520803	2188004	164822130	2602834	325700866	38085
1495800939274574268	701141181	7324291	2149927	165360971	2592851	328409801	37727
1495800939775292040	701004798	1339134	662699	154093397	1676201	397332722	9836
1495800940275986895	700976604	358179	149005	144994422	3174591	321837075	1699
1495800940776664875	700947542	57146	25723	240834996	4069315	502687085	113
1495800941277350938	700964891	53414	22721	241516321	3816137	503732359	112
1495800941778029960	700949661	55022	31651	241638850	3547366	504560466	113
1495800942278713482	700959210	54182	29638	241569746	3757374	503727615	112
1495800942779525712	701138434	56313	29151	241524938	3785101	504313995	114
1495800943280154275	700879982	55647	29457	241602827	3845510	504882363	113
1495800943780780505	700877444	55878	34064	241346902	3790717	505569060	113
1495800944281409736	700880332	55593	37836	240871550	4260526	503750241	113
1495800944782036091	700880244	57922	27948	240869799	3947064	502359415	113
1495800945282663946	700879944	55783	27691	240751279	3875934	503438304	112
1495800945783286134	700872432	57792	33226	241843897	3316147	504203481	113
1495800946283946156	700864748	55583	33459	242080202	3033023	504788638	113
1495800946784560928	700921944	57231	27103	242154638	3209949	503354334	113
1495800947285182367	700871106	56126	27937	241993230	3192777	504730719	113
1495800947785811638	700881218	56058	25234	241952857	3223733	504164625	113
1495800948286432994	700874412	54228	27368	241748509	3267564	505060116	112
1495800948787055724	700871009	56261	29753	241678222	3427606	505464097	113
1495800949287685246	700880987	55789	34960	240730791	3895753	502160448	112
1495800949788309976	700877856	56746	33681	240777164	4063654	501920397	113
1495800950288997873	700876060	256509	107025	192705540	2996152	423863345	1120
1495800950789620561	700961280	300340	122814	182590988	2174995	408922415	1409
1495800951290247833	700879006	54962	26164	241862719	2381541	503916158	113
1495800951790869105	700872040	55635	25338	242238242	2370214	504257015	113
1495800952291492043	700869836	54291	28163	242141181	2666519	505005992	112
1495800952792180065	700967242	55384	26051	242193574	2531337	504419850	111
1495800953292776754	700834928	54597	29092	242079547	2526671	505207349	112
1495800953793373942	700839105	54450	30301	242241832	2477130	505516800	113
1495800954294017631	700896441	55439	36483	242203290	2351104	506337561	113
1495800954794619444	700845556	56538	35646	242258550	2256991	504703042	113
1495800955295224216	700847183	56894	35262	242070160	2382028	502678514	113
1495800955795826905	700848016	57879	24226	241665745	2194452	503893842	113
1495800956296424677	700836648	55150	24289	242442395	2424498	504243739	112
1495800956797025323	700841901	55575	23447	242576768	2703951	504210909	113
1495800957297636929	700862887	51808	23425	243034427	2583891	503495988	112
1495800957798325034	700958727	55490	34961	242526718	2487667	504670727	113
1495800958299051430	700848294	56030	24523	242542873	2587818	504058712	113
1495800958799655911	701014666	57751	24760	242177821	2453233	505137122	113
1495800959300263933	700854997	57376	24878	242003897	2322125	504776419	113
1495800959800871288	700850807	57460	24789	242084467	2400671	503652018	113
1495800960301466935	700834912	55887	22810	242297757	2453847	503637196	112
1495800960802067998	700841704	390658	161571	173982210	1932037	400792525	1911
1495800961302680895	700857256	160525	62632	202771677	2401920	434684217	621
1495800961803283167	700847964	57817	24553	242424066	2289972	506199907	113
1495800962304010272	701009322	56937	24274	242984827	2422684	506575927	113
1495800962804627252	700870855	56415	24301	242691057	2645958	506418272	113
1495800963305249399	700871997	57319	23781	242976060	2503809	506567135	113
1495800963805865921	700865066	56289	24242	242741295	2448210	507008205	113
1495800964306487859	700872062	56102	24898	242548663	2502554	506711081	112
1495800964807104715	700864175	57193	23226	242539201	2226358	507171734	113
1495800965307725445	700868140	56148	23610	242581733	2268602	506180772	112
1495800965808346425	700870515	58977	26122	241915351	2340633	504174592	113
1495800966309019363	700943014	56150	24900	242102596	2261792	505206226	113
1495800966809640677	700871502	58408	26578	242659271	2457064	505984785	114
1495800967310262490	700869708	55602	24844	242868123	2629532	505335620	112
1495800967810884387	700874162	56386	23464	242836225	2525651	505053020	113
1495800968311506326	700870926	55261	24111	242335762	2451706	505253486	112
1495800968812123931	700865513	57135	24329	242424450	2530687	505424031	113
1495800969312747870	700872907	55645	23256	242199640	2486181	506841618	112
1495800969813464891	701004888	58130	24842	242047134	2267621	505244072	113
1495800970314284705	701147752	56469	23715	242874226	2404398	505883758	111
1495800970814978310	700974212	59471	24317	242730847	2420037	505420567	114
1495800971315677873	700977012	502142	196934	137777767	1884759	336641886	2426
1495800971816365270	700968452	58848	24169	237824327	2361970	497325297	115
1495800972317094958	701019960	55770	23500	242650620	2352737	506036443	112
1495800972817714230	700869324	57301	24088	242613439	2524341	505077254	113
1495800973318333294	700867130	54694	23806	242644703	2626326	505012008	112
1495800973818987440	700871462	56248	24358	242464367	2544311	505157561	113
1495800974319607712	700913773	54927	24571	242860078	2391158	506310226	112
1495800974820227401	700871226	55947	25090	242656793	2500622	506390222	114
1495800975320842964	700862265	57160	24908	242375246	2207101	506824853	112
1495800975821452111	700851812	58382	24823	242207953	2343296	504689986	113
1495800976322070550	700867036	56684	30248	242204157	2311086	504873747	112
1495800976822685155	700862364	57308	35600	242310705	2341585	505520101	113
1495800977323300010	700862028	54197	36165	242894733	2575129	506069836	112
1495800977823973365	700868273	57027	33849	243073919	2628520	505286574	113
1495800978324587679	700934840	55999	35129	243064638	2592054	505737617	112
1495800978825205034	700864372	57374	38461	242754928	2512111	505961763	114
1495800979325832472	700878160	55916	38253	242716771	2577856	506350356	112
1495800979826450453	700867453	56594	38183	242586022	2412284	507196402	113
1495800980327074349	700875610	57024	36751	242283578	2336212	504951753	112
1495800980827691538	700866252	58078	36087	242845226	2402817	505547473	113
1495800981328313518	700866180	56207	33923	225137666	2383956	470375942	113
1495800981829016207	478165523	4299764	1253480	110231972	1648347	222924884	21566
1495800982329713478	700964510	7667815	2215163	161194427	2622902	311739727	38849
1495800982830330375	700865004	7549970	2189102	164029394	2596403	322045959	38319
1495800983330979355	700910143	7395035	2148797	167560145	2566180	335649897	37568
1495800983831624169	700915463	2386782	766185	115666736	1223201	279960458	13111
1495800984332219566	700832780	2345614	1429210	133533161	2155709	260479016	23756
1495800984832844046	700879024	374557	251831	100997947	4548218	266278820	3542
1495800985333427443	700816596	67537	24626	138675391	3344269	550681645	116
1495800985834021256	700832520	70762	25133	131747449	4121544	580824111	113
1495800986334597528	700808628	68511	25167	136033355	3626407	599864557	112
1495800986835198967	700827954	60731	24941	132334334	4108416	584099041	114
1495800987335853489	700932494	70468	25222	128562084	4453660	566762532	111
1495800987836449594	700835981	66922	24253	134076035	3932065	591942335	112
1495800988337050074	700839774	67462	24882	134413362	3846587	592694121	112
1495800988837643679	700832709	70913	25709	141265776	3490142	624873378	113
1495800989338243493	700839458	61113	22159	196772529	127120	885077839	112
1495800989838845681	700842954	63575	22635	116511111	1350019	486939895	122
1495800990339507703	700929208	61300	24331	130453916	3361068	427663399	120
1495800990840102225	700834726	69199	24410	127776295	4491011	562809753	114
1495800991340709747	700851050	66384	24893	133340693	3940182	588355795	112
1495800991841412394	700985036	69509	25023	137871456	3460189	608639747	113
1495800992342037666	700876266	67827	24515	130594228	4348687	575870725	112
1495800992842658146	700872934	68999	24777	131844091	4019566	580747180	113
1495800993343289334	700881640	66437	24426	136277464	3630203	601403192	112
1495800993843972814	700876512	69137	25010	132553076	4077310	584681127	114
1495800994344600211	700961672	63499	23966	169547540	1763195	757634802	112
1495800994845225775	700866026	64666	23199	182998227	242777	815733160	116
1495800995345844713	700872780	65977	24896	89913853	3502819	306958705	126
1495800995846468027	700877226	72835	23981	141121640	3009662	540086270	114
1495800996347095049	700881455	67174	25336	131338623	4106458	578641963	112
1495800996847724945	700882477	67103	25455	134657709	3790022	593889492	113
1495800997348349259	700875858	67641	25237	131949995	4132355	581912792	112
1495800997849082072	701027126	70073	25830	127415385	4572873	561172036	114
1495800998349709761	700879904	68591	25032	132938108	4071901	587137135	112
1495800998850330949	700869992	69626	25932	132719392	3985239	584345636	114
1495800999350958346	700878780	66343	24560	134715680	3865403	594408560	112
1495800999851596493	700893436	62450	24304	196596835	144750	884162837	113
1495801000352309431	700997524	65083	23537	129338914	762705	558846587	117
1495801000852996453	700963796	66753	25051	123952405	3485062	386511326	124
1495801001353763308	701072564	68572	24647	127364526	4576735	561135652	112
1495801001854445080	700956076	71180	25269	133647974	3883998	589613133	114
1495801002355073352	700882964	70251	25034	134022715	3876679	590547215	112
1495801002855695999	700872080	67979	25269	131415326	4220998	579607565	114
1495801003356325812	700881432	69868	25040	131480438	4012571	579138876	112
1495801003856958209	700886908	68332	25398	134576687	3853435	593788926	113
1495801004357581939	700876832	67846	24534	133400250	3874314	587532394	110
1495801004858199003	700861664	68832	25123	163472924	2212425	729634271	113
1495801005358831816	700878852	62428	23021	189838660	202429	848291022	114
1495801005859582796	701059964	61588	25548	95261967	3340920	333012322	125
1495801006360182735	700843436	66106	23699	135080827	2957251	509956831	115
1495801006860792423	700852768	72247	25762	129793746	4261307	571381112	114
1495801007361389154	700835654	67473	25995	135153198	3714918	595914314	112
1495801007861996092	700850576	66737	25286	133238931	3992095	587502801	113
1495801008362595281	700845370	69364	25756	128583782	4449809	566532345	112
1495801008863199927	700843832	69002	25211	131818479	4223471	581734253	113
1495801009363801158	700843392	67364	24904	134687428	3780107	593248743	112
1495801009864545721	701041922	68957	25884	131199378	4207996	578574530	114
1495801010365149368	700845562	62551	23431	193746184	276225	870668852	112
1495801010865748598	700840114	68781	24447	144693386	555753	632709576	117
1495801011366460537	479436073	3339123	987525	99734074	1704053	210095652	16719
1495801011867085808	700892383	7683517	2238272	159933958	2638350	308758359	38947
1495801012367693247	700850084	7552369	2194825	163461951	2608349	320753190	38435
1495801012868380644	700962903	7428915	2171375	167243128	2584176	334292909	37918
1495801013369029791	700908401	4816499	2263725	173575055	2938689	306666277	40318
1495801013869666437	700887482	3174695	2065605	172716752	2760915	329097529	37023
1495801014370309834	700907998	3552697	2377099	183209739	3110594	305536429	42208
1495801014870961189	700893546	3349160	2272832	174237288	2934181	291872353	39743
1495801015371612878	700933052	1220688	798229	88034620	1167129	185367772	13983
1495801015872202108	700830129	291422	53647	257195496	585755	761367008	118
1495801016372870338	700942256	85443	60267	264678286	664331	830658830	112
1495801016873462777	700822862	93379	52675	273328743	653569	819042939	113
1495801017374060090	700837496	92591	27953	272673276	617122	806523118	113
1495801017874664529	700846943	96774	46032	266401463	613384	785022785	113
1495801018375276509	700854618	93472	42600	264065463	672156	794122647	112
1495801018875879239	700839574	95947	39770	261988823	769668	808268087	114
1495801019376490178	700864818	94110	48177	257685296	705951	789148617	112
1495801019877093283	700844136	93257	49908	258201877	747823	791324816	113
1495801020377694805	700842494	93904	46391	267952494	666637	795281188	112
1495801020878373493	700948311	93957	38314	271082393	668437	798193721	113
1495801021379039515	700934796	91072	44139	266391981	669076	786900731	111
1495801021879643245	700844425	164516	56941	269933803	587436	792503161	113
1495801022380254684	700861574	92945	38617	273178609	549173	774988283	112
1495801022880865039	700852952	100601	45322	269437314	560916	777368153	114
1495801023381469394	700848592	94598	38390	275043415	587826	777772454	112
1495801023882068874	700840074	94166	35398	274208982	580949	775456134	113
1495801024382660105	700829551	94845	31613	269205090	677458	779643354	112
1495801024883254877	700833577	95725	31244	272124007	647749	783842574	113
1495801025383850023	700833917	96149	39497	265754677	669974	749880680	112
1495801025884514837	700932202	99447	38862	268152840	656457	745700789	114
1495801026385119275	700847696	96310	41489	266817408	702330	748374813	112
1495801026885715756	700835092	96673	44981	275993459	543929	805512056	114
1495801027386320153	700844904	92861	42228	270358320	674980	793353233	112
1495801027886921966	700846686	98354	34696	274784735	521188	791848700	113
1495801028387519821	700835191	93775	29943	268005475	534426	826037508	112
1495801028888113510	700835735	92228	34144	258372905	663494	822637339	113
1495801029388716073	700841004	93521	34863	257730186	662696	802617909	112
1495801029889388387	700943687	93336	30697	258543275	470346	769352857	114
1495801030389996075	700850806	93124	29229	258577346	403578	769676210	112
1495801030890680306	700959303	92502	27628	270999252	345156	817601121	114
1495801031391282994	700844712	95555	28327	271100389	432062	787721464	112
1495801031891886599	700844616	99267	28909	265943511	369741	757789775	113
1495801032392489830	700847158	94816	29982	264752712	395728	734184544	112
1495801032893090226	700840207	95727	28971	267904480	450397	774359606	113
1495801033393686415	700837635	97388	29324	268122456	420656	776959669	112
1495801033894359978	700943913	99049	29901	262266659	475967	755704032	114
1495801034394951792	700827884	96051	33615	261032530	480608	777354542	112
1495801034895548981	700837568	99926	29808	272818794	487662	797875259	114
1495801035396228669	700952423	96786	28485	272958864	458969	784539894	112
1495801035896899274	700940095	100964	28814	272489472	466887	771036034	113
1495801036397573379	700942297	92821	29465	278152097	552140	736573119	112
1495801036898246651	700944989	92746	29375	287508214	507738	724777538	113
1495801037399046214	700953756	91256	34378	277489640	467927	758578218	113
1495801037899723069	701115922	93907	37206	274919682	545779	760653859	113
1495801038400400966	700951290	92759	31269	279919122	621003	758712197	112
1495801038901086821	700961489	97238	34970	273950415	732000	737599246	114
1495801039401762468	700944557	92388	34857	275224456	743191	767599643	112
1495801039902432323	700942220	93328	32314	281146597	691809	757821864	112
1495801040403152428	701004934	92967	35600	275960336	604847	774214251	112
1495801040903726950	700808120	92448	41004	274493359	653043	777931598	113
1495801041404388430	700921919	91579	40636	272799835	591776	772228049	113
1495801041904996244	700855144	95732	39047	269512032	687899	752190683	114
1495801042405579057	700818095	95447	39148	264704917	694096	773585075	112
1495801042906166704	700822282	97026	35387	273643614	594927	778510798	114
1495801043406754101	700822448	98927	35165	271462219	694993	768246887	112
1495801043907338540	700819414	98634	34243	271210758	654855	754214236	113
1495801044407925520	700823528	96051	33266	266746414	576998	791417613	112
1495801044908506792	700814794	102397	29687	265478240	403998	765200210	113
1495801045409156480	700910426	101433	30047	265008967	406038	746843501	113
1495801045909763669	700832856	90971	34184	268315081	525144	741763207	113
1495801046410404941	700919108	96828	33056	268054675	683357	719850753	112
1495801046911000671	700833628	105425	35727	269552347	757958	739326339	114
1495801047411602526	700841376	104491	34617	268069057	750156	738326396	112
1495801047912206715	700845964	106669	34682	260645359	747891	729822529	113
1495801048412804987	700838604	107210	32799	256407518	619486	711899292	112
1495801048913404467	700840354	107958	35491	255198643	904588	695020290	113
1495801049414003822	700842858	112668	33932	238383731	958019	652401458	113
1495801049914599136	700831376	111171	32310	202468885	1433537	530494286	113
1495801050415292491	700971332	83065	26669	150611747	2057950	358268733	112
1495801050915912429	700869640	70971	25520	190911595	576254	562670426	133
1495801051416534076	700871980	58711	23234	208084060	451904	629525161	112
1495801051917233473	514900683	491211	155736	142621744	471917	360649323	1739
1495801052417909203	664588408	7142653	2090022	156782222	2480634	308481574	36035
1495801052918577600	700928850	7637841	2226226	162024668	2624280	315223220	38736
1495801053419346080	701082780	7509863	2191612	165749287	2585037	328054709	38198
1495801053920051435	700987762	6962880	1857369	175510918	2264878	406380065	32039
1495801054420668665	700867297	927111	99187	209277580	1157652	545934751	831
1495801054921282645	700861146	109059	28429	200117270	1181216	481782659	134
1495801055421897292	700857857	115762	27122	199522979	1165869	472261851	112
1495801055922511022	700862728	96538	26729	197156990	1161997	473379030	113
1495801056423124627	700861852	93880	26339	197419423	1147319	473471897	110
1495801056923734941	700855533	106177	26795	202455755	1210415	484517050	113
1495801057424415004	700950675	91433	26760	190766475	1093381	457605839	113
1495801057925031443	700862252	103163	27361	188091726	1079474	447310512	113
1495801058425658340	700881800	123347	27777	193414235	1116052	451335604	112
1495801058926275278	700863140	120615	28144	190731310	1096543	447232023	114
1495801059426894967	700867572	117050	27127	191941424	1083834	449467175	112
1495801059927588697	700973640	99465	27522	180747788	1028812	432387867	113
1495801060428210969	700871216	95266	27190	182156930	1038316	435363361	112
1495801060928824032	700861288	112341	28469	186394520	1060564	442059244	113
1495801061429495596	700940376	112449	28273	189389568	1080066	450575082	113
1495801061930112368	700862312	103960	28826	189920192	1076713	453477477	113
1495801062430724806	700858776	98133	27313	194417426	1125969	466400335	112
1495801062931341286	700865012	103605	28982	187162750	1070225	446394177	114
1495801063431959100	700864264	105450	28590	182364631	1038265	433145393	112
1495801063932570413	700859112	108165	27192	189804420	1059452	445998099	113
1495801064433185185	700861924	99541	27231	177624907	990964	422118872	112
1495801064933803457	700865528	110785	27914	189280784	1056099	445787724	113
1495801065434468854	700934492	114647	27256	187493129	1072340	447879081	113
1495801065935087459	700865168	116743	27413	190392642	1071148	450569563	113
1495801066435706273	700866684	103455	27008	185700216	1043472	442145784	112
1495801066936323253	700865820	115257	29182	189037454	1070875	448121650	114
1495801067436939358	700862560	110395	27271	188351953	1056911	444874752	112
1495801067937556422	700864548	110750	27946	189477112	1055820	446651578	113
1495801068438169068	700859900	108741	27836	190869724	1070234	451852933	112
1495801068938783174	700860360	114276	28027	192387817	1092501	453667503	113
1495801069439441362	700923216	99047	26807	200405218	1131082	477611674	113
1495801069940119217	700951460	101637	28070	203377205	1115243	478194057	113
1495801070440796322	700947900	106253	28175	198150539	1101469	466335797	112
1495801070941458052	700927652	102971	28989	182324910	1015288	431458459	121
1495801071442113533	700918404	94236	27378	183569606	1014819	431555998	112
1495801071942771138	700920892	94776	28442	185984114	1023602	436144789	113
1495801072443433618	700927840	94595	27527	176842486	982963	417614200	112
1495801072944160931	701020208	99722	28346	181356539	1003846	424535137	114
1495801073444814870	700917892	103187	27412	192102945	1065974	448477440	112
1495801073945464267	700910200	114455	28923	198874048	1093500	464104823	113
1495801074446111830	700906124	107560	28164	203328016	1114171	473354720	112
1495801074946762227	700911492	114758	28009	197685705	1083730	461794665	112
1495801075447439790	700947252	103203	27525	201991627	1098510	468391474	112
1495801075948198687	701064504	104626	28364	192964671	1060079	447413165	113
1495801076448864584	700934720	107967	28970	191328816	1052272	445541336	112
1495801076949589855	701015780	104373	28920	188115138	1037670	440117780	114
1495801077450261586	700941512	110674	28180	189799068	1054569	446577150	112
1495801077950929941	700935072	94707	28474	196544631	1065222	467087149	113
1495801078451597837	700938140	95459	28194	197551030	1075912	470475884	112
1495801078952273193	700945632	100576	27646	195447178	1067102	463182130	114
1495801079452992506	701008068	96327	27088	186833057	1024986	439953472	112
1495801079953597236	700847656	98960	27168	187409997	1021985	442712822	113
1495801080454258925	700927608	102596	27287	189025029	1044540	441579681	113
1495801080954857113	700837000	104153	27555	190429300	1049265	444714250	113
1495801081455450802	700834640	108425	27703	195124454	1078325	454043898	112
1495801081956048115	700837640	113775	28221	205690744	1123466	476137074	113
1495801082456649096	700836136	115193	26839	206701321	1129028	477098366	112
1495801082957252284	700851020	115125	28611	209437051	1135917	480845906	114
1495801083457848889	700836868	106503	27259	192265103	1054393	444969311	112
1495801083958443786	700831712	106215	27596	189991144	1044623	439140468	113
1495801084459044391	700841832	106087	26674	188818828	1040545	437670749	113
1495801084959641080	700835212	100435	27343	183239195	1002055	425198718	113
1495801085460238227	700840220	105929	27562	186617471	1022465	433465646	112
1495801085960835290	700833724	96964	26302	186448083	1009903	446516936	113
1495801086461439562	700843636	86295	26032	185910884	1024194	449845369	112
1495801086962041667	700847196	98484	27379	195167612	1091246	462057042	114
1495801087462638231	700837576	115750	27513	203283276	1147135	477708279	112
1495801087963236045	700838136	100774	27476	187803740	1037117	438982131	113
1495801088463834941	700835928	99604	26442	186704072	1039483	438237808	112
1495801088964537963	700987564	107477	27838	193894477	1076594	455331082	114
1495801089465139360	700842404	111943	27647	201866969	1114053	467947887	112
1495801089965742549	700845056	115581	28242	204923186	1127239	473698541	113
1495801090466339904	700835740	110496	27012	205034432	1130124	474963536	112
1495801090966935592	700838600	112372	27803	203078669	1126227	470364340	114
1495801091467530239	700833368	110053	26863	198505319	1099217	459435653	112
1495801091968137261	700850508	106347	26732	188850912	1041078	439401681	113
1495801092468733741	700836056	102698	26907	183780989	1017118	426275924	112
1495801092969392680	700921708	103036	27036	188091202	1017120	440003866	114
1495801093469987743	700836172	91297	25549	200868500	1100865	476996435	110
1495801093970580515	700831664	113819	28088	204644537	1153804	482056545	113
1495801094471180954	700841052	120303	27872	205590992	1156833	481741196	112
1495801094971779892	700839192	113827	28088	202150341	1117066	471687448	114
1495801095472382831	700842084	109000	27081	198370263	1100438	463477673	112
1495801095972979936	700840496	102902	27032	188094248	1043557	442902333	113
1495801096473575375	700832232	105521	27575	193805500	1079637	451699325	112
1495801096974238105	700927652	108708	27849	193954395	1080233	452156043	114
1495801097474834418	700838516	112120	27291	197283853	1094450	458676681	112
1495801097975432149	700836328	112522	27865	196623719	1078225	455332536	113
1495801098476026337	700835076	107742	27066	193150823	1051299	450541154	112
1495801098976694942	700935128	102492	27442	198474256	1039467	470921252	114
1495801099477291464	700836504	117421	27320	207460582	1131012	489564693	112
1495801099977885694	700831960	120407	27324	202197806	1121462	477242525	113
1495801100478469800	700821144	109999	26943	197104704	1097171	464066483	112
1495801100979065363	700828432	121769	27696	198757834	1151058	463689337	114
1495801101479658843	700837268	120404	27027	202609307	1132990	471778082	112
1495801101980319657	683249724	432718	131745	198985094	1107121	467546026	1756
1495801102480994595	495578355	5286385	1525894	117659869	1820232	232617207	26425
1495801102981595367	700843756	7686982	2214321	161478346	2606548	313480314	38658
1495801103482184014	700822546	7558584	2181624	164519496	2565864	324414322	38170
1495801103982790036	699400532	7300937	2133956	166741774	2539254	333850461	37087
1495801104483423391	700902827	2309013	390647	305354354	677838	904385229	6850
1495801104984062496	700900394	63443	22232	413252130	346843	1105572099	114
1495801105484801726	701033036	67631	21816	414666065	346670	1112514968	112
1495801105985465207	700928500	70537	22091	420679791	351872	1130195536	113
1495801106486132145	700933555	69142	21744	437094758	366587	1170199415	112
1495801106986802875	700940361	69620	21848	454430392	379681	1214217705	114
1495801107487475314	700941958	69200	21488	469943886	390379	1263599268	112
1495801107988140877	700935035	71386	22936	479802979	400237	1284628530	113
1495801108488864774	701016639	70398	22864	484713885	402927	1297371981	112
1495801108989518962	700912892	73816	23110	471649364	387637	1285946272	114
1495801109490115401	700835711	71780	23146	467315499	381821	1288219716	112
1495801109990712589	700840141	71689	23105	456529964	368772	1278291954	113
1495801110491313320	700839819	70237	22560	442998610	353357	1262453865	112
1495801110991910883	700837601	72979	24094	425485492	338193	1230425028	114
1495801111492506613	700836057	70861	23072	408492955	322217	1193416672	110
1495801111993107302	700840383	70752	24262	399316370	312989	1179260490	113
1495801112493708199	700842206	73863	24502	377865964	311233	1083580468	117
1495801112994351179	700900937	75649	26034	405534459	340553	1073818073	114
1495801113494953326	700846410	72632	25059	405030735	339853	1072631368	112
1495801113995553056	700839972	75937	25027	409013857	342754	1085956947	115
1495801114496151245	700836786	74607	24612	421511872	352896	1122081751	112
1495801114996751433	700841243	76956	25285	436573971	364943	1160714407	114
1495801115497351205	700840126	73307	24441	454598979	380316	1202465829	112
1495801115997950144	700838976	76526	25033	464700419	386299	1234698875	113
1495801116498548832	700837884	74368	24140	470827811	391512	1254269995	112
1495801116999205604	700922104	76753	24991	472137987	391827	1259830180	114
1495801117499803792	700838365	75769	25131	462142907	378097	1258423599	112
1495801118000407939	700845879	75333	25133	454709143	368320	1261960903	113
1495801118501095753	700965176	74857	25463	444551073	358044	1247463027	112
1495801119001711608	700864792	77502	25141	429556332	343675	1219927146	114
1495801119502327005	700863196	75082	24785	410654814	325808	1182820745	112
1495801120002946777	700865521	75838	24960	397379277	313121	1158766247	113
1495801120503563424	700866371	74121	25400	388892334	304097	1146184442	112
1495801121004250029	700960758	75156	25308	380259217	329308	1029372272	118
1495801121504871926	700872227	74345	24825	402857091	336995	1071740855	112
1495801122005504406	700886818	75579	24705	406127119	340271	1080243184	113
1495801122506119344	700861981	72671	23827	413610805	347327	1097106337	112
1495801123006731116	700856553	75283	24679	428371318	359125	1133530531	114
1495801123507346388	700862379	74390	24219	444900652	370961	1181311388	112
1495801124007959910	700859963	75655	24771	459416109	382304	1224334309	113
1495801124508579015	700868275	74099	24155	468049612	390857	1239066806	112
1495801125009243120	700930926	76984	25192	473864016	393842	1259523662	114
1495801125509859392	700865005	75114	25127	466094729	383049	1262872808	112
1495801126010476122	700862374	74987	25128	460441368	376153	1259830035	113
1495801126511092644	700864661	73493	24089	451055264	364541	1254091094	112
1495801127011706166	700859856	75088	25143	436333805	349009	1233317343	114
1495801127512319229	700858388	74664	24212	419962087	333401	1205297457	112
1495801128013004501	700961430	74331	24899	403397065	319653	1170181646	113
1495801128513599065	700833248	73211	24417	394533413	309390	1156687436	112
1495801129014243045	700901812	75489	25133	368979633	307984	1063312598	122
1495801129514837192	700832212	72948	23863	406180309	339726	1077353421	112
1495801130015434047	700837212	73178	24469	404331888	338965	1070271583	113
1495801130516031944	700837093	72510	24365	408430384	342548	1082343363	110
1495801131016620007	700825749	74456	25223	420400442	352430	1117337341	114
1495801131517208404	700824131	73759	23685	434814573	362416	1158223346	112
1495801132017795593	700820923	77043	25080	451658020	377829	1196859604	113
1495801132518382323	700826313	72777	23933	465035544	387175	1232046350	112
1495801133019025887	700895166	74719	24500	469959160	390744	1252989259	114
1495801133519605534	700816127	74301	24031	472045222	390962	1259718054	112
1495801134020192056	700822744	76794	24764	463537902	380707	1257662547	113
1495801134520808619	700851631	70257	24658	455265556	368761	1261208417	112
1495801135021460183	700924121	72863	24514	445249965	358356	1249784620	114
1495801135522071454	700858468	76219	24723	430895407	344607	1223014624	112
1495801136022664143	700831881	75739	24599	412900464	328514	1187030512	113
1495801136523259790	700833931	73660	23635	398301287	313207	1159832378	112
1495801137023851520	700830498	75026	24506	390194832	305158	1148753429	113
1495801137524494667	700899568	71349	25194	372533646	324373	1042295937	117
1495801138025160855	700935396	70849	25187	378324221	330153	1041762711	113
1495801138525759086	700835757	68280	25263	380038868	331095	1046880963	112
1495801139026360774	700843727	70083	25586	385771714	336062	1061100270	114
1495801139526960963	700841169	67183	24135	400841195	349492	1099064943	112
1495801140027564860	700846131	67960	24148	416357177	361132	1143536028	113
1495801140528252590	700964501	68507	24054	429698367	370655	1185274144	112
1495801141028972903	700942378	70000	25029	435707733	377602	1196998723	114
1495801141529662050	701032903	69783	24462	444151845	384428	1219895408	112
1495801142030334197	700942180	69142	24975	437666457	374320	1224893564	113
1495801142531003218	700937156	68774	25101	433020570	367026	1227561496	112
1495801143031675573	700944190	70839	25944	428375219	360248	1230270994	114
1495801143532343970	700934493	69693	25362	416168160	345836	1215545229	112
1495801144033021325	700949842	71315	25331	400926182	330456	1188682842	114
1495801144533691514	700939253	69458	24278	385683400	316128	1157497752	112
1495801145034424202	701027262	72360	25550	378070209	308529	1146489674	114
1495801145434466320	550751803	365941	120354	277362800	352164	834426155	1726
