#Timestamp	Benchmark	CPU(4) Frequency(MHz)	CPU(4) Temperature(C)	A15 Voltage(V)	A15 Current(A)	A15 Power(W)	CPU_CYCLES	L1I_CACHE_REFILL	L1I_TLB_REFILL	L1D_CACHE_ACCESS	L1D_TLB_REFILL	INST_RETIRED	EXCEPTION_TAKEN
1495800808582415355	parsec.dedup	1400	35	1.000000	0.320000	0.344000	451004063	4785634	1394131	107823688	1665920	213712436	24087
1495800809092320489	parsec.dedup	1400	35	1.000000	0.785000	0.830000	701444155	7689375	2228276	161935320	2633075	314026734	38895
1495800809602419539	parsec.dedup	1400	35	1.000000	0.794000	0.841000	700877972	7550524	2194483	165004063	2598240	324904086	38394
1495800810112155965	parsec.dedup	1400	35	1.000000	0.793000	0.840000	700944353	3985024	2555941	183417910	3155884	273563653	30817
1495800810622266682	parsec.dedup	1400	35	1.000000	0.798000	0.844000	700883758	3230712	2230494	182295926	2966392	273402033	26183
1495800811132325400	parsec.dedup	1400	35	1.000000	0.808000	0.854000	701015196	2747927	1712568	190338742	2774545	328605325	30113
1495800811642283409	parsec.dedup	1400	36	1.000000	0.803000	0.849000	700844792	1919703	1031974	322433045	1410811	824071490	14254
1495800812152130418	parsec.dedup	1400	36	1.000000	0.953000	1.010000	700932514	1617661	839619	334724593	1133585	880173474	11051
1495800812661488011	parsec.dedup	1400	36	1.000000	0.949000	1.005000	700841842	1396191	663604	366513030	900674	999228258	7324
1495800813170965271	parsec.dedup	1400	36	1.000000	0.979000	1.037000	700842174	1600934	726140	343270964	884797	944254062	8250
1495800813680163073	parsec.dedup	1400	36	1.000000	0.943000	0.999000	700839990	1428600	681043	345155581	885348	992363480	7854
1495800814189471874	parsec.dedup	1400	36	1.000000	0.981000	1.039000	700849024	1689672	781208	353494716	1373125	954020092	9049
1495800814698786301	parsec.dedup	1400	36	1.000000	0.962000	1.019000	700843632	1790333	832272	347783075	1646616	939489082	9711
1495800815208313227	parsec.dedup	1400	36	1.000000	0.937000	0.993000	700848624	1835563	841255	337126649	1795069	907268847	9852
1495800815717873570	parsec.dedup	1400	36	1.000000	0.931000	0.986000	700845676	1474017	682286	344053303	1402920	988265395	7660
1495800816227080122	parsec.dedup	1400	36	1.000000	0.938000	0.994000	700844604	1870614	879765	359239770	2020414	971271902	10264
1495800816736563090	parsec.dedup	1400	36	1.000000	0.912000	0.966000	700855980	2527399	1208013	351127861	2713829	823013498	14270
1495800817246051974	parsec.dedup	1400	36	1.000000	0.979000	1.037000	700959300	3310671	1628113	281373174	3297266	534950646	19148
1495800817755516193	parsec.dedup	1400	36	1.000000	0.885000	0.938000	700850436	3326293	1646427	277741300	3278380	529323945	19511
1495800818264994244	parsec.dedup	1400	36	1.000000	0.880000	0.932000	700867012	3284152	1624062	280141438	3279310	534184665	19293
1495800818774454212	parsec.dedup	1400	36	1.000000	0.878000	0.930000	700861232	3262539	1623368	280979825	3280385	536051059	18962
1495800819283943430	parsec.dedup	1400	36	1.000000	0.872000	0.924000	700848716	3373819	1692160	270939842	3263490	519185650	19981
1495800819793361565	parsec.dedup	1400	36	1.000000	0.879000	0.931000	700860177	3299565	1645860	276193568	3283926	526768333	19489
1495800820302878699	parsec.dedup	1400	36	1.000000	0.878000	0.930000	700874519	3306044	1663559	272437630	3624932	513379375	19659
1495800820812317709	parsec.dedup	1400	36	1.000000	0.877000	0.929000	700847688	3365515	1684545	267312354	3574448	506415595	20334
1495800821321907260	parsec.dedup	1400	36	1.000000	0.872000	0.924000	700864668	3292708	1684448	270632764	3584349	510812836	20035
1495800821831618853	parsec.dedup	1400	36	1.000000	0.870000	0.920000	700862748	3301344	1629849	274670362	3554497	516978286	19442
1495800822341221404	parsec.dedup	1400	36	1.000000	0.873000	0.925000	700838456	3289384	1622666	274031337	3341173	523836493	19562
1495800822850685414	parsec.dedup	1400	36	1.000000	0.877000	0.929000	700851256	3359493	1660667	269496864	3389129	512520743	19869
1495800823360260549	parsec.dedup	1400	36	1.000000	0.874000	0.926000	700849092	3266841	1604018	276573022	3405241	524583032	19116
1495800823869732308	parsec.dedup	1400	36	1.000000	0.875000	0.927000	700857152	2919908	1433674	267499171	2399453	562000756	16882
1495800824379087985	parsec.dedup	1400	36	1.000000	0.887000	0.940000	700835117	3158775	1567914	267905039	2726275	548197587	18745
1495800824888561536	parsec.dedup	1400	36	1.000000	0.886000	0.939000	700993375	2949226	1472003	265449031	2403556	553230410	17185
1495800825397980671	parsec.dedup	1400	36	1.000000	0.867000	0.919000	700890124	3343335	1687811	232542353	1967847	538815511	19454
1495800825907341056	parsec.dedup	1400	35	1.000000	0.857000	0.908000	700843958	3550444	1804428	226988118	2096554	524099787	20177
1495800826416790191	parsec.dedup	1400	35	1.000000	0.860000	0.911000	700888590	3452748	1723537	228655989	2057380	515101783	18686
1495800826926355825	parsec.dedup	1400	35	1.000000	0.865000	0.916000	700939802	3484558	1777273	230119697	2072529	520674599	20227
1495800827435820460	parsec.dedup	1400	35	1.000000	0.855000	0.906000	700886162	3476369	1766272	229042898	2050937	531595325	19397
1495800827945273178	parsec.dedup	1400	35	1.000000	0.853000	0.904000	700869092	3312485	1683981	233049333	1991409	534980621	19244
1495800828454695313	parsec.dedup	1400	35	1.000000	0.863000	0.914000	700885216	3109156	1576575	232212549	1871752	546203385	18812
1495800828964127948	parsec.dedup	1400	35	1.000000	0.867000	0.919000	700867684	3092959	1564415	233498989	1892570	545599620	18499
1495800829473504833	parsec.dedup	1400	35	1.000000	0.857000	0.908000	700847024	3492157	1770281	226827619	2040023	527662667	19537
1495800829983028676	parsec.dedup	1400	35	1.000000	0.855000	0.906000	700875668	3104137	1587727	235305109	1881020	545794799	18713
1495800830492530060	parsec.dedup	1400	35	1.000000	0.860000	0.911000	700832716	3194796	1609854	231399745	1913977	541810231	18757
1495800831001951320	parsec.dedup	1400	35	1.000000	0.858000	0.909000	700841917	2919033	1474409	236059036	1782456	558965589	17898
1495800831511652788	parsec.dedup	1400	35	1.000000	0.857000	0.908000	700836455	3216692	1627592	233224285	1950202	543712653	18856
1495800832021183589	parsec.dedup	1400	35	1.000000	0.862000	0.913000	700864909	3366976	1702182	231528801	2005872	534994100	18729
1495800832530589682	parsec.dedup	1400	35	1.000000	0.853000	0.904000	700839411	3169368	1596960	234960768	1940090	546790561	18365
1495800833040002692	parsec.dedup	1400	35	1.000000	0.860000	0.909000	700924482	3295074	1672787	229295096	1960740	538045605	19371
1495800833549437910	parsec.dedup	1400	35	1.000000	0.854000	0.905000	700853108	3463831	1756515	229135737	2032475	530312534	19631
1495800834058841212	parsec.dedup	1400	35	1.000000	0.859000	0.910000	700847474	3187572	1618118	234869374	1914046	542696807	19198
1495800834568278638	parsec.dedup	1400	35	1.000000	0.854000	0.905000	700872024	3126743	1578426	233665756	1864674	547676150	18580
1495800835077641231	parsec.dedup	1400	35	1.000000	0.854000	0.903000	700829428	3899077	1988625	220324189	2261690	501446876	20851
1495800835587127533	parsec.dedup	1400	35	1.000000	0.863000	0.913000	700821412	3030199	1526627	236711668	1830890	543961399	17561
1495800836096746459	parsec.dedup	1400	35	1.000000	0.866000	0.916000	700836914	3447914	1760869	228967137	2053689	521553456	19159
1495800836606214843	parsec.dedup	1400	35	1.000000	0.856000	0.905000	700959342	3404129	1727790	231780536	2016399	531648665	19558
1495800837115958519	parsec.dedup	1400	35	1.000000	0.851000	0.902000	700911304	3395320	1730523	231659782	2029857	527727193	19868
1495800837625490612	parsec.dedup	1400	35	1.000000	0.854000	0.905000	700857300	3387055	1712882	230991626	2009900	532456274	19629
1495800838134831081	parsec.dedup	1400	35	1.000000	0.857000	0.908000	700816640	3336260	1683905	228125033	1988851	530392883	19646
1495800838644200216	parsec.dedup	1400	35	1.000000	0.849000	0.899000	700857560	3170150	1612178	232545125	1904003	538162796	19234
1495800839153897850	parsec.dedup	1400	35	1.000000	0.858000	0.907000	701009170	3093611	1552752	234403379	1860302	542094098	18556
1495800839663774651	parsec.dedup	1400	35	1.000000	0.877000	0.927000	701016906	3499966	1784218	227472302	2066455	524305292	19579
1495800840173542535	parsec.dedup	1400	35	1.000000	0.859000	0.908000	701174900	3261096	1629441	232788739	1939801	535528516	19004
1495800840683173211	parsec.dedup	1400	35	1.000000	0.853000	0.904000	701031908	3382595	1686477	221803070	2033090	493824122	17825
1495800841192592804	parsec.dedup	1400	35	1.000000	0.849000	0.898000	700981596	3440048	1733559	231462617	2045516	531443881	19502
1495800841702152689	parsec.dedup	1400	35	1.000000	0.843000	0.891000	700976140	3589718	1790291	226667470	2181786	519751574	19588
1495800842211476074	parsec.dedup	1400	35	1.000000	0.851000	0.900000	700969374	3866052	1944729	222257916	2323148	505544185	20432
1495800842720803792	parsec.dedup	1400	35	1.000000	0.850000	0.899000	700982344	3301912	1654635	229970271	2057565	537458650	19359
1495800843230423635	parsec.dedup	1400	35	1.000000	0.857000	0.906000	700958776	3312759	1654587	231208372	2052523	535239764	19100
1495800843739814395	parsec.dedup	1400	35	1.000000	0.861000	0.912000	701126954	3314063	1689130	228104082	2089097	535801728	19351
1495800844249488904	parsec.dedup	1400	35	1.000000	0.854000	0.903000	701012880	3277502	1668452	229441408	2043269	536263172	18952
1495800844759178497	parsec.dedup	1400	35	1.000000	0.855000	0.904000	700967248	3164508	1587096	230864038	1981362	545030269	18841
1495800845268619923	parsec.dedup	1400	35	1.000000	0.864000	0.914000	700984844	3242647	1637843	230265543	2047182	537556127	19138
1495800845778025725	parsec.dedup	1400	35	1.000000	0.856000	0.907000	700951974	3560221	1784321	228778629	2150483	521092897	19934
1495800846287502901	parsec.dedup	1400	35	1.000000	0.853000	0.904000	700853744	3052529	1547664	234560762	1942392	547207408	18193
1495800846796895911	parsec.dedup	1400	35	1.000000	0.858000	0.907000	700852826	3369629	1692911	229402581	2105087	529332153	19367
1495800847306327629	parsec.dedup	1400	35	1.000000	0.857000	0.908000	700872454	3369842	1698736	233522302	2068951	535629750	19511
1495800847815736556	parsec.dedup	1400	35	1.000000	0.848000	0.897000	700972702	3356713	1694512	228906091	2028530	535234636	19391
1495800848325189690	parsec.dedup	1400	35	1.000000	0.850000	0.899000	700839856	3106626	1564011	232015607	1929637	553359023	18388
1495800848834527117	parsec.dedup	1400	35	1.000000	0.855000	0.904000	700848770	3153418	1591334	232902003	1988423	546240690	18638
1495800849344053585	parsec.dedup	1400	35	1.000000	0.854000	0.903000	700864663	3501893	1763039	228185367	2147668	526903987	19244
1495800849853413637	parsec.dedup	1400	35	1.000000	0.849000	0.898000	700863243	3205038	1616448	232962928	1992770	540638868	18908
1495800850362794605	parsec.dedup	1400	35	1.000000	0.857000	0.906000	700874620	3363461	1685973	230588516	2074644	533938704	19505
1495800850872248656	parsec.dedup	1400	35	1.000000	0.856000	0.905000	700870748	3408789	1714272	229583744	2082079	527941925	19380
1495800851381645666	parsec.dedup	1400	35	1.000000	0.860000	0.909000	700862138	3648834	1832806	223429265	2178051	520137316	20010
1495800851891341550	parsec.dedup	1400	35	1.000000	0.854000	0.903000	701018626	3264590	1635353	230222900	2027235	540348346	19219
1495800852400751518	parsec.dedup	1400	35	1.000000	0.857000	0.906000	700886568	3468121	1739400	228492225	2112431	525862713	19808
1495800852910190778	parsec.dedup	1400	35	1.000000	0.853000	0.902000	700871184	2418670	1251708	216473458	1652644	498783286	13674
1495800853419841621	parsec.facesim	1400	35	1.000000	0.843000	0.893000	473444023	3998165	1183269	101395518	1682797	206078895	20306
1495800853929839880	parsec.facesim	1400	35	1.000000	0.734000	0.778000	700881983	7676312	2226087	161086817	2629512	311523828	38914
1495800854439641139	parsec.facesim	1400	35	1.000000	0.793000	0.838000	700885248	7552422	2195589	164113657	2600418	322531221	38362
1495800854949530357	parsec.facesim	1400	35	1.000000	0.795000	0.842000	700919797	7391699	2158329	168209880	2568843	337517685	37601
1495800855459120908	parsec.facesim	1400	35	1.000000	0.801000	0.847000	701148938	2636226	980510	243665986	1284277	564539227	15007
1495800855968510835	parsec.facesim	1400	35	1.000000	0.894000	0.945000	700859232	1317225	863442	282304587	1252007	728018777	12916
1495800856477892094	parsec.facesim	1400	35	1.000000	0.931000	0.986000	700856636	1291383	746041	147358397	1382107	378926729	11693
1495800856987108563	parsec.facesim	1400	35	1.000000	0.816000	0.863000	700859874	607937	289636	119877644	1294221	354788303	3955
1495800857496317573	parsec.facesim	1400	35	1.000000	0.746000	0.789000	700851178	93144	58655	160581254	877624	439063489	264
1495800858005455000	parsec.facesim	1400	35	1.000000	0.762000	0.806000	700848508	592495	193642	124435986	949927	401222863	1835
1495800858514772468	parsec.facesim	1400	35	1.000000	0.779000	0.824000	700850948	709346	228388	125096921	1414380	303639304	2604
1495800859024086853	parsec.facesim	1400	35	1.000000	0.800000	0.846000	700850040	849577	477060	154733257	1512944	362218598	6710
1495800859533332238	parsec.facesim	1400	35	1.000000	0.769000	0.813000	700845700	612794	357755	136082988	1258330	328008607	5012
1495800860042626123	parsec.facesim	1400	35	1.000000	0.744000	0.787000	700843156	621693	359961	136168880	1229469	328311992	5177
1495800860551866675	parsec.facesim	1400	35	1.000000	0.743000	0.786000	700851196	549723	309235	133806304	1191445	322493982	4262
1495800861061116435	parsec.facesim	1400	35	1.000000	0.730000	0.772000	700853692	458857	271169	153922160	799785	510017222	4154
1495800861570380278	parsec.facesim	1400	35	1.000000	0.829000	0.878000	700848468	79388	27027	541404924	700343	905032636	112
1495800862079549121	parsec.facesim	1400	36	1.000000	1.269000	1.346000	700841656	71854	25881	796338837	1042125	1106675092	120
1495800862588625507	parsec.facesim	1400	35	1.000000	0.832000	0.881000	700855732	508906	330474	177407632	719959	587151247	5304
1495800863097911850	parsec.facesim	1400	35	1.000000	0.801000	0.849000	700891428	4474372	1153221	289042508	4278162	496689888	20251
1495800863607155527	parsec.facesim	1400	35	1.000000	0.931000	0.986000	700852968	5699068	26687	356719633	5536583	669415296	115
1495800864116400412	parsec.facesim	1400	35	1.000000	0.921000	0.976000	700977082	6286363	27658	348053381	5410331	655669749	112
1495800864625490422	parsec.facesim	1400	36	1.000000	0.911000	0.965000	700850034	6065599	27922	339609288	5370262	645385196	113
1495800865134713224	parsec.facesim	1400	36	1.000000	0.914000	0.968000	700951310	4763547	33105	347428182	4420923	678678267	190
1495800865643948359	parsec.facesim	1400	36	1.000000	0.906000	0.960000	700841682	9133817	28272	319650245	4978115	628008551	113
1495800866153128160	parsec.facesim	1400	36	1.000000	0.903000	0.957000	700839996	9101217	28508	315139960	4957828	621573177	123
1495800866662837170	parsec.facesim	1400	36	1.000000	0.901000	0.955000	700844104	8945291	28739	312427476	4946947	618376605	113
1495800867172111722	parsec.facesim	1400	35	1.000000	0.898000	0.951000	700842816	8676257	28104	305605399	4944645	609396521	113
1495800867681333690	parsec.facesim	1400	36	1.000000	0.894000	0.947000	700841536	8671104	27818	306464171	4943329	611410171	113
1495800868190625783	parsec.facesim	1400	35	1.000000	0.891000	0.944000	700821636	50955	21433	157236322	226152	329448763	113
1495800868700077835	parsec.facesim	1400	35	1.000000	0.801000	0.847000	700842492	48245	21031	155034929	222936	324784899	112
1495800869209429595	parsec.facesim	1400	35	1.000000	0.762000	0.806000	700904292	51431	21944	157118075	224370	329237354	113
1495800869718756146	parsec.facesim	1400	35	1.000000	0.768000	0.812000	700859524	50941	22100	153068331	220133	320567382	112
1495800870228051323	parsec.facesim	1400	35	1.000000	0.757000	0.800000	700849396	50479	21757	155217369	223055	325139348	111
1495800870737354374	parsec.facesim	1400	35	1.000000	0.763000	0.807000	700850936	51019	22349	155713645	222481	325418511	113
1495800871246676551	parsec.facesim	1400	35	1.000000	0.754000	0.797000	700855040	50388	22129	156426769	224299	327760371	114
1495800871756019811	parsec.facesim	1400	35	1.000000	0.763000	0.807000	700989956	50700	22488	156435087	224982	327725336	112
1495800872265240488	parsec.facesim	1400	35	1.000000	0.757000	0.800000	700844776	51464	22361	154594593	221524	323818304	113
1495800872774500748	parsec.facesim	1400	35	1.000000	0.760000	0.804000	700839000	51102	21968	154509187	220950	323674922	112
1495800873283900007	parsec.facesim	1400	35	1.000000	0.763000	0.807000	700848776	51564	22113	154817663	222900	324259185	113
1495800873793187476	parsec.facesim	1400	35	1.000000	0.759000	0.803000	700858680	50064	22059	156425651	222866	327009711	112
1495800874302583819	parsec.facesim	1400	35	1.000000	0.771000	0.815000	701078616	50794	22395	154570586	222157	323747938	113
1495800874811993912	parsec.facesim	1400	35	1.000000	0.762000	0.806000	700883088	51398	22371	155986152	224331	326788973	113
1495800875321467922	parsec.facesim	1400	35	1.000000	0.768000	0.812000	700884252	51070	22093	155537565	223342	325823935	114
1495800875830796140	parsec.facesim	1400	35	1.000000	0.764000	0.808000	700869960	49161	21592	155530696	221567	325787962	112
1495800876340151316	parsec.facesim	1400	35	1.000000	0.761000	0.806000	700871112	51476	22317	152321457	219045	318936389	113
1495800876849654409	parsec.facesim	1400	35	1.000000	0.757000	0.800000	700869888	48740	21797	156388432	224095	326977931	112
1495800877358949753	parsec.facesim	1400	35	1.000000	0.761000	0.806000	700905256	50600	22241	154426380	221310	323312282	113
1495800877868269013	parsec.facesim	1400	35	1.000000	0.755000	0.798000	700872200	49986	22001	156490689	224970	327837881	112
1495800878377639356	parsec.facesim	1400	35	1.000000	0.756000	0.799000	700875572	50330	22109	156174017	225162	327172508	113
1495800878886991866	parsec.facesim	1400	35	1.000000	0.758000	0.801000	700877648	51189	22031	155589628	222593	325938010	113
1495800879396388167	parsec.facesim	1400	35	1.000000	0.759000	0.803000	700876248	51586	22556	154435665	220979	323462428	114
1495800879905775677	parsec.facesim	1400	35	1.000000	0.758000	0.801000	700877256	50589	22251	155311355	223185	325027906	112
1495800880415080854	parsec.facesim	1400	35	1.000000	0.760000	0.804000	700879768	6061146	28031	263271419	3357609	530135887	127
1495800880924383280	parsec.facesim	1400	35	1.000000	0.908000	0.962000	700877240	9450965	25837	314992599	5154596	636122373	112
1495800881433710540	parsec.facesim	1400	35	1.000000	0.906000	0.960000	700883706	9241305	27734	310193075	5172516	628786925	113
1495800881942969842	parsec.facesim	1400	36	1.000000	0.903000	0.957000	700867746	8964513	27654	304887438	5152773	621538361	112
1495800882452270310	parsec.facesim	1400	36	1.000000	0.898000	0.951000	700876148	8944297	27593	303076716	5167220	619060891	113
1495800882961465945	parsec.facesim	1400	36	1.000000	0.896000	0.949000	700865404	5706040	27310	289058321	4019937	630290376	135
1495800883470803247	parsec.facesim	1400	36	1.000000	0.915000	0.969000	700883349	3609632	864036	325537120	2629732	719344171	1710
1495800883980354048	parsec.facesim	1400	35	1.000000	0.979000	1.037000	630351675	713506	290609	103853051	1148051	259492839	2178
1495800884490279182	parsec.freqmine	1400	35	1.000000	0.574000	0.610000	549446650	5863219	1707736	130510185	2035011	257573343	29570
1495800885000028358	parsec.freqmine	1400	35	1.000000	0.785000	0.832000	700923862	7672413	2233052	161906543	2627244	314503348	38847
1495800885509808451	parsec.freqmine	1400	35	1.000000	0.794000	0.840000	700963918	7546418	2200759	165432304	2592292	326862115	38402
1495800886019563294	parsec.freqmine	1400	35	1.000000	0.795000	0.841000	700940516	7268834	2140547	165199110	2568793	328954233	37618
1495800886528791095	parsec.freqmine	1400	35	1.000000	0.788000	0.833000	700837307	202795	99852	68502125	167942	164570390	1137
1495800887037959147	parsec.freqmine	1400	35	1.000000	0.661000	0.699000	700841156	189909	94618	68259058	176166	164253236	1087
1495800887547153657	parsec.freqmine	1400	34	1.000000	0.661000	0.699000	700937188	196711	98000	68320981	175895	164110908	1138
1495800888056326751	parsec.freqmine	1400	34	1.000000	0.664000	0.702000	700845927	188922	93740	68084449	166622	163776561	1083
1495800888565434844	parsec.freqmine	1400	34	1.000000	0.663000	0.701000	700846105	189605	93045	68046786	166977	163768819	1081
1495800889074612729	parsec.freqmine	1400	34	1.000000	0.664000	0.702000	700847960	189548	93001	68059780	169203	163789746	1083
1495800889583802823	parsec.freqmine	1400	34	1.000000	0.663000	0.701000	700853888	191781	93656	68081507	167244	163794635	1082
1495800890092936458	parsec.freqmine	1400	34	1.000000	0.663000	0.701000	700848915	191389	92898	68096702	165008	163794587	1083
1495800890602219343	parsec.freqmine	1400	34	1.000000	0.663000	0.701000	700851012	193929	94082	68091359	166151	163790070	1087
1495800891111433186	parsec.freqmine	1400	34	1.000000	0.663000	0.701000	700852389	193926	94504	68090255	167015	163812171	1083
1495800891620526447	parsec.freqmine	1400	34	1.000000	0.664000	0.702000	701014075	193403	93380	68148967	167592	163867897	1089
1495800892129762998	parsec.freqmine	1400	34	1.000000	0.663000	0.701000	700857313	191758	93123	68097331	166799	163831230	1082
1495800892638853258	parsec.freqmine	1400	34	1.000000	0.663000	0.701000	700854891	192715	92926	68110695	167307	163841698	1085
1495800893147967977	parsec.freqmine	1400	34	1.000000	0.663000	0.701000	700840268	192156	93101	68053132	166534	163795541	1080
1495800893657115529	parsec.freqmine	1400	34	1.000000	0.663000	0.701000	700838770	195887	94421	68116661	168477	163843179	1086
1495800894166308247	parsec.freqmine	1400	34	1.000000	0.663000	0.701000	700942219	192592	94892	68136089	165905	163852624	1087
1495800894675458174	parsec.freqmine	1400	34	1.000000	0.663000	0.701000	700838437	194263	95415	68099486	167365	163792211	1085
1495800895184662309	parsec.freqmine	1400	34	1.000000	0.914000	0.968000	700845022	286438	157270	150037829	470482	818378761	1792
1495800895693827278	parsec.freqmine	1400	35	1.000000	0.926000	0.981000	700968384	241578	131026	171705289	520524	1019864712	1277
1495800896203146621	parsec.freqmine	1400	34	1.000000	0.924000	0.979000	700837112	669267	354004	141333121	6611374	604383877	5121
1495800896712726631	parsec.freqmine	1400	35	1.000000	0.762000	0.807000	700841356	1543727	840418	179028004	4440309	415452306	13365
1495800897221971932	parsec.freqmine	1400	35	1.000000	0.781000	0.826000	700839216	113889	27027	392322344	690040	774257711	128
1495800897731257484	parsec.freqmine	1400	35	1.000000	0.859000	0.910000	700863881	100413	25879	424966815	576022	801006968	116
1495800898240468661	parsec.freqmine	1400	35	1.000000	0.936000	0.992000	700972712	87204	24824	436124717	527695	814094946	112
1495800898749665462	parsec.freqmine	1400	35	1.000000	0.938000	0.994000	700811673	108202	25816	434126307	591436	807521668	112
1495800899258769931	parsec.freqmine	1400	35	1.000000	0.940000	0.996000	700934536	86609	26908	408633246	687548	778748378	119
1495800899767866358	parsec.freqmine	1400	35	1.000000	0.922000	0.977000	700842791	109499	25235	425724320	589620	801319899	117
1495800900277001868	parsec.freqmine	1400	35	1.000000	0.931000	0.986000	700844362	108611	25368	439056600	528889	817723771	112
1495800900786311086	parsec.freqmine	1400	35	1.000000	0.940000	0.996000	700845311	106911	25450	437191610	543885	812912564	112
1495800901295411055	parsec.freqmine	1400	35	1.000000	0.943000	0.999000	700832868	110604	26101	425491544	636125	799239917	114
1495800901804622690	parsec.freqmine	1400	35	1.000000	0.943000	0.999000	700842688	109219	25521	438177630	530655	815815530	112
1495800902313655617	parsec.freqmine	1400	35	1.000000	0.942000	0.998000	700843561	109403	25431	440473392	519928	819073702	112
1495800902822849669	parsec.freqmine	1400	35	1.000000	0.940000	0.996000	700842726	108495	25457	438484400	538414	815108860	112
1495800903332158095	parsec.freqmine	1400	35	1.000000	0.940000	0.996000	700925063	111126	26974	433745832	586160	806396359	113
1495800903841497563	parsec.freqmine	1400	35	1.000000	0.938000	0.994000	700954849	110283	25436	424808854	626159	796995759	113
1495800904350673615	parsec.freqmine	1400	35	1.000000	0.940000	0.996000	700851008	109058	25987	436065972	516548	813559087	112
1495800904859967042	parsec.freqmine	1400	35	1.000000	0.942000	0.998000	700832787	106368	25240	435857657	557343	812551733	112
1495800905369061385	parsec.freqmine	1400	35	1.000000	0.940000	0.996000	700834705	108205	25491	434039649	590125	808021808	112
1495800905878105437	parsec.freqmine	1400	35	1.000000	0.941000	0.997000	700840611	107395	25936	433189775	590060	806057935	112
1495800906387263281	parsec.freqmine	1400	35	1.000000	0.943000	0.999000	700839553	110356	26795	420915921	686677	788922537	113
1495800906896535249	parsec.freqmine	1400	35	1.000000	0.941000	0.997000	700847401	107859	24813	439517585	583771	812972828	113
1495800907405649551	parsec.freqmine	1400	35	1.000000	0.942000	0.998000	700841671	109882	25847	438400846	618375	811097245	113
1495800907914809020	parsec.freqmine	1400	35	1.000000	0.942000	0.998000	700847821	109363	25376	424311857	678052	793317253	112
1495800908423935405	parsec.freqmine	1400	35	1.000000	0.942000	0.998000	700847851	108383	25259	435271489	623745	805409189	112
1495800908933115040	parsec.freqmine	1400	35	1.000000	0.942000	0.998000	700852069	108932	25264	439309093	570996	815566955	115
1495800909442406300	parsec.freqmine	1400	35	1.000000	0.950000	1.007000	700991092	109433	24950	438104403	618026	809522062	112
1495800909951575185	parsec.freqmine	1400	35	1.000000	0.944000	1.000000	700946855	108433	25613	427459215	672683	796583198	112
1495800910460942112	parsec.freqmine	1400	35	1.000000	0.946000	1.002000	700945767	112520	26038	425907915	681700	795678739	115
1495800910970103247	parsec.freqmine	1400	35	1.000000	0.940000	0.996000	700942110	108728	24938	435957442	640714	805146112	112
1495800911479261424	parsec.freqmine	1400	35	1.000000	0.946000	1.002000	701135563	111727	26197	429796043	678956	798701727	114
1495800911988330684	parsec.freqmine	1400	35	1.000000	0.941000	0.997000	700957172	107017	24616	427053187	697683	791666799	112
1495800912497510902	parsec.freqmine	1400	35	1.000000	0.948000	1.004000	700944541	113369	25851	412944188	716581	784299845	116
1495800913006781579	parsec.freqmine	1400	35	1.000000	0.926000	0.981000	700951530	103152	25132	356055304	782346	745850307	120
1495800913516100422	parsec.freqmine	1400	35	1.000000	0.871000	0.923000	701014532	103617	30322	255089588	944004	636696371	148
1495800914025230141	parsec.freqmine	1400	35	1.000000	0.850000	0.901000	700846934	123443	29752	325255032	832634	685288390	168
1495800914534422109	parsec.freqmine	1400	35	1.000000	0.908000	0.962000	700852200	189492	74051	251587368	1175871	574232061	904
1495800915043675161	parsec.freqmine	1400	35	1.000000	0.843000	0.893000	700846304	155846	65258	225980271	1923019	554859028	692
1495800915552809296	parsec.freqmine	1400	35	1.000000	0.883000	0.935000	700837875	141891	58059	235442519	2056259	575636266	595
1495800916062063056	parsec.freqmine	1400	35	1.000000	0.869000	0.921000	700835847	151951	64106	233223002	2270677	553341837	664
1495800916571223316	parsec.freqmine	1400	35	1.000000	0.875000	0.927000	509567150	440825	152551	161061011	1707720	360704995	2077
1495800917081265117	parsec.streamcluster	1400	35	1.000000	0.532000	0.566000	670743402	7204671	2081112	157855802	2476517	310259724	36188
1495800917591169709	parsec.streamcluster	1400	35	1.000000	0.788000	0.833000	700883019	7607332	2194512	161605526	2589211	314406821	38427
1495800918101024052	parsec.streamcluster	1400	35	1.000000	0.791000	0.836000	700978520	7499096	2162200	165234226	2550057	327055464	37955
1495800918610668020	parsec.streamcluster	1400	35	1.000000	0.790000	0.837000	700856141	6300387	1916682	205689820	2342730	413998567	33526
1495800919120128821	parsec.streamcluster	1400	35	1.000000	0.786000	0.833000	701024520	82598	34019	244263008	934917	564216828	268
1495800919629487997	parsec.streamcluster	1400	35	1.000000	0.961000	1.018000	700864270	58600	21609	247203664	940060	567145725	113
1495800920138797507	parsec.streamcluster	1400	36	1.000000	0.964000	1.021000	700863530	57022	21127	246983692	937811	566286981	112
1495800920648028309	parsec.streamcluster	1400	36	1.000000	0.964000	1.021000	700847060	57425	21347	247257232	939994	567247082	113
1495800921157380569	parsec.streamcluster	1400	36	1.000000	0.965000	1.022000	700845832	56925	21917	246651050	937829	565795436	110
1495800921666766412	parsec.streamcluster	1400	36	1.000000	0.965000	1.022000	700892122	59330	22596	247625865	941079	567835299	113
1495800922176155672	parsec.streamcluster	1400	36	1.000000	0.966000	1.023000	700839166	57015	21526	246822194	937836	566126463	112
1495800922685440640	parsec.streamcluster	1400	36	1.000000	0.968000	1.026000	700842428	58634	21981	247216598	940265	567053996	113
1495800923194727900	parsec.streamcluster	1400	36	1.000000	0.963000	1.020000	700953298	57736	21904	246092404	936243	564822521	114
1495800923704034202	parsec.streamcluster	1400	36	1.000000	0.967000	1.025000	700954264	57602	22213	247320103	940155	567292473	113
1495800924213250045	parsec.streamcluster	1400	36	1.000000	0.965000	1.022000	700856850	56758	21572	247284489	939127	567018514	112
1495800924722635430	parsec.streamcluster	1400	36	1.000000	0.965000	1.022000	700841048	58166	22906	245725761	939414	565229318	114
1495800925232137523	parsec.streamcluster	1400	36	1.000000	0.963000	1.020000	700847936	57679	22022	245979751	942958	566322230	112
1495800925741585533	parsec.streamcluster	1400	36	1.000000	0.963000	1.020000	700834492	60406	21848	245791727	945214	566454691	113
1495800926251012793	parsec.streamcluster	1400	36	1.000000	0.964000	1.021000	700842634	57063	20662	245260057	939280	565667313	112
1495800926760348511	parsec.streamcluster	1400	37	1.000000	0.961000	1.018000	701032664	58390	22270	245538060	945565	567026614	114
1495800927269705021	parsec.streamcluster	1400	36	1.000000	0.965000	1.022000	700854426	57364	21663	245129140	943786	566320278	113
1495800927779098781	parsec.streamcluster	1400	37	1.000000	0.962000	1.019000	700873466	55535	22264	246131177	947958	568599178	113
1495800928288378749	parsec.streamcluster	1400	37	1.000000	0.964000	1.021000	700831052	58335	22149	245041650	961604	566468747	114
1495800928797753217	parsec.streamcluster	1400	37	1.000000	0.963000	1.020000	700858188	57036	21527	244389623	959026	565340471	112
1495800929307118269	parsec.streamcluster	1400	37	1.000000	0.962000	1.019000	700852236	58299	22214	245373373	963364	567493742	113
1495800929816517487	parsec.streamcluster	1400	37	1.000000	0.965000	1.022000	700852692	57501	22454	244705288	1006846	566065529	112
1495800930325786497	parsec.streamcluster	1400	37	1.000000	0.963000	1.020000	700859508	61035	22162	244911520	1052700	566885967	113
1495800930835204090	parsec.streamcluster	1400	37	1.000000	0.963000	1.020000	701035626	59235	22363	243582721	1044454	563902481	114
1495800931344480933	parsec.streamcluster	1400	37	1.000000	0.962000	1.019000	700857188	60767	22593	244431826	1047137	565829066	113
1495800931853877318	parsec.streamcluster	1400	37	1.000000	0.962000	1.019000	700853766	58733	22121	244050118	1046654	564976321	112
1495800932363302203	parsec.streamcluster	1400	37	1.000000	0.961000	1.018000	700849032	58957	21976	243919973	1048037	564745431	113
1495800932872575755	parsec.streamcluster	1400	37	1.000000	0.961000	1.018000	700957720	56884	21485	243948980	1047702	564689193	112
1495800933381953223	parsec.streamcluster	1400	37	1.000000	0.962000	1.019000	700853296	58500	21843	244194605	1046950	565375995	113
1495800933891461024	parsec.streamcluster	1400	37	1.000000	0.961000	1.018000	700854428	57780	21501	243828863	1065837	564652158	112
1495800934400734992	parsec.streamcluster	1400	37	1.000000	0.962000	1.019000	700863164	60133	22510	243321893	1070821	563488162	113
1495800934910103919	parsec.streamcluster	1400	37	1.000000	0.962000	1.019000	701019348	58858	21673	243012633	1073334	562840356	114
1495800935419375971	parsec.streamcluster	1400	37	1.000000	0.959000	1.016000	700857692	60524	22830	243419193	1073863	563836819	110
1495800935928723897	parsec.streamcluster	1400	37	1.000000	0.961000	1.018000	700854572	58236	21863	243028338	1065407	562910054	112
1495800936438017740	parsec.streamcluster	1400	37	1.000000	0.960000	1.017000	700860044	58603	21977	243565641	1059704	564149038	113
1495800936947356625	parsec.streamcluster	1400	37	1.000000	0.960000	1.017000	626670125	386365	128009	215140173	1050511	493874305	1767
1495800937457137301	splash2x.barnes	1400	36	1.000000	0.962000	1.019000	552147062	5895734	1714476	130946373	2059112	258292868	29618
1495800937966931269	splash2x.barnes	1400	36	1.000000	0.780000	0.825000	700927377	7661161	2218102	161402951	2637437	313200930	38707
1495800938476762528	splash2x.barnes	1400	36	1.000000	0.792000	0.837000	700867115	7520803	2188004	164822130	2602834	325700866	38085
1495800938986599912	splash2x.barnes	1400	36	1.000000	0.793000	0.840000	701141181	7324291	2149927	165360971	2592851	328409801	37727
1495800939496194922	splash2x.barnes	1400	36	1.000000	0.789000	0.836000	701004798	1339134	662699	154093397	1676201	397332722	9836
1495800940005535598	splash2x.barnes	1400	36	1.000000	0.867000	0.919000	700976604	358179	149005	144994422	3174591	321837075	1699
1495800940514750317	splash2x.barnes	1400	36	1.000000	0.794000	0.841000	700947542	57146	25723	240834996	4069315	502687085	113
1495800941023954119	splash2x.barnes	1400	36	1.000000	0.930000	0.985000	700964891	53414	22721	241516321	3816137	503732359	112
1495800941533103754	splash2x.barnes	1400	36	1.000000	0.935000	0.991000	700949661	55022	31651	241638850	3547366	504560466	113
1495800942042306972	splash2x.barnes	1400	36	1.000000	0.936000	0.992000	700959210	54182	29638	241569746	3757374	503727615	112
1495800942551512107	splash2x.barnes	1400	36	1.000000	0.934000	0.990000	701138434	56313	29151	241524938	3785101	504313995	114
1495800943060653867	splash2x.barnes	1400	36	1.000000	0.935000	0.991000	700879982	55647	29457	241602827	3845510	504882363	113
1495800943569849544	splash2x.barnes	1400	36	1.000000	0.935000	0.992000	700877444	55878	34064	241346902	3790717	505569060	113
1495800944079016679	splash2x.barnes	1400	36	1.000000	0.934000	0.990000	700880332	55593	37836	240871550	4260526	503750241	113
1495800944588191856	splash2x.barnes	1400	36	1.000000	0.930000	0.985000	700880244	57922	27948	240869799	3947064	502359415	113
1495800945097486908	splash2x.barnes	1400	36	1.000000	0.928000	0.983000	700879944	55783	27691	240751279	3875934	503438304	112
1495800945606683501	splash2x.barnes	1400	36	1.000000	0.931000	0.986000	700872432	57792	33226	241843897	3316147	504203481	113
1495800946115969053	splash2x.barnes	1400	36	1.000000	0.934000	0.990000	700864748	55583	33459	242080202	3033023	504788638	113
1495800946625155313	splash2x.barnes	1400	36	1.000000	0.934000	0.990000	700921944	57231	27103	242154638	3209949	503354334	113
1495800947134509781	splash2x.barnes	1400	36	1.000000	0.933000	0.988000	700871106	56126	27937	241993230	3192777	504730719	113
1495800947643721208	splash2x.barnes	1400	36	1.000000	0.935000	0.991000	700881218	56058	25234	241952857	3223733	504164625	113
1495800948152864468	splash2x.barnes	1400	36	1.000000	0.935000	0.991000	700874412	54228	27368	241748509	3267564	505060116	112
1495800948662025812	splash2x.barnes	1400	36	1.000000	0.935000	0.991000	700871009	56261	29753	241678222	3427606	505464097	113
1495800949171210113	splash2x.barnes	1400	36	1.000000	0.932000	0.987000	700880987	55789	34960	240730791	3895753	502160448	112
1495800949680504123	splash2x.barnes	1400	36	1.000000	0.929000	0.984000	700877856	56746	33681	240777164	4063654	501920397	113
1495800950189774217	splash2x.barnes	1400	35	1.000000	0.927000	0.982000	700876060	256509	107025	192705540	2996152	423863345	1120
1495800950699108476	splash2x.barnes	1400	36	1.000000	0.786000	0.833000	700961280	300340	122814	182590988	2174995	408922415	1409
1495800951208222778	splash2x.barnes	1400	36	1.000000	0.931000	0.986000	700879006	54962	26164	241862719	2381541	503916158	113
1495800951717529413	splash2x.barnes	1400	36	1.000000	0.933000	0.988000	700872040	55635	25338	242238242	2370214	504257015	113
1495800952226734590	splash2x.barnes	1400	35	1.000000	0.934000	0.990000	700869836	54291	28163	242141181	2666519	505005992	112
1495800952736074433	splash2x.barnes	1400	36	1.000000	0.933000	0.988000	700967242	55384	26051	242193574	2531337	504419850	111
1495800953245201818	splash2x.barnes	1400	35	1.000000	0.934000	0.990000	700834928	54597	29092	242079547	2526671	505207349	112
1495800953754344579	splash2x.barnes	1400	36	1.000000	0.932000	0.987000	700839105	54450	30301	242241832	2477130	505516800	113
1495800954263486089	splash2x.barnes	1400	35	1.000000	0.931000	0.986000	700896441	55439	36483	242203290	2351104	506337561	113
1495800954772739141	splash2x.barnes	1400	35	1.000000	0.929000	0.984000	700845556	56538	35646	242258550	2256991	504703042	113
1495800955281935026	splash2x.barnes	1400	36	1.000000	0.930000	0.985000	700847183	56894	35262	242070160	2382028	502678514	113
1495800955791254161	splash2x.barnes	1400	36	1.000000	0.928000	0.983000	700848016	57879	24226	241665745	2194452	503893842	113
1495800956300455212	splash2x.barnes	1400	35	1.000000	0.934000	0.990000	700841901	55575	23447	242576768	2703951	504210909	113
1495800956809704264	splash2x.barnes	1400	35	1.000000	0.933000	0.988000	700862887	51808	23425	243034427	2583891	503495988	112
1495800957318816733	splash2x.barnes	1400	35	1.000000	0.934000	0.990000	700958727	55490	34961	242526718	2487667	504670727	113
1495800957827969034	splash2x.barnes	1400	36	1.000000	0.934000	0.990000	700848294	56030	24523	242542873	2587818	504058712	113
1495800958337122336	splash2x.barnes	1400	35	1.000000	0.934000	0.990000	701014666	57751	24760	242177821	2453233	505137122	113
1495800958846413804	splash2x.barnes	1400	35	1.000000	0.934000	0.990000	700854997	57376	24878	242003897	2322125	504776419	113
1495800959355562981	splash2x.barnes	1400	35	1.000000	0.935000	0.991000	700850807	57460	24789	242084467	2400671	503652018	113
1495800959864930449	splash2x.barnes	1400	35	1.000000	0.931000	0.986000	700834912	55887	22810	242297757	2453847	503637196	112
1495800960374046043	splash2x.barnes	1400	35	1.000000	0.928000	0.983000	700841704	390658	161571	173982210	1932037	400792525	1911
1495800960883419928	splash2x.barnes	1400	36	1.000000	0.826000	0.873000	700857256	160525	62632	202771677	2401920	434684217	621
1495800961392619646	splash2x.barnes	1400	35	1.000000	0.928000	0.983000	700847964	57817	24553	242424066	2289972	506199907	113
1495800961901916948	splash2x.barnes	1400	35	1.000000	0.927000	0.982000	701009322	56937	24274	242984827	2422684	506575927	113
1495800962411197708	splash2x.barnes	1400	35	1.000000	0.931000	0.986000	700870855	56415	24301	242691057	2645958	506418272	113
1495800962920363718	splash2x.barnes	1400	35	1.000000	0.932000	0.987000	700871997	57319	23781	242976060	2503809	506567135	113
1495800963429534187	splash2x.barnes	1400	36	1.000000	0.932000	0.987000	700865066	56289	24242	242741295	2448210	507008205	113
1495800963938755613	splash2x.barnes	1400	35	1.000000	0.932000	0.987000	700872062	56102	24898	242548663	2502554	506711081	112
1495800964447872665	splash2x.barnes	1400	35	1.000000	0.932000	0.987000	700864175	57193	23226	242539201	2226358	507171734	113
1495800964957065550	splash2x.barnes	1400	35	1.000000	0.930000	0.985000	700868140	56148	23610	242581733	2268602	506180772	112
1495800965466254477	splash2x.barnes	1400	35	1.000000	0.928000	0.983000	700870515	58977	26122	241915351	2340633	504174592	113
1495800965975452195	splash2x.barnes	1400	35	1.000000	0.928000	0.983000	700943014	56150	24900	242102596	2261792	505206226	113
1495800966484603039	splash2x.barnes	1400	36	1.000000	0.933000	0.988000	700871502	58408	26578	242659271	2457064	505984785	114
1495800966993748966	splash2x.barnes	1400	35	1.000000	0.932000	0.987000	700869708	55602	24844	242868123	2629532	505335620	112
1495800967502904184	splash2x.barnes	1400	35	1.000000	0.933000	0.988000	700874162	56386	23464	242836225	2525651	505053020	113
1495800968012088153	splash2x.barnes	1400	36	1.000000	0.933000	0.988000	700870926	55261	24111	242335762	2451706	505253486	112
1495800968521324079	splash2x.barnes	1400	35	1.000000	0.933000	0.988000	700865513	57135	24329	242424450	2530687	505424031	113
1495800969030992964	splash2x.barnes	1400	35	1.000000	0.935000	0.991000	700872907	55645	23256	242199640	2486181	506841618	112
1495800969540363099	splash2x.barnes	1400	35	1.000000	0.934000	0.990000	701004888	58130	24842	242047134	2267621	505244072	113
1495800970049590859	splash2x.barnes	1400	35	1.000000	0.930000	0.985000	701147752	56469	23715	242874226	2404398	505883758	111
1495800970558750494	splash2x.barnes	1400	35	1.000000	0.928000	0.983000	700974212	59471	24317	242730847	2420037	505420567	114
1495800971068124004	splash2x.barnes	1400	35	1.000000	0.926000	0.981000	700977012	502142	196934	137777767	1884759	336641886	2426
1495800971577442930	splash2x.barnes	1400	35	1.000000	0.816000	0.864000	700968452	58848	24169	237824327	2361970	497325297	115
1495800972086800690	splash2x.barnes	1400	35	1.000000	0.928000	0.983000	701019960	55770	23500	242650620	2352737	506036443	112
1495800972596037325	splash2x.barnes	1400	35	1.000000	0.932000	0.987000	700869324	57301	24088	242613439	2524341	505077254	113
1495800973105171585	splash2x.barnes	1400	35	1.000000	0.933000	0.988000	700867130	54694	23806	242644703	2626326	505012008	112
1495800973614390179	splash2x.barnes	1400	35	1.000000	0.932000	0.987000	700871462	56248	24358	242464367	2544311	505157561	113
1495800974123488606	splash2x.barnes	1400	36	1.000000	0.933000	0.988000	700913773	54927	24571	242860078	2391158	506310226	112
1495800974632638199	splash2x.barnes	1400	35	1.000000	0.932000	0.987000	700871226	55947	25090	242656793	2500622	506390222	114
1495800975141803959	splash2x.barnes	1400	35	1.000000	0.931000	0.986000	700862265	57160	24908	242375246	2207101	506824853	112
1495800975651087344	splash2x.barnes	1400	35	1.000000	0.928000	0.983000	700851812	58382	24823	242207953	2343296	504689986	113
1495800976160242771	splash2x.barnes	1400	35	1.000000	0.928000	0.983000	700867036	56684	30248	242204157	2311086	504873747	112
1495800976669407573	splash2x.barnes	1400	35	1.000000	0.929000	0.984000	700862364	57308	35600	242310705	2341585	505520101	113
1495800977178511083	splash2x.barnes	1400	35	1.000000	0.931000	0.986000	700862028	54197	36165	242894733	2575129	506069836	112
1495800977687734718	splash2x.barnes	1400	35	1.000000	0.932000	0.987000	700868273	57027	33849	243073919	2628520	505286574	113
1495800978196908062	splash2x.barnes	1400	35	1.000000	0.932000	0.987000	700934840	55999	35129	243064638	2592054	505737617	112
1495800978706212780	splash2x.barnes	1400	35	1.000000	0.933000	0.988000	700864372	57374	38461	242754928	2512111	505961763	114
1495800979215374207	splash2x.barnes	1400	36	1.000000	0.933000	0.988000	700878160	55916	38253	242716771	2577856	506350356	112
1495800979724682383	splash2x.barnes	1400	36	1.000000	0.933000	0.988000	700867453	56594	38183	242586022	2412284	507196402	113
1495800980233790810	splash2x.barnes	1400	35	1.000000	0.932000	0.987000	700875610	57024	36751	242283578	2336212	504951753	112
1495800980743037279	splash2x.barnes	1400	35	1.000000	0.928000	0.983000	700866252	58078	36087	242845226	2402817	505547473	113
1495800981252192539	splash2x.barnes	1400	35	1.000000	0.927000	0.982000	700866180	56207	33923	225137666	2383956	470375942	113
1495800981762050798	splash2x.fmm	1400	35	1.000000	0.526000	0.559000	478165523	4299764	1253480	110231972	1648347	222924884	21566
1495800982271820307	splash2x.fmm	1400	35	1.000000	0.788000	0.833000	700964510	7667815	2215163	161194427	2622902	311739727	38849
1495800982781690483	splash2x.fmm	1400	35	1.000000	0.792000	0.837000	700865004	7549970	2189102	164029394	2596403	322045959	38319
1495800983291598826	splash2x.fmm	1400	35	1.000000	0.796000	0.843000	700910143	7395035	2148797	167560145	2566180	335649897	37568
1495800983801284002	splash2x.fmm	1400	35	1.000000	0.786000	0.833000	700915463	2386782	766185	115666736	1223201	279960458	13111
1495800984311324511	splash2x.fmm	1400	35	1.000000	0.758000	0.801000	700832780	2345614	1429210	133533161	2155709	260479016	23756
1495800984820681895	splash2x.fmm	1400	35	1.000000	0.796000	0.842000	700879024	374557	251831	100997947	4548218	266278820	3542
1495800985329911406	splash2x.fmm	1400	35	1.000000	0.843000	0.891000	700816596	67537	24626	138675391	3344269	550681645	116
1495800985839138624	splash2x.fmm	1400	35	1.000000	0.842000	0.890000	700808628	68511	25167	136033355	3626407	599864557	112
1495800986348236301	splash2x.fmm	1400	35	1.000000	0.854000	0.903000	700827954	60731	24941	132334334	4108416	584099041	114
1495800986857585269	splash2x.fmm	1400	35	1.000000	0.865000	0.915000	700932494	70468	25222	128562084	4453660	566762532	111
1495800987366861154	splash2x.fmm	1400	35	1.000000	0.838000	0.888000	700835981	66922	24253	134076035	3932065	591942335	112
1495800987876199081	splash2x.fmm	1400	35	1.000000	0.857000	0.908000	700839774	67462	24882	134413362	3846587	592694121	112
1495800988385409424	splash2x.fmm	1400	35	1.000000	0.872000	0.924000	700832709	70913	25709	141265776	3490142	624873378	113
1495800988894697934	splash2x.fmm	1400	35	1.000000	0.848000	0.898000	700839458	61113	22159	196772529	127120	885077839	112
1495800989403804528	splash2x.fmm	1400	35	1.000000	0.959000	1.016000	700842954	63575	22635	116511111	1350019	486939895	122
1495800989913102412	splash2x.fmm	1400	35	1.000000	0.854000	0.903000	700929208	61300	24331	130453916	3361068	427663399	120
1495800990422333339	splash2x.fmm	1400	35	1.000000	0.811000	0.858000	700834726	69199	24410	127776295	4491011	562809753	114
1495800990931755099	splash2x.fmm	1400	35	1.000000	0.844000	0.894000	700851050	66384	24893	133340693	3940182	588355795	112
1495800991441051192	splash2x.fmm	1400	35	1.000000	0.852000	0.903000	700985036	69509	25023	137871456	3460189	608639747	113
1495800991950243161	splash2x.fmm	1400	35	1.000000	0.878000	0.930000	700876266	67827	24515	130594228	4348687	575870725	112
1495800992459407171	splash2x.fmm	1400	35	1.000000	0.858000	0.907000	700872934	68999	24777	131844091	4019566	580747180	113
1495800992968639473	splash2x.fmm	1400	35	1.000000	0.839000	0.889000	700881640	66437	24426	136277464	3630203	601403192	112
1495800993477760858	splash2x.fmm	1400	35	1.000000	0.855000	0.906000	700876512	69137	25010	132553076	4077310	584681127	114
1495800993986966660	splash2x.fmm	1400	35	1.000000	0.859000	0.910000	700961672	63499	23966	169547540	1763195	757634802	112
1495800994496279544	splash2x.fmm	1400	35	1.000000	0.939000	0.995000	700866026	64666	23199	182998227	242777	815733160	116
1495800995005463721	splash2x.fmm	1400	35	1.000000	0.929000	0.984000	700872780	65977	24896	89913853	3502819	306958705	126
1495800995514732690	splash2x.fmm	1400	35	1.000000	0.771000	0.815000	700877226	72835	23981	141121640	3009662	540086270	114
1495800996023975658	splash2x.fmm	1400	35	1.000000	0.837000	0.887000	700881455	67174	25336	131338623	4106458	578641963	112
1495800996533132335	splash2x.fmm	1400	35	1.000000	0.849000	0.899000	700882477	67103	25455	134657709	3790022	593889492	113
1495800997042351636	splash2x.fmm	1400	35	1.000000	0.842000	0.890000	700875858	67641	25237	131949995	4132355	581912792	112
1495800997551508188	splash2x.fmm	1400	35	1.000000	0.856000	0.907000	701027126	70073	25830	127415385	4572873	561172036	114
1495800998060717157	splash2x.fmm	1400	35	1.000000	0.845000	0.894000	700879904	68591	25032	132938108	4071901	587137135	112
1495800998570030667	splash2x.fmm	1400	35	1.000000	0.852000	0.901000	700869992	69626	25932	132719392	3985239	584345636	114
1495800999079156010	splash2x.fmm	1400	35	1.000000	0.860000	0.909000	700878780	66343	24560	134715680	3865403	594408560	112
1495800999588459853	splash2x.fmm	1400	35	1.000000	0.844000	0.892000	700893436	62450	24304	196596835	144750	884162837	113
1495801000097809947	splash2x.fmm	1400	35	1.000000	0.956000	1.013000	700997524	65083	23537	129338914	762705	558846587	117
1495801000607134415	splash2x.fmm	1400	35	1.000000	0.852000	0.903000	700963796	66753	25051	123952405	3485062	386511326	124
1495801001116506091	splash2x.fmm	1400	35	1.000000	0.808000	0.854000	701072564	68572	24647	127364526	4576735	561135652	112
1495801001625644435	splash2x.fmm	1400	35	1.000000	0.843000	0.893000	700956076	71180	25269	133647974	3883998	589613133	114
1495801002134886028	splash2x.fmm	1400	35	1.000000	0.862000	0.911000	700882964	70251	25034	134022715	3876679	590547215	112
1495801002643980872	splash2x.fmm	1400	35	1.000000	0.848000	0.898000	700872080	67979	25269	131415326	4220998	579607565	114
1495801003153137257	splash2x.fmm	1400	35	1.000000	0.835000	0.883000	700881432	69868	25040	131480438	4012571	579138876	112
1495801003662322684	splash2x.fmm	1400	35	1.000000	0.850000	0.899000	700886908	68332	25398	134576687	3853435	593788926	113
1495801004171520986	splash2x.fmm	1400	35	1.000000	0.868000	0.920000	700876832	67846	24534	133400250	3874314	587532394	110
1495801004680675246	splash2x.fmm	1400	35	1.000000	0.851000	0.900000	700861664	68832	25123	163472924	2212425	729634271	113
1495801005189940756	splash2x.fmm	1400	35	1.000000	0.950000	1.007000	700878852	62428	23021	189838660	202429	848291022	114
1495801005699863556	splash2x.fmm	1400	35	1.000000	0.922000	0.977000	701059964	61588	25548	95261967	3340920	333012322	125
1495801006209019567	splash2x.fmm	1400	35	1.000000	0.778000	0.823000	700843436	66106	23699	135080827	2957251	509956831	115
1495801006718190285	splash2x.fmm	1400	35	1.000000	0.833000	0.881000	700852768	72247	25762	129793746	4261307	571381112	114
1495801007227400962	splash2x.fmm	1400	35	1.000000	0.846000	0.895000	700835654	67473	25995	135153198	3714918	595914314	112
1495801007736698222	splash2x.fmm	1400	35	1.000000	0.851000	0.900000	700850576	66737	25286	133238931	3992095	587502801	113
1495801008245756565	splash2x.fmm	1400	35	1.000000	0.852000	0.901000	700845370	69364	25756	128583782	4449809	566532345	112
1495801008755005617	splash2x.fmm	1400	35	1.000000	0.844000	0.892000	700843832	69002	25211	131818479	4223471	581734253	113
1495801009264097544	splash2x.fmm	1400	35	1.000000	0.857000	0.908000	700843392	67364	24904	134687428	3780107	593248743	112
1495801009773176804	splash2x.fmm	1400	35	1.000000	0.851000	0.902000	701041922	68957	25884	131199378	4207996	578574530	114
1495801010282270773	splash2x.fmm	1400	35	1.000000	0.889000	0.940000	700845562	62551	23431	193746184	276225	870668852	112
1495801010791503325	splash2x.fmm	1400	35	1.000000	0.952000	1.009000	700840114	68781	24447	144693386	555753	632709576	117
1495801011301319209	splash2x.radiosity	1400	35	1.000000	0.618000	0.655000	479436073	3339123	987525	99734074	1704053	210095652	16719
1495801011811487926	splash2x.radiosity	1400	35	1.000000	0.789000	0.834000	700892383	7683517	2238272	159933958	2638350	308758359	38947
1495801012321507060	splash2x.radiosity	1400	35	1.000000	0.792000	0.837000	700850084	7552369	2194825	163461951	2608349	320753190	38435
1495801012831537610	splash2x.radiosity	1400	35	1.000000	0.792000	0.837000	700962903	7428915	2171375	167243128	2584176	334292909	37918
1495801013341453161	splash2x.radiosity	1400	35	1.000000	0.797000	0.843000	700908401	4816499	2263725	173575055	2938689	306666277	40318
1495801013851356629	splash2x.radiosity	1400	35	1.000000	0.815000	0.862000	700887482	3174695	2065605	172716752	2760915	329097529	37023
1495801014361350179	splash2x.radiosity	1400	35	1.000000	0.799000	0.845000	700907998	3552697	2377099	183209739	3110594	305536429	42208
1495801014872180479	splash2x.radiosity	1400	35	1.000000	0.798000	0.844000	700933052	1220688	798229	88034620	1167129	185367772	13983
1495801015381894488	splash2x.radiosity	1400	35	1.000000	0.711000	0.752000	700830129	291422	53647	257195496	585755	761367008	118
1495801015891274456	splash2x.radiosity	1400	35	1.000000	0.934000	0.990000	700942256	85443	60267	264678286	664331	830658830	112
1495801016400386425	splash2x.radiosity	1400	35	1.000000	0.979000	1.037000	700822862	93379	52675	273328743	653569	819042939	113
1495801016909494352	splash2x.radiosity	1400	35	1.000000	0.962000	1.019000	700837496	92591	27953	272673276	617122	806523118	113
1495801017418559487	splash2x.radiosity	1400	35	1.000000	0.957000	1.014000	700846943	96774	46032	266401463	613384	785022785	113
1495801017927701997	splash2x.radiosity	1400	35	1.000000	0.969000	1.027000	700854618	93472	42600	264065463	672156	794122647	112
1495801018436919716	splash2x.radiosity	1400	35	1.000000	0.968000	1.026000	700839574	95947	39770	261988823	769668	808268087	114
1495801018946167642	splash2x.radiosity	1400	36	1.000000	0.973000	1.031000	700864818	94110	48177	257685296	705951	789148617	112
1495801019455291403	splash2x.radiosity	1400	35	1.000000	0.969000	1.027000	700844136	93257	49908	258201877	747823	791324816	113
1495801019964414455	splash2x.radiosity	1400	35	1.000000	0.973000	1.031000	700842494	93904	46391	267952494	666637	795281188	112
1495801020473869464	splash2x.radiosity	1400	36	1.000000	0.968000	1.026000	700948311	93957	38314	271082393	668437	798193721	113
1495801020983136349	splash2x.radiosity	1400	35	1.000000	0.955000	1.012000	700934796	91072	44139	266391981	669076	786900731	111
1495801021492280359	splash2x.radiosity	1400	35	1.000000	0.971000	1.029000	700844425	164516	56941	269933803	587436	792503161	113
1495801022001305245	splash2x.radiosity	1400	36	1.000000	0.962000	1.019000	700861574	92945	38617	273178609	549173	774988283	112
1495801022510258714	splash2x.radiosity	1400	36	1.000000	0.965000	1.022000	700852952	100601	45322	269437314	560916	777368153	114
1495801023019207307	splash2x.radiosity	1400	35	1.000000	0.953000	1.010000	700848592	94598	38390	275043415	587826	777772454	112
1495801023528106026	splash2x.radiosity	1400	36	1.000000	0.946000	1.002000	700840074	94166	35398	274208982	580949	775456134	113
1495801024037085953	splash2x.radiosity	1400	35	1.000000	0.951000	1.008000	700829551	94845	31613	269205090	677458	779643354	112
1495801024546181672	splash2x.radiosity	1400	36	1.000000	0.953000	1.010000	700833577	95725	31244	272124007	647749	783842574	113
1495801025055198057	splash2x.radiosity	1400	36	1.000000	0.952000	1.009000	700833917	96149	39497	265754677	669974	749880680	112
1495801025564235442	splash2x.radiosity	1400	35	1.000000	0.953000	1.010000	700932202	99447	38862	268152840	656457	745700789	114
1495801026073289286	splash2x.radiosity	1400	36	1.000000	0.954000	1.011000	700847696	96310	41489	266817408	702330	748374813	112
1495801026582334921	splash2x.radiosity	1400	36	1.000000	0.951000	1.008000	700835092	96673	44981	275993459	543929	805512056	114
1495801027091462390	splash2x.radiosity	1400	35	1.000000	0.953000	1.010000	700844904	92861	42228	270358320	674980	793353233	112
1495801027600896816	splash2x.radiosity	1400	35	1.000000	0.966000	1.023000	700846686	98354	34696	274784735	521188	791848700	113
1495801028110099785	splash2x.radiosity	1400	36	1.000000	0.951000	1.008000	700835191	93775	29943	268005475	534426	826037508	112
1495801028619379128	splash2x.radiosity	1400	36	1.000000	0.955000	1.012000	700835735	92228	34144	258372905	663494	822637339	113
1495801029128453555	splash2x.radiosity	1400	36	1.000000	0.974000	1.032000	700841004	93521	34863	257730186	662696	802617909	112
1495801029637707940	splash2x.radiosity	1400	36	1.000000	0.973000	1.031000	700943687	93336	30697	258543275	470346	769352857	114
1495801030146853825	splash2x.radiosity	1400	36	1.000000	0.956000	1.013000	700850806	93124	29229	258577346	403578	769676210	112
1495801030656078210	splash2x.radiosity	1400	36	1.000000	0.949000	1.005000	700959303	92502	27628	270999252	345156	817601121	114
1495801031165168970	splash2x.radiosity	1400	36	1.000000	0.951000	1.008000	700844712	95555	28327	271100389	432062	787721464	112
1495801031674300439	splash2x.radiosity	1400	36	1.000000	0.949000	1.005000	700844616	99267	28909	265943511	369741	757789775	113
1495801032183303908	splash2x.radiosity	1400	35	1.000000	0.942000	0.998000	700847158	94816	29982	264752712	395728	734184544	112
1495801032692548543	splash2x.radiosity	1400	36	1.000000	0.941000	0.997000	700840207	95727	28971	267904480	450397	774359606	113
1495801033201707886	splash2x.radiosity	1400	35	1.000000	0.962000	1.019000	700837635	97388	29324	268122456	420656	776959669	112
1495801033710958230	splash2x.radiosity	1400	35	1.000000	0.954000	1.011000	700943913	99049	29901	262266659	475967	755704032	114
1495801034220143615	splash2x.radiosity	1400	35	1.000000	0.946000	1.002000	700827884	96051	33615	261032530	480608	777354542	112
1495801034729529249	splash2x.radiosity	1400	35	1.000000	0.966000	1.023000	700837568	99926	29808	272818794	487662	797875259	114
1495801035238716551	splash2x.radiosity	1400	36	1.000000	0.965000	1.022000	700952423	96786	28485	272958864	458969	784539894	112
1495801035747848603	splash2x.radiosity	1400	36	1.000000	0.958000	1.015000	700940095	100964	28814	272489472	466887	771036034	113
1495801036256939072	splash2x.radiosity	1400	35	1.000000	0.955000	1.012000	700942297	92821	29465	278152097	552140	736573119	112
1495801036766254582	splash2x.radiosity	1400	35	1.000000	0.948000	1.004000	700944989	92746	29375	287508214	507738	724777538	113
1495801037275346800	splash2x.radiosity	1400	36	1.000000	0.943000	0.999000	700953756	91256	34378	277489640	467927	758578218	113
1495801037784545935	splash2x.radiosity	1400	35	1.000000	0.966000	1.023000	701115922	93907	37206	274919682	545779	760653859	113
1495801038293603446	splash2x.radiosity	1400	35	1.000000	0.951000	1.008000	700951290	92759	31269	279919122	621003	758712197	112
1495801038802818622	splash2x.radiosity	1400	35	1.000000	0.950000	1.007000	700961489	97238	34970	273950415	732000	737599246	114
1495801039311992132	splash2x.radiosity	1400	36	1.000000	0.951000	1.008000	700944557	92388	34857	275224456	743191	767599643	112
1495801039821335434	splash2x.radiosity	1400	36	1.000000	0.948000	1.004000	700942220	93328	32314	281146597	691809	757821864	112
1495801040330415986	splash2x.radiosity	1400	36	1.000000	0.952000	1.009000	701004934	92967	35600	275960336	604847	774214251	112
1495801040839528788	splash2x.radiosity	1400	36	1.000000	0.963000	1.020000	700808120	92448	41004	274493359	653043	777931598	113
1495801041348654090	splash2x.radiosity	1400	35	1.000000	0.952000	1.009000	700921919	91579	40636	272799835	591776	772228049	113
1495801041857883183	splash2x.radiosity	1400	36	1.000000	0.948000	1.004000	700855144	95732	39047	269512032	687899	752190683	114
1495801042367039026	splash2x.radiosity	1400	36	1.000000	0.948000	1.004000	700818095	95447	39148	264704917	694096	773585075	112
1495801042876419161	splash2x.radiosity	1400	36	1.000000	0.956000	1.013000	700822282	97026	35387	273643614	594927	778510798	114
1495801043385484130	splash2x.radiosity	1400	36	1.000000	0.948000	1.004000	700822448	98927	35165	271462219	694993	768246887	112
1495801043894666182	splash2x.radiosity	1400	36	1.000000	0.951000	1.008000	700819414	98634	34243	271210758	654855	754214236	113
1495801044403764692	splash2x.radiosity	1400	35	1.000000	0.963000	1.020000	700823528	96051	33266	266746414	576998	791417613	112
1495801044912920285	splash2x.radiosity	1400	35	1.000000	0.944000	1.000000	700910426	101433	30047	265008967	406038	746843501	113
1495801045422070171	splash2x.radiosity	1400	35	1.000000	0.945000	1.001000	700832856	90971	34184	268315081	525144	741763207	113
1495801045931297889	splash2x.radiosity	1400	35	1.000000	0.942000	0.998000	700919108	96828	33056	268054675	683357	719850753	112
1495801046440432649	splash2x.radiosity	1400	36	1.000000	0.947000	1.003000	700833628	105425	35727	269552347	757958	739326339	114
1495801046949567451	splash2x.radiosity	1400	36	1.000000	0.945000	1.001000	700841376	104491	34617	268069057	750156	738326396	112
1495801047458670253	splash2x.radiosity	1400	35	1.000000	0.943000	0.999000	700845964	106669	34682	260645359	747891	729822529	113
1495801047967871055	splash2x.radiosity	1400	36	1.000000	0.942000	0.998000	700838604	107210	32799	256407518	619486	711899292	112
1495801048477051440	splash2x.radiosity	1400	35	1.000000	0.933000	0.988000	700840354	107958	35491	255198643	904588	695020290	113
1495801048986273825	splash2x.radiosity	1400	35	1.000000	0.936000	0.992000	700842858	112668	33932	238383731	958019	652401458	113
1495801049495582876	splash2x.radiosity	1400	35	1.000000	0.927000	0.982000	700831376	111171	32310	202468885	1433537	530494286	113
1495801050004989761	splash2x.radiosity	1400	35	1.000000	0.900000	0.954000	700971332	83065	26669	150611747	2057950	358268733	112
1495801050514167896	splash2x.radiosity	1400	35	1.000000	0.817000	0.866000	700869640	70971	25520	190911595	576254	562670426	133
1495801051023329532	splash2x.radiosity	1400	35	1.000000	0.761000	0.805000	700871980	58711	23234	208084060	451904	629525161	112
1495801051532586625	splash2x.radiosity	1400	35	1.000000	0.725000	0.767000	514900683	491211	155736	142621744	471917	360649323	1739
1495801052042476217	splash2x.raytrace	1400	35	1.000000	0.790000	0.837000	664588408	7142653	2090022	156782222	2480634	308481574	36035
1495801052552406476	splash2x.raytrace	1400	35	1.000000	0.788000	0.835000	700928850	7637841	2226226	162024668	2624280	315223220	38736
1495801053062471235	splash2x.raytrace	1400	35	1.000000	0.791000	0.838000	701082780	7509863	2191612	165749287	2585037	328054709	38198
1495801053572339870	splash2x.raytrace	1400	35	1.000000	0.795000	0.842000	700987762	6962880	1857369	175510918	2264878	406380065	32039
1495801054081662796	splash2x.raytrace	1400	35	1.000000	0.799000	0.846000	700867297	927111	99187	209277580	1157652	545934751	831
1495801054590801223	splash2x.raytrace	1400	35	1.000000	1.014000	1.074000	700861146	109059	28429	200117270	1181216	481782659	134
1495801055100070691	splash2x.raytrace	1400	35	1.000000	1.010000	1.070000	700857857	115762	27122	199522979	1165869	472261851	112
1495801055609242910	splash2x.raytrace	1400	35	1.000000	1.008000	1.068000	700862728	96538	26729	197156990	1161997	473379030	113
1495801056118333337	splash2x.raytrace	1400	35	1.000000	1.004000	1.064000	700861852	93880	26339	197419423	1147319	473471897	110
1495801056627847221	splash2x.raytrace	1400	35	1.000000	1.012000	1.072000	700855533	106177	26795	202455755	1210415	484517050	113
1495801057137147065	splash2x.raytrace	1400	35	1.000000	1.010000	1.070000	700950675	91433	26760	190766475	1093381	457605839	113
1495801057646408575	splash2x.raytrace	1400	35	1.000000	0.996000	1.055000	700862252	103163	27361	188091726	1079474	447310512	113
1495801058155534376	splash2x.raytrace	1400	36	1.000000	0.986000	1.045000	700881800	123347	27777	193414235	1116052	451335604	112
1495801058664721262	splash2x.raytrace	1400	35	1.000000	0.997000	1.056000	700863140	120615	28144	190731310	1096543	447232023	114
1495801059173812105	splash2x.raytrace	1400	36	1.000000	0.995000	1.054000	700867572	117050	27127	191941424	1083834	449467175	112
1495801059683032490	splash2x.raytrace	1400	36	1.000000	0.996000	1.055000	700973640	99465	27522	180747788	1028812	432387867	113
1495801060192234250	splash2x.raytrace	1400	36	1.000000	0.973000	1.031000	700871216	95266	27190	182156930	1038316	435363361	112
1495801060701484385	splash2x.raytrace	1400	36	1.000000	0.974000	1.032000	700861288	112341	28469	186394520	1060564	442059244	113
1495801061210624437	splash2x.raytrace	1400	36	1.000000	0.983000	1.041000	700940376	112449	28273	189389568	1080066	450575082	113
1495801061719881030	splash2x.raytrace	1400	36	1.000000	0.990000	1.049000	700862312	103960	28826	189920192	1076713	453477477	113
1495801062229012416	splash2x.raytrace	1400	36	1.000000	0.990000	1.049000	700858776	98133	27313	194417426	1125969	466400335	112
1495801062738287134	splash2x.raytrace	1400	36	1.000000	0.999000	1.058000	700865012	103605	28982	187162750	1070225	446394177	114
1495801063247491436	splash2x.raytrace	1400	36	1.000000	0.987000	1.046000	700864264	105450	28590	182364631	1038265	433145393	112
1495801063756734196	splash2x.raytrace	1400	36	1.000000	0.997000	1.056000	700859112	108165	27192	189804420	1059452	445998099	113
1495801064265968414	splash2x.raytrace	1400	36	1.000000	0.986000	1.045000	700861924	99541	27231	177624907	990964	422118872	112
1495801064775298424	splash2x.raytrace	1400	36	1.000000	0.958000	1.015000	700865528	110785	27914	189280784	1056099	445787724	113
1495801065284452684	splash2x.raytrace	1400	36	1.000000	0.991000	1.050000	700934492	114647	27256	187493129	1072340	447879081	113
1495801065793647028	splash2x.raytrace	1400	36	1.000000	0.988000	1.047000	700865168	116743	27413	190392642	1071148	450569563	113
1495801066302787080	splash2x.raytrace	1400	36	1.000000	0.999000	1.058000	700866684	103455	27008	185700216	1043472	442145784	112
1495801066812097464	splash2x.raytrace	1400	36	1.000000	0.988000	1.047000	700865820	115257	29182	189037454	1070875	448121650	114
1495801067321349724	splash2x.raytrace	1400	36	1.000000	0.989000	1.048000	700862560	110395	27271	188351953	1056911	444874752	112
1495801067830613359	splash2x.raytrace	1400	36	1.000000	0.988000	1.047000	700864548	110750	27946	189477112	1055820	446651578	113
1495801068339848328	splash2x.raytrace	1400	36	1.000000	0.999000	1.058000	700859900	108741	27836	190869724	1070234	451852933	112
1495801068849055838	splash2x.raytrace	1400	36	1.000000	0.991000	1.050000	700860360	114276	28027	192387817	1092501	453667503	113
1495801069358191848	splash2x.raytrace	1400	36	1.000000	0.995000	1.054000	700923216	99047	26807	200405218	1131082	477611674	113
1495801069867530066	splash2x.raytrace	1400	36	1.000000	1.013000	1.073000	700951460	101637	28070	203377205	1115243	478194057	113
1495801070376765326	splash2x.raytrace	1400	36	1.000000	1.019000	1.080000	700947900	106253	28175	198150539	1101469	466335797	112
1495801070886127628	splash2x.raytrace	1400	36	1.000000	0.968000	1.026000	700927652	102971	28989	182324910	1015288	431458459	121
1495801071395415180	splash2x.raytrace	1400	36	1.000000	0.991000	1.051000	700918404	94236	27378	183569606	1014819	431555998	112
1495801071904712898	splash2x.raytrace	1400	36	1.000000	0.981000	1.039000	700920892	94776	28442	185984114	1023602	436144789	113
1495801072413809866	splash2x.raytrace	1400	36	1.000000	0.975000	1.033000	700927840	94595	27527	176842486	982963	417614200	112
1495801072922980835	splash2x.raytrace	1400	36	1.000000	0.965000	1.022000	701020208	99722	28346	181356539	1003846	424535137	114
1495801073432130928	splash2x.raytrace	1400	36	1.000000	0.989000	1.048000	700917892	103187	27412	192102945	1065974	448477440	112
1495801073941323438	splash2x.raytrace	1400	36	1.000000	1.007000	1.067000	700910200	114455	28923	198874048	1093500	464104823	113
1495801074450454115	splash2x.raytrace	1400	36	1.000000	1.015000	1.075000	700911492	114758	28009	197685705	1083730	461794665	112
1495801074959602542	splash2x.raytrace	1400	36	1.000000	1.005000	1.065000	700947252	103203	27525	201991627	1098510	468391474	112
1495801075468765469	splash2x.raytrace	1400	36	1.000000	1.010000	1.070000	701064504	104626	28364	192964671	1060079	447413165	113
1495801075977976271	splash2x.raytrace	1400	36	1.000000	0.991000	1.050000	700934720	107967	28970	191328816	1052272	445541336	112
1495801076487197239	splash2x.raytrace	1400	36	1.000000	0.993000	1.052000	701015780	104373	28920	188115138	1037670	440117780	114
1495801076996493249	splash2x.raytrace	1400	36	1.000000	0.981000	1.039000	700941512	110674	28180	189799068	1054569	446577150	112
1495801077505655134	splash2x.raytrace	1400	36	1.000000	0.997000	1.056000	700935072	94707	28474	196544631	1065222	467087149	113
1495801078014913186	splash2x.raytrace	1400	36	1.000000	0.995000	1.054000	700938140	95459	28194	197551030	1075912	470475884	112
1495801078524141654	splash2x.raytrace	1400	36	1.000000	1.015000	1.075000	700945632	100576	27646	195447178	1067102	463182130	114
1495801079033364206	splash2x.raytrace	1400	36	1.000000	1.005000	1.065000	701008068	96327	27088	186833057	1024986	439953472	112
1495801079542509216	splash2x.raytrace	1400	36	1.000000	0.990000	1.049000	700847656	98960	27168	187409997	1021985	442712822	113
1495801080051781601	splash2x.raytrace	1400	36	1.000000	0.988000	1.047000	700927608	102596	27287	189025029	1044540	441579681	113
1495801080560993361	splash2x.raytrace	1400	36	1.000000	0.987000	1.046000	700837000	104153	27555	190429300	1049265	444714250	113
1495801081070197913	splash2x.raytrace	1400	36	1.000000	0.989000	1.048000	700834640	108425	27703	195124454	1078325	454043898	112
1495801081579325131	splash2x.raytrace	1400	36	1.000000	0.996000	1.055000	700837640	113775	28221	205690744	1123466	476137074	113
1495801082088380517	splash2x.raytrace	1400	36	1.000000	1.021000	1.082000	700836136	115193	26839	206701321	1129028	477098366	112
1495801082597520610	splash2x.raytrace	1400	36	1.000000	1.017000	1.078000	700851020	115125	28611	209437051	1135917	480845906	114
1495801083106788870	splash2x.raytrace	1400	36	1.000000	1.028000	1.089000	700836868	106503	27259	192265103	1054393	444969311	112
1495801083616086005	splash2x.raytrace	1400	36	1.000000	0.971000	1.029000	700831712	106215	27596	189991144	1044623	439140468	113
1495801084125317182	splash2x.raytrace	1400	36	1.000000	0.993000	1.052000	700841832	106087	26674	188818828	1040545	437670749	113
1495801084634623817	splash2x.raytrace	1400	36	1.000000	0.972000	1.030000	700835212	100435	27343	183239195	1002055	425198718	113
1495801085143848535	splash2x.raytrace	1400	36	1.000000	0.979000	1.037000	700840220	105929	27562	186617471	1022465	433465646	112
1495801085653041295	splash2x.raytrace	1400	36	1.000000	0.998000	1.057000	700833724	96964	26302	186448083	1009903	446516936	113
1495801086162156806	splash2x.raytrace	1400	36	1.000000	0.991000	1.050000	700843636	86295	26032	185910884	1024194	449845369	112
1495801086671429524	splash2x.raytrace	1400	36	1.000000	0.985000	1.044000	700847196	98484	27379	195167612	1091246	462057042	114
1495801087180570534	splash2x.raytrace	1400	36	1.000000	0.996000	1.055000	700837576	115750	27513	203283276	1147135	477708279	112
1495801087689925127	splash2x.raytrace	1400	36	1.000000	1.010000	1.070000	700838136	100774	27476	187803740	1037117	438982131	113
1495801088199047054	splash2x.raytrace	1400	36	1.000000	0.985000	1.044000	700835928	99604	26442	186704072	1039483	438237808	112
1495801088708274648	splash2x.raytrace	1400	36	1.000000	0.987000	1.046000	700987564	107477	27838	193894477	1076594	455331082	114
1495801089217456283	splash2x.raytrace	1400	36	1.000000	0.995000	1.054000	700842404	111943	27647	201866969	1114053	467947887	112
1495801089726742543	splash2x.raytrace	1400	36	1.000000	1.013000	1.073000	700845056	115581	28242	204923186	1127239	473698541	113
1495801090236013469	splash2x.raytrace	1400	36	1.000000	1.017000	1.078000	700835740	110496	27012	205034432	1130124	474963536	112
1495801090745218979	splash2x.raytrace	1400	36	1.000000	1.027000	1.088000	700838600	112372	27803	203078669	1126227	470364340	114
1495801091254384073	splash2x.raytrace	1400	36	1.000000	1.012000	1.072000	700833368	110053	26863	198505319	1099217	459435653	112
1495801091763638583	splash2x.raytrace	1400	36	1.000000	1.005000	1.065000	700850508	106347	26732	188850912	1041078	439401681	113
1495801092272821218	splash2x.raytrace	1400	36	1.000000	0.977000	1.035000	700836056	102698	26907	183780989	1017118	426275924	112
1495801092782070686	splash2x.raytrace	1400	36	1.000000	0.984000	1.043000	700921708	103036	27036	188091202	1017120	440003866	114
1495801093291250738	splash2x.raytrace	1400	36	1.000000	0.984000	1.043000	700836172	91297	25549	200868500	1100865	476996435	110
1495801093800454498	splash2x.raytrace	1400	36	1.000000	1.009000	1.069000	700831664	113819	28088	204644537	1153804	482056545	113
1495801094309625633	splash2x.raytrace	1400	36	1.000000	1.015000	1.075000	700841052	120303	27872	205590992	1156833	481741196	112
1495801094818815977	splash2x.raytrace	1400	36	1.000000	1.020000	1.081000	700839192	113827	28088	202150341	1117066	471687448	114
1495801095328009237	splash2x.raytrace	1400	36	1.000000	1.015000	1.075000	700842084	109000	27081	198370263	1100438	463477673	112
1495801095837234955	splash2x.raytrace	1400	36	1.000000	0.990000	1.049000	700840496	102902	27032	188094248	1043557	442902333	113
1495801096346530882	splash2x.raytrace	1400	36	1.000000	0.992000	1.051000	700832232	105521	27575	193805500	1079637	451699325	112
1495801096855702892	splash2x.raytrace	1400	36	1.000000	0.994000	1.053000	700927652	108708	27849	193954395	1080233	452156043	114
1495801097364928152	splash2x.raytrace	1400	36	1.000000	1.014000	1.074000	700838516	112120	27291	197283853	1094450	458676681	112
1495801097874166620	splash2x.raytrace	1400	36	1.000000	0.993000	1.052000	700836328	112522	27865	196623719	1078225	455332536	113
1495801098383455714	splash2x.raytrace	1400	36	1.000000	1.001000	1.061000	700835076	107742	27066	193150823	1051299	450541154	112
1495801098892690890	splash2x.raytrace	1400	36	1.000000	0.983000	1.041000	700935128	102492	27442	198474256	1039467	470921252	114
1495801099401913151	splash2x.raytrace	1400	36	1.000000	1.012000	1.072000	700836504	117421	27320	207460582	1131012	489564693	112
1495801099911291202	splash2x.raytrace	1400	36	1.000000	1.018000	1.079000	700831960	120407	27324	202197806	1121462	477242525	113
1495801100420598504	splash2x.raytrace	1400	36	1.000000	1.004000	1.064000	700821144	109999	26943	197104704	1097171	464066483	112
1495801100929918264	splash2x.raytrace	1400	36	1.000000	1.008000	1.068000	700828432	121769	27696	198757834	1151058	463689337	114
1495801101439084107	splash2x.raytrace	1400	36	1.000000	1.014000	1.074000	700837268	120404	27027	202609307	1132990	471778082	112
1495801101948333700	splash2x.raytrace	1400	36	1.000000	1.004000	1.064000	683249724	432718	131745	198985094	1107121	467546026	1756
1495801102458351959	splash2x.water_nsquared	1400	35	1.000000	0.635000	0.676000	495578355	5286385	1525894	117659869	1820232	232617207	26425
1495801102968562843	splash2x.water_nsquared	1400	35	1.000000	0.790000	0.837000	700843756	7686982	2214321	161478346	2606548	313480314	38658
1495801103478353894	splash2x.water_nsquared	1400	35	1.000000	0.793000	0.840000	700822546	7558584	2181624	164519496	2565864	324414322	38170
1495801103988172153	splash2x.water_nsquared	1400	35	1.000000	0.796000	0.843000	700902827	2309013	390647	305354354	677838	904385229	6850
1495801104497524663	splash2x.water_nsquared	1400	36	1.000000	0.882000	0.934000	700900394	63443	22232	413252130	346843	1105572099	114
1495801105006879090	splash2x.water_nsquared	1400	36	1.000000	1.092000	1.158000	701033036	67631	21816	414666065	346670	1112514968	112
1495801105516110350	splash2x.water_nsquared	1400	36	1.000000	1.093000	1.159000	700928500	70537	22091	420679791	351872	1130195536	113
1495801106025256943	splash2x.water_nsquared	1400	36	1.000000	1.099000	1.166000	700933555	69142	21744	437094758	366587	1170199415	112
1495801106534385328	splash2x.water_nsquared	1400	36	1.000000	1.119000	1.187000	700940361	69620	21848	454430392	379681	1214217705	114
1495801107043582172	splash2x.water_nsquared	1400	36	1.000000	1.142000	1.211000	700941958	69200	21488	469943886	390379	1263599268	112
1495801107552700807	splash2x.water_nsquared	1400	36	1.000000	1.151000	1.221000	700935035	71386	22936	479802979	400237	1284628530	113
1495801108061958275	splash2x.water_nsquared	1400	36	1.000000	1.160000	1.230000	701016639	70398	22864	484713885	402927	1297371981	112
1495801108571233619	splash2x.water_nsquared	1400	37	1.000000	1.168000	1.239000	700912892	73816	23110	471649364	387637	1285946272	114
1495801109080414962	splash2x.water_nsquared	1400	37	1.000000	1.165000	1.236000	700835711	71780	23146	467315499	381821	1288219716	112
1495801109589565764	splash2x.water_nsquared	1400	37	1.000000	1.157000	1.227000	700840141	71689	23105	456529964	368772	1278291954	113
1495801110098734649	splash2x.water_nsquared	1400	37	1.000000	1.154000	1.224000	700839819	70237	22560	442998610	353357	1262453865	112
1495801110607850743	splash2x.water_nsquared	1400	36	1.000000	1.139000	1.208000	700837601	72979	24094	425485492	338193	1230425028	114
1495801111117073794	splash2x.water_nsquared	1400	37	1.000000	1.125000	1.193000	700836057	70861	23072	408492955	322217	1193416672	110
1495801111626378054	splash2x.water_nsquared	1400	37	1.000000	1.101000	1.168000	700840383	70752	24262	399316370	312989	1179260490	113
1495801112135541773	splash2x.water_nsquared	1400	36	1.000000	1.091000	1.156000	700842206	73863	24502	377865964	311233	1083580468	117
1495801112644716075	splash2x.water_nsquared	1400	36	1.000000	1.056000	1.119000	700900937	75649	26034	405534459	340553	1073818073	114
1495801113153855835	splash2x.water_nsquared	1400	37	1.000000	1.100000	1.166000	700846410	72632	25059	405030735	339853	1072631368	112
1495801113663045637	splash2x.water_nsquared	1400	37	1.000000	1.101000	1.167000	700839972	75937	25027	409013857	342754	1085956947	115
1495801114172159938	splash2x.water_nsquared	1400	37	1.000000	1.106000	1.173000	700836786	74607	24612	421511872	352896	1122081751	112
1495801114681433115	splash2x.water_nsquared	1400	37	1.000000	1.125000	1.192000	700841243	76956	25285	436573971	364943	1160714407	114
1495801115190637000	splash2x.water_nsquared	1400	37	1.000000	1.133000	1.200000	700840126	73307	24441	454598979	380316	1202465829	112
1495801115699977510	splash2x.water_nsquared	1400	37	1.000000	1.155000	1.225000	700838976	76526	25033	464700419	386299	1234698875	113
1495801116209071812	splash2x.water_nsquared	1400	37	1.000000	1.169000	1.239000	700837884	74368	24140	470827811	391512	1254269995	112
1495801116718187156	splash2x.water_nsquared	1400	37	1.000000	1.177000	1.247000	700922104	76753	24991	472137987	391827	1259830180	114
1495801117227410207	splash2x.water_nsquared	1400	37	1.000000	1.177000	1.248000	700838365	75769	25131	462142907	378097	1258423599	112
1495801117736645676	splash2x.water_nsquared	1400	37	1.000000	1.171000	1.242000	700845879	75333	25133	454709143	368320	1261960903	113
1495801118245982311	splash2x.water_nsquared	1400	37	1.000000	1.166000	1.237000	700965176	74857	25463	444551073	358044	1247463027	112
1495801118755216946	splash2x.water_nsquared	1400	37	1.000000	1.152000	1.222000	700864792	77502	25141	429556332	343675	1219927146	114
1495801119264383789	splash2x.water_nsquared	1400	37	1.000000	1.136000	1.204000	700863196	75082	24785	410654814	325808	1182820745	112
1495801119773462174	splash2x.water_nsquared	1400	37	1.000000	1.119000	1.187000	700865521	75838	24960	397379277	313121	1158766247	113
1495801120282626059	splash2x.water_nsquared	1400	37	1.000000	1.103000	1.170000	700866371	74121	25400	388892334	304097	1146184442	112
1495801120791971611	splash2x.water_nsquared	1400	37	1.000000	1.090000	1.156000	700960758	75156	25308	380259217	329308	1029372272	118
1495801121301276454	splash2x.water_nsquared	1400	37	1.000000	1.103000	1.170000	700872227	74345	24825	402857091	336995	1071740855	112
1495801121810476548	splash2x.water_nsquared	1400	37	1.000000	1.100000	1.166000	700886818	75579	24705	406127119	340271	1080243184	113
1495801122319898349	splash2x.water_nsquared	1400	37	1.000000	1.100000	1.166000	700861981	72671	23827	413610805	347327	1097106337	112
1495801122829209609	splash2x.water_nsquared	1400	37	1.000000	1.111000	1.177000	700856553	75283	24679	428371318	359125	1133530531	114
1495801123338336078	splash2x.water_nsquared	1400	37	1.000000	1.129000	1.196000	700862379	74390	24219	444900652	370961	1181311388	112
1495801123847560296	splash2x.water_nsquared	1400	37	1.000000	1.149000	1.217000	700859963	75655	24771	459416109	382304	1224334309	113
1495801124356825598	splash2x.water_nsquared	1400	37	1.000000	1.169000	1.240000	700868275	74099	24155	468049612	390857	1239066806	112
1495801124866120274	splash2x.water_nsquared	1400	37	1.000000	1.176000	1.247000	700930926	76984	25192	473864016	393842	1259523662	114
1495801125375274201	splash2x.water_nsquared	1400	37	1.000000	1.177000	1.248000	700865005	75114	25127	466094729	383049	1262872808	112
1495801125884428836	splash2x.water_nsquared	1400	37	1.000000	1.171000	1.242000	700862374	74987	25128	460441368	376153	1259830035	113
1495801126393637263	splash2x.water_nsquared	1400	37	1.000000	1.162000	1.232000	700864661	73493	24089	451055264	364541	1254091094	112
1495801126902937731	splash2x.water_nsquared	1400	37	1.000000	1.151000	1.221000	700859856	75088	25143	436333805	349009	1233317343	114
1495801127412056658	splash2x.water_nsquared	1400	37	1.000000	1.135000	1.203000	700858388	74664	24212	419962087	333401	1205297457	112
1495801127921449085	splash2x.water_nsquared	1400	37	1.000000	1.120000	1.188000	700961430	74331	24899	403397065	319653	1170181646	113
1495801128430673011	splash2x.water_nsquared	1400	37	1.000000	1.106000	1.172000	700833248	73211	24417	394533413	309390	1156687436	112
1495801128940085855	splash2x.water_nsquared	1400	37	1.000000	1.100000	1.167000	700901812	75489	25133	368979633	307984	1063312598	122
1495801129449284323	splash2x.water_nsquared	1400	37	1.000000	1.106000	1.173000	700832212	72948	23863	406180309	339726	1077353421	112
1495801129958424708	splash2x.water_nsquared	1400	37	1.000000	1.102000	1.169000	700837212	73178	24469	404331888	338965	1070271583	113
1495801130467572468	splash2x.water_nsquared	1400	37	1.000000	1.102000	1.169000	700837093	72510	24365	408430384	342548	1082343363	110
1495801130976868062	splash2x.water_nsquared	1400	37	1.000000	1.104000	1.171000	700825749	74456	25223	420400442	352430	1117337341	114
1495801131486110530	splash2x.water_nsquared	1400	37	1.000000	1.125000	1.193000	700824131	73759	23685	434814573	362416	1158223346	112
1495801131995206832	splash2x.water_nsquared	1400	37	1.000000	1.144000	1.213000	700820923	77043	25080	451658020	377829	1196859604	113
1495801132504360009	splash2x.water_nsquared	1400	37	1.000000	1.165000	1.236000	700826313	72777	23933	465035544	387175	1232046350	112
1495801133013494311	splash2x.water_nsquared	1400	37	1.000000	1.174000	1.245000	700895166	74719	24500	469959160	390744	1252989259	114
1495801133522702946	splash2x.water_nsquared	1400	37	1.000000	1.180000	1.251000	700822744	76794	24764	463537902	380707	1257662547	113
1495801134031891497	splash2x.water_nsquared	1400	37	1.000000	1.172000	1.243000	700851631	70257	24658	455265556	368761	1261208417	112
1495801134541192882	splash2x.water_nsquared	1400	37	1.000000	1.169000	1.240000	700924121	72863	24514	445249965	358356	1249784620	114
1495801135050586059	splash2x.water_nsquared	1400	37	1.000000	1.154000	1.224000	700858468	76219	24723	430895407	344607	1223014624	112
1495801135559888402	splash2x.water_nsquared	1400	37	1.000000	1.137000	1.206000	700831881	75739	24599	412900464	328514	1187030512	113
1495801136069019037	splash2x.water_nsquared	1400	37	1.000000	1.120000	1.188000	700833931	73660	23635	398301287	313207	1159832378	112
1495801136578207714	splash2x.water_nsquared	1400	37	1.000000	1.107000	1.174000	700830498	75026	24506	390194832	305158	1148753429	113
1495801137087350558	splash2x.water_nsquared	1400	37	1.000000	1.099000	1.166000	700899568	71349	25194	372533646	324373	1042295937	117
1495801137596704901	splash2x.water_nsquared	1400	37	1.000000	1.074000	1.139000	700935396	70849	25187	378324221	330153	1041762711	113
1495801138106002536	splash2x.water_nsquared	1400	37	1.000000	1.094000	1.160000	700835757	68280	25263	380038868	331095	1046880963	112
1495801138615148338	splash2x.water_nsquared	1400	37	1.000000	1.088000	1.154000	700843727	70083	25586	385771714	336062	1061100270	114
1495801139124403598	splash2x.water_nsquared	1400	37	1.000000	1.090000	1.155000	700841169	67183	24135	400841195	349492	1099064943	112
1495801139633538691	splash2x.water_nsquared	1400	37	1.000000	1.109000	1.176000	700846131	67960	24148	416357177	361132	1143536028	113
1495801140142784993	splash2x.water_nsquared	1400	37	1.000000	1.127000	1.195000	700964501	68507	24054	429698367	370655	1185274144	112
1495801140652074586	splash2x.water_nsquared	1400	37	1.000000	1.146000	1.214000	700942378	70000	25029	435707733	377602	1196998723	114
1495801141161334971	splash2x.water_nsquared	1400	37	1.000000	1.159000	1.229000	701032903	69783	24462	444151845	384428	1219895408	112
1495801141670477981	splash2x.water_nsquared	1400	37	1.000000	1.164000	1.235000	700942180	69142	24975	437666457	374320	1224893564	113
1495801142179690325	splash2x.water_nsquared	1400	37	1.000000	1.163000	1.233000	700937156	68774	25101	433020570	367026	1227561496	112
1495801142688819835	splash2x.water_nsquared	1400	37	1.000000	1.157000	1.227000	700944190	70839	25944	428375219	360248	1230270994	114
1495801143197959470	splash2x.water_nsquared	1400	37	1.000000	1.151000	1.221000	700934493	69693	25362	416168160	345836	1215545229	112
1495801143707313230	splash2x.water_nsquared	1400	37	1.000000	1.137000	1.206000	700949842	71315	25331	400926182	330456	1188682842	114
1495801144216733823	splash2x.water_nsquared	1400	37	1.000000	1.130000	1.198000	700939253	69458	24278	385683400	316128	1157497752	112
1495801144726070750	splash2x.water_nsquared	1400	37	1.000000	1.107000	1.173000	701027262	72360	25550	378070209	308529	1146489674	114
1495801145235228260	splash2x.water_nsquared	1400	37	1.000000	1.096000	1.161000	550751803	365941	120354	277362800	352164	834426155	1726
