#Timestamp	Benchmark	CPU(4) Frequency(MHz)	CPU(4) Temperature(C)	A15 Voltage(V)	A15 Current(A)	A15 Power(W)	CPU_CYCLES	L1I_CACHE_REFILL	L1I_TLB_REFILL	L1D_CACHE_ACCESS	L1D_TLB_REFILL	INST_RETIRED	EXCEPTION_TAKEN
1496375182921881046	parsec.dedup	1000	38	0.900000	0.292000	0.285000	355197364	3952925	1161164	86798744	1348813	174302273	18631
1496375183432202846	parsec.dedup	1000	38	0.900000	0.538000	0.520000	553911244	6455034	1906298	127388699	2166916	247422132	30795
1496375183942566938	parsec.dedup	1000	37	0.900000	0.538000	0.520000	552909538	6379095	1893308	128937943	2162822	253246581	30547
1496375184452995988	parsec.dedup	1000	37	0.900000	0.541000	0.523000	552934159	6145755	1822866	134217571	2101722	272305358	29219
1496375184962472831	parsec.dedup	1000	37	0.900000	0.544000	0.526000	547654132	3781882	2059025	148978584	2713412	227330129	26098
1496375185472616256	parsec.dedup	1000	37	0.900000	0.575000	0.556000	514406301	2787010	1965782	150863593	2648711	218346572	23364
1496375185982654390	parsec.dedup	1000	37	0.900000	0.533000	0.515000	703808802	3120533	2076810	178219947	3333381	284450806	27054
1496375186492522608	parsec.dedup	1000	38	0.900000	0.697000	0.676000	786280886	2610270	1517810	313721541	2196293	775903931	21668
1496375187002429325	parsec.dedup	1000	38	0.900000	0.712000	0.690000	949266846	3314318	1636292	393535773	2226237	951329662	21262
1496375187511855460	parsec.dedup	1000	38	0.900000	0.965000	0.937000	962046162	2770683	1022269	493529563	1567573	1341746100	11720
1496375188021404928	parsec.dedup	1000	38	0.900000	0.969000	0.940000	950855995	2703075	984376	480745204	1554105	1373566199	10504
1496375188530776188	parsec.dedup	1000	38	0.900000	1.029000	0.999000	956021941	2833432	1035090	463008876	1487048	1361953773	11654
1496375189040355572	parsec.dedup	1000	38	0.900000	0.969000	0.940000	947771073	2768991	1012802	465145502	1657502	1388802880	11296
1496375189549720457	parsec.dedup	1000	39	0.900000	1.000000	0.971000	946031858	3007927	1104882	461393823	1681311	1335892764	11613
1496375190059040717	parsec.dedup	1000	39	0.900000	0.962000	0.934000	955577620	3729879	1421601	438162810	2602623	1189374335	17142
1496375190568384685	parsec.dedup	1000	39	0.900000	0.971000	0.942000	960124105	3991850	1493910	453546951	2924211	1129944228	18336
1496375191077886487	parsec.dedup	1000	39	0.900000	0.985000	0.956000	988700447	4749585	1910722	422310883	4002980	900273008	26398
1496375191587391622	parsec.dedup	1000	39	0.900000	0.949000	0.921000	997143823	4804189	2006715	415454822	4471874	798872906	29357
1496375192097015631	parsec.dedup	1000	39	0.900000	0.948000	0.920000	997224454	4868472	2031005	414202650	4495559	796353217	29612
1496375192606734640	parsec.dedup	1000	39	0.900000	0.951000	0.923000	998457180	4693384	1912914	403539157	3120502	847121689	21405
1496375193116227483	parsec.dedup	1000	39	0.900000	0.942000	0.914000	1001346387	5475216	2131088	406882068	2108864	895923580	12429
1496375193625305952	parsec.dedup	1000	39	0.900000	0.953000	0.925000	1001346023	3062010	1135447	466092984	1496394	1008002047	6633
1496375194134433629	parsec.dedup	1000	39	0.900000	1.000000	0.971000	1001305788	1558271	522280	469280510	901338	1085580869	3015
1496375194643550389	parsec.dedup	1000	39	0.900000	1.013000	0.983000	1001343018	1789860	621976	479906753	1058178	1085999984	3617
1496375195152619941	parsec.dedup	1000	39	0.900000	1.016000	0.986000	1001319262	1876200	643330	482993885	1049849	1080898640	3761
1496375195661735618	parsec.dedup	1000	39	0.900000	1.018000	0.988000	1001330432	1650568	572950	460511007	828756	1086666255	3512
1496375196170776378	parsec.dedup	1000	39	0.900000	1.020000	0.990000	1001302422	1544221	526106	465561070	741684	1096858608	3194
1496375196679947180	parsec.dedup	1000	39	0.900000	1.019000	0.989000	1001309568	1574597	611270	422282040	771278	1072677995	4905
1496375197188958190	parsec.dedup	1000	39	0.900000	0.990000	0.961000	1001307726	1404289	515416	412798081	642662	1087425875	4213
1496375197698086617	parsec.dedup	1000	39	0.900000	0.986000	0.957000	1001369329	2311668	988916	398416245	1110395	1002739994	9092
1496375198207170669	parsec.dedup	1000	39	0.900000	0.971000	0.942000	1001302877	1655852	650984	408525985	759882	1068001024	5612
1496375198716313721	parsec.dedup	1000	39	0.900000	0.982000	0.953000	1001306310	1857074	752607	404428367	850581	1065076803	6618
1496375199225358190	parsec.dedup	1000	39	0.900000	0.985000	0.956000	1001301852	1488327	585202	411216839	685915	1072310168	5074
1496375199734496950	parsec.dedup	1000	39	0.900000	0.990000	0.961000	1001608479	1396880	509995	411038782	611099	1082927734	4121
1496375200243599085	parsec.dedup	1000	39	0.900000	0.985000	0.956000	1001289840	1772948	719746	405750282	801471	1058949154	6282
1496375200752760428	parsec.dedup	1000	39	0.900000	0.980000	0.951000	1001297007	1832094	722290	404261134	823332	1059011405	6347
1496375201261871189	parsec.dedup	1000	39	0.900000	0.977000	0.948000	1001510594	1566861	581555	407631602	703217	1081385971	4805
1496375201771080699	parsec.dedup	1000	39	0.900000	0.979000	0.950000	1001312539	1538399	596132	408896446	715368	1075128328	4963
1496375202280321625	parsec.dedup	1000	39	0.900000	0.978000	0.949000	1001300430	2389038	1112934	386467457	1344091	999249766	8025
1496375202789661260	parsec.dedup	1000	39	0.900000	0.961000	0.933000	996896689	2933719	1373595	384372383	1510831	986298283	10196
1496375203301363392	parsec.dedup	1000	39	0.900000	0.951000	0.923000	1001583660	2681810	1211835	391288249	1344992	1004354166	8897
1496375203811703026	parsec.dedup	1000	39	0.900000	0.957000	0.929000	1001615570	3244057	1545697	378355946	1659099	948107672	11456
1496375204321482410	parsec.dedup	1000	39	0.900000	0.947000	0.919000	999178763	3212105	1552297	383349379	1649675	959542131	11416
1496375204831093586	parsec.dedup	1000	39	0.900000	0.967000	0.938000	1001493534	2998546	1430390	383677478	1520432	987149446	10405
1496375205340284679	parsec.dedup	1000	39	0.900000	0.960000	0.932000	1001523505	2857846	1343606	387125647	1458640	983581556	9955
1496375205849697231	parsec.dedup	1000	39	0.900000	0.958000	0.930000	1001455652	3226743	1542633	379603396	1630266	962387767	11327
1496375206359038283	parsec.dedup	1000	38	0.900000	0.822000	0.798000	722144985	4620313	2313884	218942502	2607122	496783046	17746
1496375206868519626	parsec.dedup	1000	38	0.900000	0.504000	0.487000	508848094	6550842	3253860	106507738	3361468	193965046	25652
1496375207378092385	parsec.dedup	1000	38	0.900000	0.504000	0.487000	508560989	6517078	3264952	105907270	3327825	193381383	25272
1496375207887511395	parsec.dedup	1000	38	0.900000	0.502000	0.485000	508556188	6492858	3247309	106057699	3322855	193526734	25378
1496375208396924613	parsec.dedup	1000	37	0.900000	0.502000	0.485000	509008092	4788266	2466225	113184666	2876094	207351990	18210
1496375208907387163	parsec.facesim	1000	37	0.900000	0.514000	0.497000	369402641	2479665	730848	81366350	1296508	175507652	11180
1496375209417685255	parsec.facesim	1000	37	0.900000	0.419000	0.407000	553926684	6479145	1911857	126405667	2173970	243940662	30884
1496375209927913930	parsec.facesim	1000	37	0.900000	0.539000	0.521000	553087123	6398798	1892808	128640009	2160388	251948019	30523
1496375210438275314	parsec.facesim	1000	37	0.900000	0.538000	0.520000	552450073	6314762	1872869	130417636	2140133	258673571	30202
1496375210948486073	parsec.facesim	1000	37	0.900000	0.540000	0.522000	551754764	6215086	1872715	132372441	2136294	266754055	29966
1496375211457912666	parsec.facesim	1000	37	0.900000	0.549000	0.531000	553768439	3620282	1214025	205327677	1437962	448249514	18101
1496375211967355134	parsec.facesim	1000	37	0.900000	0.523000	0.506000	504709382	719262	425452	179837985	665663	467582684	5290
1496375212476528769	parsec.facesim	1000	37	0.900000	0.626000	0.607000	505382676	957695	652857	178986027	886589	473690921	10159
1496375212985713737	parsec.facesim	1000	37	0.900000	0.550000	0.532000	505725846	1258991	682495	125232914	1195351	307111175	10559
1496375213495626246	parsec.facesim	1000	37	0.900000	0.519000	0.502000	502216230	99473	60455	122542907	648997	342456266	279
1496375214005015548	parsec.facesim	1000	37	0.900000	0.517000	0.500000	502355168	225938	121069	109489694	749989	306758794	1044
1496375214514292641	parsec.facesim	1000	36	0.900000	0.496000	0.480000	502833198	628617	171980	94885111	693425	315879254	1392
1496375215023673776	parsec.facesim	1000	36	0.900000	0.514000	0.497000	502996988	452188	225357	101311052	1218373	243674094	2574
1496375215532973411	parsec.facesim	1000	36	0.900000	0.504000	0.487000	503991881	690984	393123	126955821	1111135	295941071	5624
1496375216042266879	parsec.facesim	1000	36	0.900000	0.540000	0.522000	503282279	465177	259814	107993123	887278	260769624	3428
1496375216551564181	parsec.facesim	1000	36	0.900000	0.494000	0.478000	503579779	555775	324611	109886704	900330	267744818	4639
1496375217060716774	parsec.facesim	1000	36	0.900000	0.484000	0.468000	502924831	418173	240739	106577471	851698	258666421	3318
1496375217569977868	parsec.facesim	1000	36	0.900000	0.489000	0.473000	503624970	487121	286802	108225130	891518	262477261	4036
1496375218079182628	parsec.facesim	1000	36	0.900000	0.498000	0.482000	503590123	477409	279774	111150311	790825	329670842	4355
1496375218588385471	parsec.facesim	1000	36	0.900000	0.504000	0.487000	502069224	74646	30650	126679768	258249	464298022	126
1496375219097576231	parsec.facesim	1000	36	0.900000	0.543000	0.525000	501946602	91959	40768	585510493	755767	800178100	322
1496375219606963825	parsec.facesim	1000	36	0.900000	0.671000	0.650000	502676788	124922	56371	656865763	880182	853979215	614
1496375220116311459	parsec.facesim	1000	36	0.900000	0.828000	0.803000	502322423	114307	49736	126673146	282270	463117239	342
1496375220625437303	parsec.facesim	1000	36	0.900000	0.543000	0.525000	507758923	1588819	1005262	146343053	1398043	345330550	17304
1496375221135166937	parsec.facesim	1000	36	0.900000	0.525000	0.508000	858439586	4479643	535253	413339029	6400346	767617817	9017
1496375221644441281	parsec.facesim	1000	37	0.900000	1.001000	0.971000	1001409879	4968556	47569	518902548	8247537	994651472	228
1496375222153801124	parsec.facesim	1000	37	0.900000	1.003000	0.973000	1001409159	4960289	46990	516588071	8242894	992862220	227
1496375222663043134	parsec.facesim	1000	37	0.900000	1.009000	0.979000	770039146	5295621	79258	374758981	5027512	754372421	788
1496375223172274311	parsec.facesim	1000	38	0.900000	0.669000	0.648000	1001420766	9472966	47304	461399208	7564305	932795884	228
1496375223681645612	parsec.facesim	1000	38	0.900000	0.981000	0.952000	1001407848	9842869	47107	471572062	7611170	947389895	229
1496375224190977830	parsec.facesim	1000	38	0.900000	0.990000	0.961000	954931665	9273240	45215	441220404	7225463	891700006	218
1496375224700241090	parsec.facesim	1000	38	0.900000	0.983000	0.954000	953720672	478170	105051	303616294	2871347	673102719	1000
1496375225209589934	parsec.facesim	1000	38	0.900000	0.864000	0.838000	964814505	231223	91129	284603596	333895	586139153	636
1496375225718943110	parsec.facesim	1000	38	0.900000	0.849000	0.824000	974438444	242439	95869	284891819	337458	585637393	666
1496375226228291662	parsec.facesim	1000	38	0.900000	0.924000	0.897000	977193276	230613	92058	285983217	335487	587744677	635
1496375226737906755	parsec.facesim	1000	39	0.900000	0.912000	0.885000	976167659	234770	93072	288214061	339320	593556305	637
1496375227247472347	parsec.facesim	1000	39	0.900000	0.883000	0.857000	973634493	230697	91240	287991518	336379	592447985	648
1496375227756888649	parsec.facesim	1000	39	0.900000	0.868000	0.842000	974489119	239922	95512	287527969	340074	591049611	656
1496375228266509783	parsec.facesim	1000	39	0.900000	0.879000	0.852000	964467809	239010	94292	285564178	336305	586959758	655
1496375228776117043	parsec.facesim	1000	39	0.900000	0.889000	0.863000	970795089	227826	91211	287072389	334940	591532243	624
1496375229285663511	parsec.facesim	1000	39	0.900000	0.890000	0.864000	971891718	241110	95652	286652887	338738	589306686	664
1496375229795460062	parsec.facesim	1000	39	0.900000	0.902000	0.875000	972954911	244303	97123	288987629	341666	594165214	661
1496375230305043030	parsec.facesim	1000	39	0.900000	0.930000	0.903000	969146424	234655	93222	285173072	334553	586632067	640
1496375230814655914	parsec.facesim	1000	39	0.900000	0.926000	0.899000	972194063	238101	95020	289153865	338388	595364964	641
1496375231324260924	parsec.facesim	1000	39	0.900000	0.929000	0.902000	973703976	240293	95925	286690225	339115	589318856	657
1496375231833426559	parsec.facesim	1000	39	0.900000	0.922000	0.895000	997207479	8493589	56442	440500519	6908426	892995618	301
1496375232342618277	parsec.facesim	1000	39	0.900000	0.988000	0.959000	1001417025	9715003	46205	464259893	7669812	943606414	227
1496375232851937621	parsec.facesim	1000	39	0.900000	0.992000	0.963000	1001415159	9717515	47533	467313868	7661649	948766363	231
1496375233361124381	parsec.facesim	1000	39	0.900000	0.988000	0.959000	817902172	5145433	42257	371563939	5656958	784672241	218
1496375233870595016	parsec.facesim	1000	38	0.900000	0.838000	0.813000	638277859	1752811	646148	284534331	2579304	638158738	1345
1496375234380250650	parsec.facesim	1000	38	0.900000	0.639000	0.619000	506399054	908763	380802	139177968	1187718	322586159	837
1496375234890345909	parsec.freqmine	1000	38	0.900000	0.470000	0.456000	367711524	2327965	694170	84613195	1030926	194100643	10691
1496375235400709542	parsec.freqmine	1000	38	0.900000	0.538000	0.521000	553724251	6477334	1918646	126391886	2166714	244000669	30989
1496375235910948343	parsec.freqmine	1000	37	0.900000	0.539000	0.522000	552903453	6395533	1902709	128424455	2152885	251682819	30628
1496375236421178310	parsec.freqmine	1000	37	0.900000	0.540000	0.522000	552638097	6311732	1882715	130350938	2139518	258866455	30261
1496375236931242360	parsec.freqmine	1000	37	0.900000	0.541000	0.524000	551374760	6213084	1857436	132735093	2118117	267402446	29897
1496375237440752245	parsec.freqmine	1000	37	0.900000	0.541000	0.524000	551724508	3376959	1015459	96788428	1207157	203084873	16148
1496375237950066880	parsec.freqmine	1000	36	0.900000	0.500000	0.484000	502538503	176676	88702	56001954	148279	134658466	929
1496375238459227723	parsec.freqmine	1000	36	0.900000	0.435000	0.421000	502322155	171888	87653	55931330	149308	134557575	925
1496375238968421025	parsec.freqmine	1000	36	0.900000	0.435000	0.421000	502507947	180589	93333	56093393	153711	134667986	979
1496375239477623952	parsec.freqmine	1000	36	0.900000	0.435000	0.421000	502437203	170268	87748	55865279	148116	134418754	922
1496375239986939753	parsec.freqmine	1000	36	0.900000	0.436000	0.422000	502288220	170049	87687	55805016	147564	134178247	920
1496375240496173347	parsec.freqmine	1000	36	0.900000	0.435000	0.421000	502343986	173806	89424	55833983	147889	134308912	923
1496375241005316357	parsec.freqmine	1000	36	0.900000	0.436000	0.422000	502393643	174225	88970	55868737	148565	134324807	925
1496375241514583784	parsec.freqmine	1000	36	0.900000	0.437000	0.423000	502133998	168471	86828	55835749	145105	134276324	921
1496375242023830085	parsec.freqmine	1000	36	0.900000	0.436000	0.422000	502182777	172452	87881	55832290	146036	134285036	919
1496375242533038220	parsec.freqmine	1000	36	0.900000	0.435000	0.421000	502211936	172799	88329	55841009	148541	134337293	923
1496375243042274022	parsec.freqmine	1000	36	0.900000	0.435000	0.421000	502052867	168056	87190	55820182	145765	134211501	918
1496375243551729199	parsec.freqmine	1000	36	0.900000	0.435000	0.421000	502114457	169288	87704	55842878	149200	134298804	922
1496375244061166583	parsec.freqmine	1000	36	0.900000	0.435000	0.421000	502051794	169533	87032	55762864	147176	134240859	914
1496375244570377260	parsec.freqmine	1000	36	0.900000	0.435000	0.421000	502117497	173388	88620	55823655	146848	134297407	921
1496375245079693895	parsec.freqmine	1000	36	0.900000	0.435000	0.421000	502207826	172324	88412	55791921	147754	134250741	917
1496375245588867863	parsec.freqmine	1000	36	0.900000	0.435000	0.421000	502196123	171358	87411	55821436	146911	134294999	919
1496375246098088124	parsec.freqmine	1000	36	0.900000	0.435000	0.421000	502019816	169406	86045	55817961	146465	134253123	922
1496375246607292050	parsec.freqmine	1000	36	0.900000	0.435000	0.421000	502332765	175894	88420	55843791	147362	134317054	922
1496375247116586644	parsec.freqmine	1000	36	0.900000	0.434000	0.420000	502121049	170024	86041	55816355	145394	134250816	919
1496375247625752154	parsec.freqmine	1000	36	0.900000	0.435000	0.421000	687874030	349822	194998	131219523	465285	635044783	2088
1496375248135069747	parsec.freqmine	1000	36	0.900000	0.436000	0.422000	998993930	425932	238274	246307898	819228	1459513773	1911
1496375248644314007	parsec.freqmine	1000	37	0.900000	0.995000	0.966000	970723536	1177739	702627	192635547	9298047	620664587	9166
1496375249154221099	parsec.freqmine	1000	37	0.900000	0.798000	0.774000	930099438	1773433	1114311	254237767	5698687	560789173	14748
1496375249663541984	parsec.freqmine	1000	37	0.900000	0.800000	0.776000	1001407101	214007	51620	557845810	1060590	1111936171	253
1496375250172714828	parsec.freqmine	1000	37	0.900000	1.013000	0.983000	1001388948	211107	49746	595380391	1010640	1128783516	236
1496375250681970630	parsec.freqmine	1000	37	0.900000	1.033000	1.003000	1001396722	208668	49622	607721036	940742	1133895360	227
1496375251191486098	parsec.freqmine	1000	37	0.900000	1.035000	1.004000	1001394770	202041	47797	609362067	941894	1142126778	232
1496375251701063482	parsec.freqmine	1000	38	0.900000	1.027000	0.997000	1001386686	181196	47456	614193832	900748	1152602104	231
1496375252210237576	parsec.freqmine	1000	38	0.900000	1.027000	0.997000	1001387949	199729	46421	628519649	790571	1170515701	227
1496375252719477419	parsec.freqmine	1000	38	0.900000	1.035000	1.004000	1001492588	206479	48289	623542652	880469	1159783085	229
1496375253228805304	parsec.freqmine	1000	38	0.900000	1.034000	1.004000	1001383813	201173	47129	625542133	880421	1162322304	227
1496375253738085689	parsec.freqmine	1000	38	0.900000	1.037000	1.006000	1001391851	208141	49285	614755311	925777	1148469084	229
1496375254247281616	parsec.freqmine	1000	38	0.900000	1.031000	1.001000	1001427711	205023	47798	617479378	912254	1150095573	227
1496375254756591959	parsec.freqmine	1000	38	0.900000	1.037000	1.006000	1001390086	207348	48401	615051181	927468	1146878670	227
1496375255265794386	parsec.freqmine	1000	38	0.900000	1.039000	1.009000	1001387346	204366	47208	611208222	956512	1141815811	229
1496375255775073854	parsec.freqmine	1000	38	0.900000	1.032000	1.002000	1001381312	203944	47122	623019671	922185	1155810138	227
1496375256284260447	parsec.freqmine	1000	38	0.900000	1.035000	1.004000	1001523959	202899	47049	620726073	964654	1151540204	229
1496375256793462332	parsec.freqmine	1000	38	0.900000	1.034000	1.004000	1001395656	207451	48957	607858436	1072253	1129960918	227
1496375257302714717	parsec.freqmine	1000	38	0.900000	1.032000	1.002000	1001384924	177917	47610	608192883	1073971	1135480061	228
1496375257811942103	parsec.freqmine	1000	38	0.900000	1.028000	0.998000	1001397209	203968	47729	618235455	924305	1151224199	227
1496375258321238654	parsec.freqmine	1000	38	0.900000	1.038000	1.007000	1001390884	206548	47847	609173741	1030273	1135312504	229
1496375258830638997	parsec.freqmine	1000	38	0.900000	1.034000	1.004000	1001699248	205154	48561	623474666	997781	1151930105	222
1496375259339930216	parsec.freqmine	1000	38	0.900000	1.035000	1.004000	1001443204	201472	47026	610869682	1100390	1133463681	224
1496375259849152142	parsec.freqmine	1000	38	0.900000	1.032000	1.002000	1001539807	206442	47510	612903356	1093129	1135300874	225
1496375260358450361	parsec.freqmine	1000	38	0.900000	1.036000	1.005000	1001441505	185326	45391	592928336	1178190	1120597498	224
1496375260867729662	parsec.freqmine	1000	38	0.900000	1.025000	0.995000	998813052	179600	52958	439344534	1415669	1027131502	261
1496375261377052422	parsec.freqmine	1000	38	0.900000	0.879000	0.853000	1001454663	208748	55813	486984771	1311018	1028302329	302
1496375261886547890	parsec.freqmine	1000	38	0.900000	0.988000	0.959000	983344748	315095	121742	338698715	2192853	815146591	1328
1496375262395999817	parsec.freqmine	1000	38	0.900000	0.909000	0.882000	1001441415	246810	103657	342155921	3168348	837842423	1000
1496375262905334410	parsec.freqmine	1000	38	0.900000	0.943000	0.915000	1001427216	258591	105641	338735456	3456095	791410587	965
1496375263415666960	parsec.streamcluster	1000	38	0.900000	0.824000	0.800000	417624369	3363327	996027	111580210	1488994	235674214	15557
1496375263926040927	parsec.streamcluster	1000	37	0.900000	0.536000	0.518000	554164633	6480694	1894260	126852760	2152392	245501886	30795
1496375264436334977	parsec.streamcluster	1000	37	0.900000	0.540000	0.522000	553502030	6386624	1856702	128966242	2129683	252676855	30407
1496375264946520236	parsec.streamcluster	1000	37	0.900000	0.540000	0.522000	552663915	6311101	1855808	130985980	2112711	260583692	30089
1496375265456810869	parsec.streamcluster	1000	37	0.900000	0.542000	0.524000	552209993	6187578	1828390	133798950	2099219	271179276	29458
1496375265966804545	parsec.streamcluster	1000	37	0.900000	0.709000	0.687000	756111300	2714107	881203	274797781	1636549	601858813	13916
1496375266476455096	parsec.streamcluster	1000	38	0.900000	1.053000	1.022000	1001690040	135917	53807	376173833	1437732	863693737	702
1496375266985948439	parsec.streamcluster	1000	38	0.900000	1.075000	1.044000	1001609832	135144	55209	376285801	1439200	863974347	719
1496375267495358949	parsec.streamcluster	1000	39	0.900000	1.075000	1.043000	1001620080	128702	53348	376476034	1438194	864166443	668
1496375268005010167	parsec.streamcluster	1000	39	0.900000	1.076000	1.045000	1001607195	131386	55082	376361411	1438749	864054123	677
1496375268514581635	parsec.streamcluster	1000	39	0.900000	1.076000	1.045000	1001616896	127329	53210	376673906	1438823	864539780	687
1496375269024078395	parsec.streamcluster	1000	39	0.900000	1.077000	1.046000	1001608975	131272	54268	376281210	1439352	864073696	651
1496375269533510904	parsec.streamcluster	1000	39	0.900000	1.078000	1.047000	1001505348	129397	53869	376010734	1437637	863398236	667
1496375270042953122	parsec.streamcluster	1000	39	0.900000	1.077000	1.045000	1001393347	133106	55788	374266526	1441473	862211297	660
1496375270552390299	parsec.streamcluster	1000	40	0.900000	1.080000	1.048000	1001400311	132170	54045	373437773	1442864	861288652	725
1496375271061858475	parsec.streamcluster	1000	40	0.900000	1.079000	1.048000	1001393615	133698	54372	373672293	1441492	862466153	717
1496375271571342985	parsec.streamcluster	1000	40	0.900000	1.078000	1.047000	1001390422	128950	52357	373431916	1444532	863141874	714
1496375272080943786	parsec.streamcluster	1000	40	0.900000	1.077000	1.045000	1001382459	132528	55175	373437140	1446824	863226070	710
1496375272590336879	parsec.streamcluster	1000	40	0.900000	1.077000	1.046000	1001515766	131291	55190	373072324	1481024	863455138	684
1496375273099845139	parsec.streamcluster	1000	40	0.900000	1.076000	1.044000	1001415031	123200	53728	372641746	1562716	862867990	678
1496375273609644857	parsec.streamcluster	1000	40	0.900000	1.073000	1.042000	1001592514	132304	55460	372137703	1623656	862123414	681
1496375274119063575	parsec.streamcluster	1000	40	0.900000	1.071000	1.039000	1001574512	130091	54225	372073665	1621160	861925352	724
1496375274628458543	parsec.streamcluster	1000	40	0.900000	1.071000	1.039000	1001591181	133561	56065	371807001	1621612	861357158	706
1496375275137853803	parsec.streamcluster	1000	40	0.900000	1.071000	1.041000	1001571696	128681	54033	372522229	1613755	863003063	693
1496375275647188063	parsec.streamcluster	1000	40	0.900000	1.072000	1.040000	1001710277	133141	55353	371372607	1648143	860669463	698
1496375276156670406	parsec.streamcluster	1000	40	0.900000	1.072000	1.041000	1001583953	129081	54388	371262521	1649728	860517175	687
1496375276666231832	parsec.streamcluster	1000	40	0.900000	1.071000	1.041000	1001599177	134123	56198	371133429	1643318	860180214	688
1496375277175696175	parsec.streamcluster	1000	40	0.900000	1.070000	1.038000	1001576350	128961	54709	371349554	1647981	860697031	717
1496375277685206101	parsec.streamcluster	1000	40	0.900000	1.071000	1.039000	894767737	519213	175330	327733505	1562651	755131155	2290
1496375278195142194	splash2x.barnes	1000	40	0.900000	1.071000	1.039000	411967356	4577970	1343500	100126699	1560331	199463397	21855
1496375278705598202	splash2x.barnes	1000	39	0.900000	0.380000	0.370000	553985873	6419829	1874503	128138305	2131604	248744831	30552
1496375279215747294	splash2x.barnes	1000	39	0.900000	0.541000	0.524000	552756244	6379622	1909785	128922054	2165119	253859528	30617
1496375279726017386	splash2x.barnes	1000	38	0.900000	0.541000	0.523000	552356776	6289696	1875089	131444225	2134745	262522415	30223
1496375280236293103	splash2x.barnes	1000	38	0.900000	0.541000	0.524000	563848890	6282300	1878356	135310371	2157951	272663990	30000
1496375280745819821	splash2x.barnes	1000	38	0.900000	0.544000	0.526000	555442121	1896030	823819	135473976	1439103	346391000	12214
1496375281255463997	splash2x.barnes	1000	38	0.900000	0.585000	0.567000	1001128862	661547	287085	235755704	4302280	521187083	2885
1496375281764905674	splash2x.barnes	1000	38	0.900000	0.848000	0.823000	1001561346	103028	49630	352506671	5135246	735359547	230
1496375282274104809	splash2x.barnes	1000	38	0.900000	1.006000	0.976000	1001549637	102746	51147	352937582	4809625	736529486	230
1496375282783315235	splash2x.barnes	1000	38	0.900000	1.010000	0.980000	1001537799	101322	55627	353347370	4472529	736849134	229
1496375283292567370	splash2x.barnes	1000	38	0.900000	1.009000	0.979000	1001551362	99802	52059	353376839	4384254	736425476	225
1496375283801956214	splash2x.barnes	1000	38	0.900000	1.010000	0.980000	1001578201	100592	54271	353038537	4481871	736218747	225
1496375284311387307	splash2x.barnes	1000	38	0.900000	1.010000	0.980000	1001539190	98876	54441	353028957	4614691	736583388	224
1496375284820687483	splash2x.barnes	1000	38	0.900000	1.010000	0.980000	1001543604	99431	48544	352924364	4437673	736388276	224
1496375285329990743	splash2x.barnes	1000	38	0.900000	1.011000	0.981000	1001646657	99976	49344	352834061	4691134	737267969	226
1496375285839281045	splash2x.barnes	1000	38	0.900000	1.011000	0.981000	1001548993	98157	57419	352774772	4618820	738543169	224
1496375286348494180	splash2x.barnes	1000	38	0.900000	1.010000	0.980000	1001540468	101293	62247	352036923	5256853	736694824	228
1496375286857774773	splash2x.barnes	1000	38	0.900000	1.006000	0.976000	1001549880	103762	67497	352084454	5599281	735644895	229
1496375287367019742	splash2x.barnes	1000	38	0.900000	1.005000	0.975000	1001538936	99805	56181	352066608	5280531	734950137	229
1496375287876364835	splash2x.barnes	1000	38	0.900000	1.006000	0.976000	1001638326	99090	53308	352135494	5513324	733601223	227
1496375288386075636	splash2x.barnes	1000	38	0.900000	1.004000	0.974000	831417568	382153	137227	205065241	3215757	481951952	1542
1496375288895384979	splash2x.barnes	1000	38	0.900000	0.740000	0.717000	1001397798	100537	44247	351873086	3287336	734056252	227
1496375289404647239	splash2x.barnes	1000	38	0.900000	1.004000	0.974000	1001387505	101179	43890	352175884	3363091	733961513	227
1496375289913890374	splash2x.barnes	1000	38	0.900000	1.007000	0.977000	1001402622	96394	41603	351746620	3578962	733687715	227
1496375290423076009	splash2x.barnes	1000	38	0.900000	1.010000	0.980000	1001390568	100081	43214	351680574	3619828	732378967	231
1496375290932313686	splash2x.barnes	1000	38	0.900000	1.010000	0.980000	1001391027	99302	42499	351765011	3692678	732978880	228
1496375291441549946	splash2x.barnes	1000	38	0.900000	1.010000	0.980000	1001394441	100209	42490	351616396	3590181	733464699	229
1496375291950690915	splash2x.barnes	1000	38	0.900000	1.011000	0.982000	1001401932	99868	42921	351573666	3648452	733073212	231
1496375292460096883	splash2x.barnes	1000	38	0.900000	1.012000	0.982000	1001397168	100938	45850	351851938	3481252	734408758	230
1496375292969355893	splash2x.barnes	1000	38	0.900000	1.010000	0.980000	1001393937	97702	46069	351499308	3485045	734762608	228
1496375293478559986	splash2x.barnes	1000	38	0.900000	1.011000	0.981000	1001395746	101419	54035	351873202	3319203	735722270	229
1496375293987752538	splash2x.barnes	1000	39	0.900000	1.004000	0.974000	1001384673	97900	51327	352290770	3290518	735032454	229
1496375294496966340	splash2x.barnes	1000	38	0.900000	1.002000	0.972000	1001399088	103588	51255	352209224	3353906	734523620	233
1496375295006273225	splash2x.barnes	1000	39	0.900000	1.002000	0.972000	1001382504	100484	49996	352156152	3443566	734032224	230
1496375295515525151	splash2x.barnes	1000	38	0.900000	0.873000	0.846000	740362764	81324	41910	246822428	2474053	516067858	183
1496375296024869828	splash2x.barnes	1000	38	0.900000	0.652000	0.632000	954772915	355504	134653	263344142	2857848	602354743	1479
1496375296534142796	splash2x.barnes	1000	38	0.900000	1.003000	0.973000	1001384982	99186	43901	352959258	3449528	735926535	229
1496375297043388806	splash2x.barnes	1000	38	0.900000	1.007000	0.977000	1001394117	97322	41986	352360244	3511996	735134052	224
1496375297552669983	splash2x.barnes	1000	38	0.900000	1.009000	0.979000	1001540425	98747	43889	352204991	3681862	733429616	225
1496375298061945243	splash2x.barnes	1000	38	0.900000	1.009000	0.979000	1001402252	98595	45085	352154567	3834086	732669985	222
1496375298571286711	splash2x.barnes	1000	38	0.900000	1.011000	0.981000	1001384385	100081	42526	352506278	3736175	734028171	226
1496375299080438263	splash2x.barnes	1000	39	0.900000	1.010000	0.980000	1001365431	101106	42776	352476917	3578571	734930730	226
1496375299589650815	splash2x.barnes	1000	38	0.900000	1.011000	0.981000	1001446803	100742	42883	352013933	3720730	733931686	225
1496375300098921200	splash2x.barnes	1000	38	0.900000	1.010000	0.980000	1001381007	97474	43087	352753188	3558849	735958751	223
1496375300608198335	splash2x.barnes	1000	38	0.900000	1.009000	0.979000	1001361280	99617	43576	352342301	3593126	736163124	225
1496375301117422553	splash2x.barnes	1000	38	0.900000	1.007000	0.977000	1001355890	97037	42667	352732040	3297119	736416352	223
1496375301626643313	splash2x.barnes	1000	38	0.900000	1.004000	0.974000	1001356164	100847	44046	353272067	3540940	735675794	226
1496375302135805615	splash2x.barnes	1000	38	0.900000	1.006000	0.976000	1001505354	101001	46565	344983754	3508612	719033187	231
1496375302645227583	splash2x.barnes	1000	38	0.900000	1.005000	0.975000	707653111	330124	126242	175662388	1968086	416053089	1428
1496375303154889759	splash2x.barnes	1000	38	0.900000	0.709000	0.687000	1001515539	105330	43852	346801791	3413848	726351895	230
1496375303664146978	splash2x.barnes	1000	38	0.900000	0.916000	0.889000	1001413932	97476	41446	353010855	3431387	735798481	225
1496375304173320863	splash2x.barnes	1000	38	0.900000	1.006000	0.976000	1001412579	102213	43004	352437025	3700702	734929740	229
1496375304682673623	splash2x.barnes	1000	38	0.900000	1.011000	0.982000	1001418160	97546	42049	352554792	3709368	733869156	227
1496375305192024799	splash2x.barnes	1000	38	0.900000	1.009000	0.980000	1001409551	100547	42292	352707047	3784962	734816891	229
1496375305701245934	splash2x.barnes	1000	38	0.900000	1.011000	0.982000	1001423685	99280	42736	352618191	3671267	735041411	228
1496375306210430986	splash2x.barnes	1000	38	0.900000	1.011000	0.981000	1001544564	103409	43864	352718763	3700404	735401104	231
1496375306719773621	splash2x.barnes	1000	38	0.900000	1.012000	0.982000	1001408937	101146	43034	352814734	3567628	735995439	228
1496375307228928839	splash2x.barnes	1000	38	0.900000	1.011000	0.982000	1001564128	102256	44313	352804468	3532154	736919009	229
1496375307738155058	splash2x.barnes	1000	38	0.900000	1.011000	0.982000	1001422169	100106	43219	352979411	3379599	737549341	225
1496375308247328026	splash2x.barnes	1000	38	0.900000	1.011000	0.982000	1001412969	104857	54340	353065660	3375238	736940377	229
1496375308756682619	splash2x.barnes	1000	38	0.900000	1.005000	0.975000	1001419941	103805	54649	353147469	3434778	736611794	227
1496375309265920796	splash2x.barnes	1000	38	0.900000	1.003000	0.973000	1001419608	106826	50827	352970342	3493465	735417820	230
1496375309775129473	splash2x.barnes	1000	38	0.900000	1.000000	0.971000	763784992	88133	44693	252667259	2598659	528526794	183
1496375310284997399	splash2x.fmm	1000	38	0.900000	0.734000	0.711000	378490755	3622237	1085668	89855310	1416370	184102868	16947
1496375310795434574	splash2x.fmm	1000	38	0.900000	0.394000	0.384000	553875169	6461987	1912921	127042242	2166494	246441214	30851
1496375311305474208	splash2x.fmm	1000	37	0.900000	0.538000	0.520000	553257343	6404572	1901938	128948964	2160930	253162775	30697
1496375311815519050	splash2x.fmm	1000	37	0.900000	0.540000	0.522000	552373954	6293806	1868272	131154368	2129382	261174201	30273
1496375312325747225	splash2x.fmm	1000	37	0.900000	0.541000	0.523000	552622545	6198570	1844340	132892348	2117908	268594427	29627
1496375312835098860	splash2x.fmm	1000	37	0.900000	0.541000	0.523000	546341115	2541351	804844	97993476	1133242	231753175	12496
1496375313344363953	splash2x.fmm	1000	37	0.900000	0.500000	0.484000	538579638	1008765	665567	92513181	1066045	214100813	9131
1496375313854718337	splash2x.fmm	1000	37	0.900000	0.504000	0.487000	855380647	4712252	3871807	201142920	4810347	325573825	51701
1496375314364014680	splash2x.fmm	1000	37	0.900000	0.673000	0.652000	505911264	1074081	702900	92174407	3810104	192850785	11783
1496375314873292690	splash2x.fmm	1000	37	0.900000	0.529000	0.512000	839028788	126305	40272	165401919	4495378	612662547	219
1496375315382575659	splash2x.fmm	1000	37	0.900000	0.880000	0.854000	1001563539	126186	44604	186401075	6396428	820665910	229
1496375315891839085	splash2x.fmm	1000	38	0.900000	0.903000	0.876000	1001717613	120209	44366	195035074	5734767	860326744	229
1496375316401171762	splash2x.fmm	1000	38	0.900000	0.908000	0.881000	1001565735	126865	45221	199994314	5174106	881765646	229
1496375316910419230	splash2x.fmm	1000	38	0.900000	0.909000	0.882000	1001650806	122625	43657	194320703	5821513	857875999	227
1496375317419689407	splash2x.fmm	1000	38	0.900000	0.907000	0.880000	1001424153	124749	43666	212382689	4798629	940976077	228
1496375317929037375	splash2x.fmm	1000	38	0.900000	0.901000	0.874000	984773749	118094	41935	258391276	418407	1150039102	232
1496375318438388718	splash2x.fmm	1000	38	0.900000	1.025000	0.995000	996200888	159264	65565	176237165	5367010	602762092	432
1496375318947835686	splash2x.fmm	1000	38	0.900000	0.811000	0.787000	1001426820	127359	45057	185663563	6499715	817047523	229
1496375319457082155	splash2x.fmm	1000	38	0.900000	0.884000	0.858000	1001524044	127453	45651	194641845	5715308	858352267	229
1496375319966429581	splash2x.fmm	1000	38	0.900000	0.915000	0.888000	1001419506	125118	44430	198716886	5336124	876871161	227
1496375320475695758	splash2x.fmm	1000	38	0.900000	0.927000	0.900000	1001415519	123476	44959	196501886	5556890	867353348	229
1496375320985074768	splash2x.fmm	1000	38	0.900000	0.912000	0.885000	1001402388	125064	45040	196403157	5658961	866514999	226
1496375321494343069	splash2x.fmm	1000	38	0.900000	0.913000	0.886000	1000364339	121755	44733	283146519	281967	1267242601	238
1496375322003716788	splash2x.fmm	1000	38	0.900000	0.983000	0.954000	1000748862	135033	51557	175249794	4392317	598872613	338
1496375322512971006	splash2x.fmm	1000	38	0.900000	0.901000	0.874000	1001406924	127725	47102	185375307	6572728	815964609	231
1496375323022165724	splash2x.fmm	1000	38	0.900000	0.891000	0.865000	1001534193	124204	44531	193324683	5891749	852626108	224
1496375323531468234	splash2x.fmm	1000	38	0.900000	0.919000	0.892000	1001395245	125921	44709	191814071	6033826	845199893	225
1496375324040671494	splash2x.fmm	1000	38	0.900000	0.912000	0.885000	1001400732	120338	43982	196591417	5471423	867127109	223
1496375324549981213	splash2x.fmm	1000	38	0.900000	0.902000	0.875000	1001393937	125810	45515	192017518	6068015	846712954	228
1496375325059165098	splash2x.fmm	1000	38	0.900000	1.023000	0.994000	1001402925	117122	42310	278181118	885320	1248347504	226
1496375325568518858	splash2x.fmm	1000	38	0.900000	1.003000	0.973000	996449521	138036	55249	174011738	3957831	623133814	316
1496375326077813659	splash2x.fmm	1000	38	0.900000	0.891000	0.865000	1001429100	125025	45897	193948998	6090152	820589242	247
1496375326587057711	splash2x.fmm	1000	38	0.900000	0.888000	0.862000	1001692728	127070	47281	189156312	6287163	833333673	231
1496375327096286388	splash2x.fmm	1000	38	0.900000	0.902000	0.875000	1001409576	125157	45433	196520118	5543202	867412975	228
1496375327605466106	splash2x.fmm	1000	38	0.900000	0.910000	0.883000	1001372973	122678	45602	198064188	5277581	872707505	228
1496375328114806324	splash2x.fmm	1000	38	0.900000	0.908000	0.881000	1001475279	120756	44478	192676407	5999415	849450857	226
1496375328624042626	splash2x.fmm	1000	38	0.900000	0.905000	0.878000	1001403570	121818	44384	263951807	1704417	1182110534	229
1496375329133288928	splash2x.fmm	1000	38	0.900000	1.025000	0.995000	992560211	123680	51049	180638218	3762095	700599379	280
1496375329642602479	splash2x.fmm	1000	38	0.900000	0.884000	0.858000	1001446875	125819	47573	202970296	5266946	817588766	271
1496375330151823365	splash2x.fmm	1000	38	0.900000	0.894000	0.868000	1001397978	120650	45217	189480677	6181826	834677147	227
1496375330661109458	splash2x.fmm	1000	38	0.900000	0.909000	0.882000	1001402727	124217	46635	193002190	6012720	851508522	231
1496375331170268051	splash2x.fmm	1000	38	0.900000	0.920000	0.893000	1001393031	123495	46460	192670466	6098572	850602683	229
1496375331679543061	splash2x.fmm	1000	38	0.900000	0.908000	0.881000	1001426472	120709	44294	246588907	2774617	1101104102	225
1496375332188904988	splash2x.fmm	1000	38	0.900000	0.972000	0.943000	901378774	157680	58863	195315079	1266560	805268565	278
1496375332698616247	splash2x.fmm	1000	38	0.900000	1.025000	0.995000	375011375	3223776	951938	93488131	1333606	196056564	14886
1496375333208922464	splash2x.radiosity	1000	38	0.900000	0.484000	0.469000	554399967	6468284	1887789	126882825	2146422	245136190	30846
1496375333719078265	splash2x.radiosity	1000	37	0.900000	0.540000	0.523000	553562486	6376538	1864198	129109707	2127933	252793383	30516
1496375334229348607	splash2x.radiosity	1000	37	0.900000	0.541000	0.524000	552549419	6296044	1861107	131077035	2127950	260802196	30218
1496375334739450240	splash2x.radiosity	1000	37	0.900000	0.541000	0.524000	551533448	6169465	1827332	133821126	2094891	271622367	29497
1496375335249588041	splash2x.radiosity	1000	37	0.900000	0.541000	0.523000	551544980	4345530	1923188	139430982	2581381	244265437	32824
1496375335759563633	splash2x.radiosity	1000	37	0.900000	0.561000	0.543000	509997750	2615396	1707517	136168652	2326503	268528559	28606
1496375336269904433	splash2x.radiosity	1000	37	0.900000	0.542000	0.524000	511186351	2929080	1849217	140359960	2567770	239631857	31925
1496375336779810443	splash2x.radiosity	1000	37	0.900000	0.526000	0.509000	506701993	2990107	1432414	153979249	1841719	261155798	39791
1496375337289622410	splash2x.radiosity	1000	37	0.900000	0.531000	0.514000	503787503	1770983	819014	103976780	994899	182136347	24324
1496375337799945960	splash2x.radiosity	1000	37	0.900000	0.534000	0.516000	667407028	1283787	552230	169676857	850642	412722439	17788
1496375338309158262	splash2x.radiosity	1000	37	0.900000	0.518000	0.501000	1001417459	192363	101277	378372028	1007612	1164475533	303
1496375338818197522	splash2x.radiosity	1000	38	0.900000	1.067000	1.036000	1001409468	184691	97894	370585151	1067425	1160061013	269
1496375339327258824	splash2x.radiosity	1000	38	0.900000	1.081000	1.050000	1001558032	190995	105024	370759087	1043947	1159461473	286
1496375339836383835	splash2x.radiosity	1000	38	0.900000	1.074000	1.043000	1001418948	189037	95125	381342706	1032972	1167225534	291
1496375340345463303	splash2x.radiosity	1000	38	0.900000	1.076000	1.045000	1001421913	203404	68156	384887319	1034913	1145909270	358
1496375340854601855	splash2x.radiosity	1000	38	0.900000	1.055000	1.024000	1001418177	205093	86150	383026024	947831	1125758028	381
1496375341363656824	splash2x.radiosity	1000	38	0.900000	1.056000	1.026000	1001415301	213796	105403	377439131	900891	1114355125	408
1496375341872749584	splash2x.radiosity	1000	38	0.900000	1.067000	1.037000	1001410049	206764	96423	378684195	958768	1105442647	399
1496375342381771802	splash2x.radiosity	1000	38	0.900000	1.060000	1.029000	1001424741	208199	81902	385302773	1020748	1122372986	378
1496375342891047229	splash2x.radiosity	1000	38	0.900000	1.051000	1.020000	1001770234	208203	73819	388077951	931746	1131432811	400
1496375343400080739	splash2x.radiosity	1000	38	0.900000	1.064000	1.033000	1001395675	204112	68516	379057762	978296	1138199774	363
1496375343909426208	splash2x.radiosity	1000	38	0.900000	1.062000	1.032000	1001424948	199440	70657	379238411	969658	1144106874	343
1496375344418550051	splash2x.radiosity	1000	38	0.900000	1.060000	1.029000	1001646079	203020	72085	382358255	975140	1137762160	394
1496375344927585353	splash2x.radiosity	1000	38	0.900000	1.052000	1.022000	1001558255	202062	80712	376432137	870108	1107226056	378
1496375345436702988	splash2x.radiosity	1000	38	0.900000	1.039000	1.008000	1001555449	208838	70320	383081314	878635	1126019027	446
1496375345945709999	splash2x.radiosity	1000	38	0.900000	1.040000	1.009000	1001622190	230046	80160	382044670	851915	1072864964	669
1496375346454835301	splash2x.radiosity	1000	38	0.900000	1.037000	1.006000	1001385142	208198	71585	378378290	955743	1103182911	433
1496375346963944519	splash2x.radiosity	1000	38	0.900000	1.054000	1.023000	1001339330	205445	77039	374416749	949809	1074147801	456
1496375347473156363	splash2x.radiosity	1000	38	0.900000	1.054000	1.023000	1001316710	219670	78319	385720740	839540	1087013633	567
1496375347982452831	splash2x.radiosity	1000	38	0.900000	1.040000	1.009000	1001321654	208834	75995	382718864	918983	1085170021	499
1496375348491544633	splash2x.radiosity	1000	38	0.900000	1.060000	1.029000	1001320929	227046	84732	382389946	828666	1086769260	562
1496375349000539601	splash2x.radiosity	1000	38	0.900000	1.057000	1.026000	1001302248	197524	74462	387692730	935154	1128111256	373
1496375349509612945	splash2x.radiosity	1000	38	0.900000	1.069000	1.037000	1001327996	201504	78809	387688481	849469	1154143662	404
1496375350018649955	splash2x.radiosity	1000	38	0.900000	1.050000	1.019000	1001459904	210953	80807	381313263	813646	1110713623	450
1496375350527695174	splash2x.radiosity	1000	38	0.900000	1.041000	1.011000	1001316519	205788	68621	379585071	707619	1102285262	554
1496375351036820476	splash2x.radiosity	1000	38	0.900000	1.043000	1.012000	1001329295	201583	67107	377639024	707040	1121756887	521
1496375351545961736	splash2x.radiosity	1000	38	0.900000	1.036000	1.006000	1001316934	213305	71588	382266697	620821	1110880289	592
1496375352055083830	splash2x.radiosity	1000	38	0.900000	1.045000	1.014000	1001203610	219756	74690	389337316	838480	1109324389	589
1496375352564127090	splash2x.radiosity	1000	39	0.900000	1.037000	1.006000	1001393417	207360	74095	401404495	1001413	1038891514	515
1496375353073106892	splash2x.radiosity	1000	38	0.900000	1.035000	1.004000	1001329513	206336	76064	397642910	984281	1031430024	543
1496375353582155986	splash2x.radiosity	1000	38	0.900000	1.047000	1.016000	1001330847	205369	79342	395942636	989795	1080453310	523
1496375354091387954	splash2x.radiosity	1000	38	0.900000	1.045000	1.014000	1001324535	204154	75772	400524710	849368	1088647648	508
1496375354600477964	splash2x.radiosity	1000	38	0.900000	1.039000	1.008000	1001307877	209615	76181	398608440	1071612	1086595201	552
1496375355109597058	splash2x.radiosity	1000	38	0.900000	1.031000	1.001000	1001321221	209613	84352	388412268	1046268	1093156050	529
1496375355618638901	splash2x.radiosity	1000	38	0.900000	1.038000	1.007000	1001481975	223312	79892	394462055	1011256	1089180923	617
1496375356127747370	splash2x.radiosity	1000	38	0.900000	1.031000	1.001000	1001322909	207612	89753	383727915	1033412	1091587930	467
1496375356636806380	splash2x.radiosity	1000	38	0.900000	1.031000	1.001000	1001309205	223751	84737	389326193	972023	1085063044	642
1496375357145825391	splash2x.radiosity	1000	38	0.900000	1.051000	1.020000	1001427561	210345	84837	383058463	1110551	1075656635	513
1496375357654989651	splash2x.radiosity	1000	38	0.900000	1.050000	1.019000	1001491043	224807	90914	386799005	1065877	1102164855	604
1496375358164035994	splash2x.radiosity	1000	38	0.900000	1.051000	1.020000	1001313591	223079	86572	378386040	911221	1125847085	644
1496375358673121505	splash2x.radiosity	1000	39	0.900000	1.040000	1.009000	1001320810	230822	86537	373380061	897397	1117097565	633
1496375359182151140	splash2x.radiosity	1000	39	0.900000	1.028000	0.998000	1001317080	246047	84121	384394272	668663	1102183841	847
1496375359691345775	splash2x.radiosity	1000	39	0.900000	1.028000	0.998000	1001315440	241016	83628	384463923	576173	1090650256	854
1496375360200356744	splash2x.radiosity	1000	38	0.900000	1.035000	1.004000	1001166858	226599	87075	382955772	1172994	1033856268	662
1496375360709498212	splash2x.radiosity	1000	38	0.900000	1.032000	1.002000	1001322757	250595	95294	377900646	1203701	1038005512	727
1496375361218594847	splash2x.radiosity	1000	38	0.900000	1.022000	0.992000	1001326170	274789	98050	379249276	1125543	1060333624	961
1496375361727786858	splash2x.radiosity	1000	38	0.900000	1.029000	0.999000	1001219082	245053	99210	370336326	1383601	997987831	848
1496375362236880909	splash2x.radiosity	1000	38	0.900000	1.030000	1.000000	1001319070	290614	104207	353726450	1551961	973827981	939
1496375362745950670	splash2x.radiosity	1000	38	0.900000	1.010000	0.980000	1000985524	293534	97254	300730899	2499657	794357740	738
1496375363255144763	splash2x.radiosity	1000	38	0.900000	0.982000	0.953000	947796905	245969	91945	198989183	3394203	488127095	1213
1496375363764242232	splash2x.radiosity	1000	38	0.900000	0.868000	0.841000	500961145	57301	24246	133967935	897739	405144942	126
1496375364273331367	splash2x.radiosity	1000	38	0.900000	0.473000	0.457000	501004827	60380	25298	137077679	841693	414359764	129
1496375364782478460	splash2x.radiosity	1000	37	0.900000	0.471000	0.455000	501030404	62035	24939	124388564	925704	375558457	127
1496375365291580804	splash2x.radiosity	1000	37	0.900000	0.470000	0.454000	503491828	274200	85912	139174462	853192	346929886	373
1496375365801478688	splash2x.raytrace	1000	37	0.900000	0.530000	0.513000	381661526	4211461	1258810	92522446	1454189	185159660	20030
1496375366311833947	splash2x.raytrace	1000	37	0.900000	0.525000	0.508000	553409886	6460521	1917364	127244449	2170238	247344959	30872
1496375366822033872	splash2x.raytrace	1000	37	0.900000	0.537000	0.519000	553140071	6399214	1903112	128911855	2152848	253505909	30617
1496375367332242797	splash2x.raytrace	1000	37	0.900000	0.538000	0.520000	552197044	6304483	1881256	131129366	2132813	261686596	30236
1496375367842526889	splash2x.raytrace	1000	37	0.900000	0.540000	0.523000	553769024	6145935	1832821	134218425	2100876	272364370	29233
1496375368351871316	splash2x.raytrace	1000	37	0.900000	0.542000	0.525000	707869374	3380658	588126	202945740	1362383	560538306	8609
1496375368861314992	splash2x.raytrace	1000	37	0.900000	0.672000	0.651000	1001331371	188174	53472	283135538	1714121	688185964	350
1496375369370620294	splash2x.raytrace	1000	37	0.900000	1.092000	1.060000	1001332466	209727	56143	283786846	1713979	678354142	365
1496375369879959387	splash2x.raytrace	1000	37	0.900000	1.101000	1.070000	1001319025	169125	50969	284071415	1715757	688034982	287
1496375370389150731	splash2x.raytrace	1000	38	0.900000	1.104000	1.073000	1001380110	190443	53806	286442625	1745524	690652958	315
1496375370898435366	splash2x.raytrace	1000	38	0.900000	1.100000	1.069000	1001327545	174470	50372	285369372	1663265	686071972	270
1496375371407708501	splash2x.raytrace	1000	38	0.900000	1.104000	1.073000	1001374329	219446	58386	284950638	1665992	672297948	373
1496375371917022969	splash2x.raytrace	1000	38	0.900000	1.104000	1.073000	1001329218	215210	54259	286428217	1674683	673582435	311
1496375372426249646	splash2x.raytrace	1000	38	0.900000	1.106000	1.075000	1001322460	184573	53167	285050040	1660272	685025925	280
1496375372935505406	splash2x.raytrace	1000	38	0.900000	1.106000	1.075000	1001323908	195893	55800	285518212	1654245	682302898	381
1496375373444751582	splash2x.raytrace	1000	38	0.900000	1.108000	1.076000	1001329473	194733	53767	287730247	1686010	689457616	324
1496375373953902176	splash2x.raytrace	1000	38	0.900000	1.108000	1.076000	1001332643	192695	56625	286570906	1668753	687477320	383
1496375374463070978	splash2x.raytrace	1000	38	0.900000	1.106000	1.075000	1001325096	192885	55673	285562799	1675786	685041819	336
1496375374972324904	splash2x.raytrace	1000	38	0.900000	1.102000	1.071000	1001580711	208394	57805	285613166	1640226	674993866	382
1496375375481657456	splash2x.raytrace	1000	39	0.900000	1.108000	1.076000	1001573118	201225	55615	285357273	1628205	679123568	309
1496375375990989799	splash2x.raytrace	1000	38	0.900000	1.110000	1.078000	1001417692	198001	52888	284856622	1634755	682303040	274
1496375376500228642	splash2x.raytrace	1000	38	0.900000	1.106000	1.075000	1001424110	197825	55024	286871090	1640389	684844189	323
1496375377009533444	splash2x.raytrace	1000	38	0.900000	1.113000	1.081000	1001405677	206365	55811	286935935	1651929	683082867	321
1496375377518788246	splash2x.raytrace	1000	38	0.900000	1.111000	1.079000	1001418102	209829	59468	285679914	1637361	680524543	395
1496375378027974256	splash2x.raytrace	1000	38	0.900000	1.108000	1.076000	1001414688	210344	55611	286765960	1643824	678361707	346
1496375378537194849	splash2x.raytrace	1000	38	0.900000	1.107000	1.076000	1001405397	200076	58078	287476704	1660163	684573783	346
1496375379046681692	splash2x.raytrace	1000	39	0.900000	1.108000	1.075000	1001512071	187838	54996	288047529	1632747	686340463	291
1496375379555972119	splash2x.raytrace	1000	38	0.900000	1.110000	1.078000	1001591061	189362	53811	286477730	1621876	679439252	283
1496375380065212296	splash2x.raytrace	1000	39	0.900000	1.110000	1.078000	1001566612	176105	52288	285580014	1613443	676798439	257
1496375380574465097	splash2x.raytrace	1000	39	0.900000	1.108000	1.076000	1001550218	179561	53525	286351645	1601861	674289288	270
1496375381083824940	splash2x.raytrace	1000	39	0.900000	1.108000	1.075000	1001565639	180948	53521	287639451	1612659	677223513	296
1496375381593138742	splash2x.raytrace	1000	39	0.900000	1.111000	1.079000	1001572680	197664	54592	288183043	1619186	676540294	280
1496375382102427169	splash2x.raytrace	1000	39	0.900000	1.112000	1.080000	1001687412	200707	55909	288576972	1616447	677621121	307
1496375382611774845	splash2x.raytrace	1000	39	0.900000	1.112000	1.080000	1001556819	200001	56027	288861096	1611461	675832862	318
1496375383121090230	splash2x.raytrace	1000	39	0.900000	1.113000	1.081000	1001577939	194843	54936	289011417	1622635	675079421	328
1496375383630233740	splash2x.raytrace	1000	39	0.900000	1.110000	1.077000	1001557071	200534	57713	287401298	1621058	676032748	338
1496375384139487625	splash2x.raytrace	1000	39	0.900000	1.108000	1.076000	1001557515	188864	54186	287481906	1605354	678819404	299
1496375384648662636	splash2x.raytrace	1000	39	0.900000	1.107000	1.074000	1001630580	179962	54496	286762742	1597602	684703943	339
1496375385157928062	splash2x.raytrace	1000	39	0.900000	1.107000	1.076000	1001435490	174519	52598	286309581	1583939	683319923	325
1496375385667169906	splash2x.raytrace	1000	39	0.900000	1.110000	1.078000	1001418297	183923	54645	287156447	1608700	677249935	285
1496375386176431332	splash2x.raytrace	1000	39	0.900000	1.111000	1.079000	1001420208	183532	53691	287380504	1604996	678159656	283
1496375386685708259	splash2x.raytrace	1000	39	0.900000	1.107000	1.074000	1001412096	192803	54901	286286712	1608473	673577769	298
1496375387194977561	splash2x.raytrace	1000	39	0.900000	1.108000	1.075000	1001418362	197468	53594	290558941	1621696	677312884	265
1496375387704212029	splash2x.raytrace	1000	39	0.900000	1.115000	1.083000	1001413755	197675	53983	290753704	1623102	674613803	259
1496375388213515747	splash2x.raytrace	1000	39	0.900000	1.116000	1.084000	1001415391	194884	54325	288990191	1616304	673026991	300
1496375388722806882	splash2x.raytrace	1000	39	0.900000	1.109000	1.076000	1001503769	192050	55289	289043719	1616193	673005672	292
1496375389232171059	splash2x.raytrace	1000	39	0.900000	1.110000	1.078000	1001409688	199252	55261	289286408	1619333	674262981	334
1496375389741575860	splash2x.raytrace	1000	39	0.900000	1.111000	1.079000	1001411472	187511	54379	285643057	1590500	679557980	310
1496375390250765370	splash2x.raytrace	1000	39	0.900000	1.105000	1.074000	1001408195	168533	49962	284644353	1603596	687900809	269
1496375390760157088	splash2x.raytrace	1000	39	0.900000	1.108000	1.076000	1001407611	194723	53945	288481275	1641850	680554048	277
1496375391269579265	splash2x.raytrace	1000	39	0.900000	1.108000	1.076000	1001473130	189894	55889	289121450	1642619	679573257	292
1496375391778939775	splash2x.raytrace	1000	39	0.900000	1.113000	1.081000	1001567256	194782	54784	289547319	1634859	678277671	290
1496375392288203785	splash2x.raytrace	1000	39	0.900000	1.113000	1.081000	1001397565	198229	55645	289961875	1636102	676830818	282
1496375392797586795	splash2x.raytrace	1000	39	0.900000	1.113000	1.081000	1001417781	199819	56813	289455028	1639074	674867622	326
1496375393307013804	splash2x.raytrace	1000	39	0.900000	1.114000	1.082000	1001418506	201846	55619	288942013	1637516	675191281	303
1496375393816445772	splash2x.raytrace	1000	39	0.900000	1.111000	1.079000	1001579734	197035	56216	289479701	1624143	675035864	305
1496375394325588574	splash2x.raytrace	1000	39	0.900000	1.111000	1.079000	1001415525	193160	58102	286747565	1588039	679851892	418
1496375394834878043	splash2x.raytrace	1000	39	0.900000	1.102000	1.071000	1001419901	205310	57495	288206883	1668602	684364525	356
1496375395344021678	splash2x.raytrace	1000	39	0.900000	1.108000	1.076000	1001536386	210059	55388	287585890	1633671	678272439	313
1496375395853314479	splash2x.raytrace	1000	39	0.900000	1.109000	1.077000	1001415204	193942	54453	288504245	1630517	680154746	306
1496375396362581823	splash2x.raytrace	1000	39	0.900000	1.111000	1.079000	1001528286	198032	55024	288353377	1629041	679231411	298
1496375396871940541	splash2x.raytrace	1000	39	0.900000	1.109000	1.076000	1001427768	199465	55033	289204244	1633602	675619226	304
1496375397381200051	splash2x.raytrace	1000	39	0.900000	1.112000	1.080000	1001423787	204065	55883	289672003	1633444	676910305	287
1496375397890492686	splash2x.raytrace	1000	39	0.900000	1.112000	1.080000	1001422801	198705	55610	289443367	1609429	680778330	331
1496375398399784029	splash2x.raytrace	1000	39	0.900000	1.108000	1.075000	1001401911	194946	54912	288357643	1577327	685445681	337
1496375398909224747	splash2x.raytrace	1000	39	0.900000	1.103000	1.071000	1001674141	206871	60971	287746808	1621152	686012875	557
1496375399418457924	splash2x.raytrace	1000	39	0.900000	1.102000	1.070000	1001437787	215480	61232	288602653	1655062	680266730	434
1496375399927708351	splash2x.raytrace	1000	39	0.900000	1.104000	1.073000	1001445768	212995	57851	290695361	1678996	683529399	356
1496375400437008111	splash2x.raytrace	1000	39	0.900000	1.110000	1.077000	759263681	590263	181153	216461064	1290040	511389306	2523
1496375400947299369	splash2x.water_nsquared	1000	38	0.900000	1.098000	1.067000	493670082	5585850	1635488	118742752	1889618	235773840	26475
1496375401457506628	splash2x.water_nsquared	1000	38	0.900000	0.549000	0.531000	553213476	6435268	1898262	128298625	2161005	250546981	30687
1496375401967822845	splash2x.water_nsquared	1000	38	0.900000	0.540000	0.522000	553110112	6381668	1879318	129540944	2137282	255378680	30410
1496375402477820104	splash2x.water_nsquared	1000	37	0.900000	0.541000	0.524000	552398092	6295725	1864009	131802290	2122925	263896749	29984
1496375402988070488	splash2x.water_nsquared	1000	37	0.900000	0.541000	0.524000	580476788	6296272	1889466	136470059	2197143	274672565	30237
1496375403497590289	splash2x.water_nsquared	1000	37	0.900000	0.566000	0.549000	756676783	1781318	124269	406076422	435588	1192151937	1630
1496375404007023174	splash2x.water_nsquared	1000	38	0.900000	1.289000	1.254000	1001411827	129807	40870	667085121	562835	1793043806	228
1496375404516310850	splash2x.water_nsquared	1000	38	0.900000	1.291000	1.254000	1001401433	130566	41636	665079619	558146	1798785716	229
1496375405025442902	splash2x.water_nsquared	1000	39	0.900000	1.290000	1.253000	1001398345	129642	42080	662711187	555412	1802195399	227
1496375405534669954	splash2x.water_nsquared	1000	39	0.900000	1.290000	1.253000	1001547198	131281	42039	660274907	552111	1804042145	227
1496375406044088130	splash2x.water_nsquared	1000	39	0.900000	1.286000	1.249000	1001400780	127756	40908	657194106	547518	1803753594	226
1496375406553297849	splash2x.water_nsquared	1000	39	0.900000	1.283000	1.247000	1001402421	133184	41964	654126073	543812	1804387527	231
1496375407062472859	splash2x.water_nsquared	1000	39	0.900000	1.281000	1.245000	1001414664	130547	40427	652665909	540462	1810718812	227
1496375407571737619	splash2x.water_nsquared	1000	39	0.900000	1.286000	1.249000	1001408214	132661	41210	649439810	536242	1810243080	229
1496375408080986754	splash2x.water_nsquared	1000	39	0.900000	1.282000	1.246000	1001406384	128677	40733	646997232	532368	1812626773	227
1496375408590146056	splash2x.water_nsquared	1000	39	0.900000	1.282000	1.246000	899294579	124943	39468	574713045	474526	1619995484	210
1496375409099575399	splash2x.water_nsquared	1000	39	0.900000	1.217000	1.182000	534417690	85568	29171	311684882	263012	918087978	159
1496375409608822534	splash2x.water_nsquared	1000	39	0.900000	0.728000	0.706000	1001412916	140352	44022	655843569	554364	1740668540	229
1496375410117980461	splash2x.water_nsquared	1000	39	0.900000	1.303000	1.267000	1001427726	140517	43887	652651295	549836	1742808100	228
1496375410627182096	splash2x.water_nsquared	1000	39	0.900000	1.300000	1.263000	1001410971	142977	45099	649474436	545665	1745345887	230
1496375411136482272	splash2x.water_nsquared	1000	39	0.900000	1.298000	1.261000	1001414124	142107	44511	646231625	541677	1747092231	228
1496375411645629991	splash2x.water_nsquared	1000	39	0.900000	1.298000	1.261000	1001408319	140903	45788	643370055	537419	1750286598	229
1496375412154840251	splash2x.water_nsquared	1000	39	0.900000	1.295000	1.258000	1001398465	138485	44693	640193870	532579	1751167174	227
1496375412664192511	splash2x.water_nsquared	1000	40	0.900000	1.295000	1.258000	1001703223	143701	46789	638087195	530256	1752009360	231
1496375413173430729	splash2x.water_nsquared	1000	40	0.900000	1.293000	1.256000	1001404830	137568	44205	636259140	526692	1752188515	225
1496375413682681656	splash2x.water_nsquared	1000	40	0.900000	1.289000	1.252000	1001568946	140414	45066	634187287	524882	1753989966	225
1496375414192009374	splash2x.water_nsquared	1000	40	0.900000	1.286000	1.249000	1001410986	139971	43826	633447511	522539	1762676932	223
1496375414701347217	splash2x.water_nsquared	1000	40	0.900000	1.289000	1.252000	793300776	113453	38012	493432590	406017	1396815840	186
1496375415210506894	splash2x.water_nsquared	1000	39	0.900000	0.739000	0.716000	704323059	118925	36008	419408542	363292	1172967235	194
1496375415719825696	splash2x.water_nsquared	1000	39	0.900000	1.305000	1.268000	1001557039	144865	44758	654647980	552657	1743522882	228
1496375416228990998	splash2x.water_nsquared	1000	40	0.900000	1.302000	1.265000	1001671599	139128	42218	651956969	546986	1745343991	226
1496375416738201674	splash2x.water_nsquared	1000	40	0.900000	1.302000	1.265000	1001549421	143693	43674	648408977	543690	1744012104	229
1496375417247476476	splash2x.water_nsquared	1000	40	0.900000	1.299000	1.262000	1001551783	140660	42745	646360970	540029	1747038438	227
1496375417756865819	splash2x.water_nsquared	1000	40	0.900000	1.297000	1.260000	1001547683	143230	44279	643294458	537072	1749041411	228
1496375418266199412	splash2x.water_nsquared	1000	40	0.900000	1.293000	1.256000	1001538744	141183	43233	640706497	532219	1752307111	227
1496375418775444131	splash2x.water_nsquared	1000	40	0.900000	1.292000	1.255000	1001745804	144403	45355	638045542	529843	1754444513	232
1496375419284662307	splash2x.water_nsquared	1000	40	0.900000	1.291000	1.254000	1001689155	141650	43949	634400562	524460	1752886063	231
1496375419793830651	splash2x.water_nsquared	1000	40	0.900000	1.292000	1.255000	1001555001	141395	43374	632784342	521893	1752770026	229
1496375420303005119	splash2x.water_nsquared	1000	40	0.900000	1.292000	1.255000	623109484	93004	30777	383825703	312783	1110863270	150
1496375420812320338	splash2x.water_nsquared	1000	39	0.900000	1.287000	1.250000	865414832	126542	41460	534631779	465851	1443349133	232
1496375421321671056	splash2x.water_nsquared	1000	39	0.900000	0.735000	0.712000	1001744221	132875	43423	653620971	551681	1745724262	227
1496375421830979274	splash2x.water_nsquared	1000	40	0.900000	1.303000	1.266000	1001670779	142256	43158	650292040	546310	1747435248	229
1496375422340113451	splash2x.water_nsquared	1000	40	0.900000	1.302000	1.265000	1001543520	144659	44591	646557612	542287	1746989630	231
1496375422849435586	splash2x.water_nsquared	1000	40	0.900000	1.299000	1.262000	1001663497	141663	43947	644767407	538483	1750018092	228
1496375423358684513	splash2x.water_nsquared	1000	40	0.900000	1.297000	1.260000	1001429087	143509	44373	641294725	535211	1747234364	229
1496375423867908898	splash2x.water_nsquared	1000	40	0.900000	1.296000	1.259000	1001418160	139581	43785	639648700	531764	1749436320	227
1496375424377257908	splash2x.water_nsquared	1000	40	0.900000	1.296000	1.259000	1001438523	143096	44812	638152099	529494	1756209005	229
1496375424886613584	splash2x.water_nsquared	1000	40	0.900000	1.295000	1.258000	1001533425	141647	43942	635488936	525388	1757859557	228
1496375425395773719	splash2x.water_nsquared	1000	40	0.900000	1.295000	1.258000	1001419527	141697	42974	631646469	520251	1755746826	225
1496375425905139646	splash2x.water_nsquared	1000	40	0.900000	1.293000	1.256000	966527591	137174	42351	605702686	499905	1689138025	217
1496375426414311698	splash2x.water_nsquared	1000	40	0.900000	1.189000	1.155000	531749489	90388	30019	314447655	265407	919059994	154
1496375426923500458	splash2x.water_nsquared	1000	39	0.900000	0.889000	0.862000	1001411064	128500	42355	618027639	543927	1698697929	227
1496375427432809218	splash2x.water_nsquared	1000	39	0.900000	1.290000	1.253000	1001407996	129938	43766	613524495	538645	1696671159	228
1496375427942207769	splash2x.water_nsquared	1000	40	0.900000	1.290000	1.253000	1001404050	129084	44124	611870978	535362	1702105974	227
1496375428451498237	splash2x.water_nsquared	1000	40	0.900000	1.288000	1.251000	1001411306	134719	45933	609441629	531942	1705516609	231
1496375428960735747	splash2x.water_nsquared	1000	40	0.900000	1.286000	1.249000	1001407769	128729	43702	607845744	527269	1711008655	227
1496375429470029091	splash2x.water_nsquared	1000	40	0.900000	1.285000	1.249000	1001415911	131551	44717	605155992	523518	1713455757	228
1496375429979213018	splash2x.water_nsquared	1000	40	0.900000	1.283000	1.247000	1001402928	127498	43945	604758893	520894	1719724753	226
1496375430488438736	splash2x.water_nsquared	1000	40	0.900000	1.282000	1.246000	1001408328	133042	45872	603423782	519895	1721928127	231
1496375430997825912	splash2x.water_nsquared	1000	40	0.900000	1.282000	1.246000	1001406960	128658	44353	602007263	516639	1723633927	227
1496375431507155589	splash2x.water_nsquared	1000	40	0.900000	1.282000	1.246000	1001413376	131068	45536	601707964	514956	1734295481	229
1496375432016581182	splash2x.water_nsquared	1000	40	0.900000	1.282000	1.246000	762156351	108841	36547	456604084	387374	1343285304	182
1496375432525748651	splash2x.water_nsquared	1000	40	0.900000	0.877000	0.850000	270047771	417726	131907	140589338	257873	419273136	1746
