#Timestamp	CPU(0) Frequency(MHz)	CPU(0) Temperature(C)	A7 Voltage(V)	A7 Current(A)	A7 Power(W)	CPU(4) Frequency(MHz)	CPU(4) Temperature(C)	A15 Voltage(V)	A15 Current(A)	A15 Power(W)	GPU Frequency(MHz)	GPU Temperature(C)	GPU Voltage(V)	GPU Current(A)	GPU Power(W)	RAM Voltage(V)	RAM Current(A)	RAM Power(W)
1496375182921881046	1400 40 1.200000 0.185000 0.233000 1000 38 0.900000 0.292000 0.285000 600 40 0.900000 0.071000 0.070000 1.200000 0.032000 0.038000
1496375183432202846	1400 40 1.200000 0.099000 0.126000 1000 38 0.900000 0.538000 0.520000 600 40 0.900000 0.071000 0.070000 1.200000 0.014000 0.017000
1496375183942566938	1400 40 1.200000 0.098000 0.124000 1000 37 0.900000 0.538000 0.520000 600 40 0.900000 0.071000 0.070000 1.200000 0.016000 0.019000
1496375184452995988	1400 40 1.200000 0.097000 0.123000 1000 37 0.900000 0.541000 0.523000 600 40 0.900000 0.071000 0.070000 1.200000 0.016000 0.019000
1496375184962472831	1400 40 1.200000 0.099000 0.126000 1000 37 0.900000 0.544000 0.526000 600 40 0.900000 0.071000 0.070000 1.200000 0.015000 0.018000
1496375185472616256	1400 39 1.200000 0.102000 0.129000 1000 37 0.900000 0.575000 0.556000 600 40 0.900000 0.071000 0.070000 1.200000 0.020000 0.024000
1496375185982654390	1400 39 1.200000 0.101000 0.128000 1000 37 0.900000 0.533000 0.515000 600 40 0.900000 0.070000 0.069000 1.200000 0.058000 0.070000
1496375186492522608	1400 41 1.200000 0.101000 0.128000 1000 38 0.900000 0.697000 0.676000 600 40 0.900000 0.071000 0.070000 1.200000 0.056000 0.068000
1496375187002429325	1400 42 1.200000 0.098000 0.124000 1000 38 0.900000 0.712000 0.690000 600 40 0.900000 0.071000 0.070000 1.200000 0.063000 0.076000
1496375187511855460	1400 42 1.200000 0.105000 0.133000 1000 38 0.900000 0.965000 0.937000 600 40 0.900000 0.071000 0.070000 1.200000 0.057000 0.069000
1496375188021404928	1400 43 1.200000 0.102000 0.129000 1000 38 0.900000 0.969000 0.940000 600 41 0.900000 0.071000 0.070000 1.200000 0.040000 0.048000
1496375188530776188	1400 43 1.200000 0.101000 0.128000 1000 38 0.900000 1.029000 0.999000 600 41 0.900000 0.071000 0.070000 1.200000 0.041000 0.049000
1496375189040355572	1400 43 1.200000 0.099000 0.126000 1000 38 0.900000 0.969000 0.940000 600 41 0.900000 0.072000 0.071000 1.200000 0.040000 0.048000
1496375189549720457	1400 43 1.200000 0.099000 0.126000 1000 39 0.900000 1.000000 0.971000 600 41 0.900000 0.071000 0.070000 1.200000 0.037000 0.044000
1496375190059040717	1400 43 1.200000 0.103000 0.131000 1000 39 0.900000 0.962000 0.934000 600 41 0.900000 0.072000 0.071000 1.200000 0.041000 0.049000
1496375190568384685	1400 43 1.200000 0.106000 0.134000 1000 39 0.900000 0.971000 0.942000 600 41 0.900000 0.072000 0.071000 1.200000 0.033000 0.040000
1496375191077886487	1400 43 1.200000 0.098000 0.124000 1000 39 0.900000 0.985000 0.956000 600 41 0.900000 0.072000 0.071000 1.200000 0.035000 0.042000
1496375191587391622	1400 43 1.200000 0.096000 0.122000 1000 39 0.900000 0.949000 0.921000 600 41 0.900000 0.072000 0.071000 1.200000 0.024000 0.029000
1496375192097015631	1400 43 1.200000 0.096000 0.122000 1000 39 0.900000 0.948000 0.920000 600 41 0.900000 0.072000 0.071000 1.200000 0.024000 0.029000
1496375192606734640	1400 43 1.200000 0.101000 0.128000 1000 39 0.900000 0.951000 0.923000 600 41 0.900000 0.072000 0.071000 1.200000 0.026000 0.031000
1496375193116227483	1400 42 1.200000 0.102000 0.129000 1000 39 0.900000 0.942000 0.914000 600 41 0.900000 0.071000 0.070000 1.200000 0.028000 0.034000
1496375193625305952	1400 43 1.200000 0.104000 0.132000 1000 39 0.900000 0.953000 0.925000 600 41 0.900000 0.072000 0.071000 1.200000 0.037000 0.044000
1496375194134433629	1400 43 1.200000 0.104000 0.132000 1000 39 0.900000 1.000000 0.971000 600 41 0.900000 0.072000 0.071000 1.200000 0.023000 0.027000
1496375194643550389	1400 44 1.200000 0.099000 0.126000 1000 39 0.900000 1.013000 0.983000 600 41 0.900000 0.072000 0.071000 1.200000 0.021000 0.025000
1496375195152619941	1400 43 1.200000 0.097000 0.123000 1000 39 0.900000 1.016000 0.986000 600 41 0.900000 0.072000 0.071000 1.200000 0.024000 0.029000
1496375195661735618	1400 43 1.200000 0.097000 0.123000 1000 39 0.900000 1.018000 0.988000 600 41 0.900000 0.072000 0.071000 1.200000 0.025000 0.030000
1496375196170776378	1400 43 1.200000 0.097000 0.123000 1000 39 0.900000 1.020000 0.990000 600 41 0.900000 0.072000 0.071000 1.200000 0.025000 0.030000
1496375196679947180	1400 43 1.200000 0.097000 0.123000 1000 39 0.900000 1.019000 0.989000 600 41 0.900000 0.072000 0.071000 1.200000 0.023000 0.027000
1496375197188958190	1400 43 1.200000 0.095000 0.121000 1000 39 0.900000 0.990000 0.961000 600 41 0.900000 0.072000 0.071000 1.200000 0.021000 0.025000
1496375197698086617	1400 43 1.200000 0.097000 0.123000 1000 39 0.900000 0.986000 0.957000 600 41 0.900000 0.072000 0.071000 1.200000 0.022000 0.026000
1496375198207170669	1400 43 1.200000 0.099000 0.126000 1000 39 0.900000 0.971000 0.942000 600 41 0.900000 0.072000 0.071000 1.200000 0.022000 0.026000
1496375198716313721	1400 43 1.200000 0.098000 0.124000 1000 39 0.900000 0.982000 0.953000 600 41 0.900000 0.072000 0.071000 1.200000 0.019000 0.023000
1496375199225358190	1400 43 1.200000 0.099000 0.126000 1000 39 0.900000 0.985000 0.956000 600 41 0.900000 0.072000 0.071000 1.200000 0.020000 0.024000
1496375199734496950	1400 43 1.200000 0.101000 0.128000 1000 39 0.900000 0.990000 0.961000 600 41 0.900000 0.072000 0.071000 1.200000 0.019000 0.023000
1496375200243599085	1400 43 1.200000 0.102000 0.129000 1000 39 0.900000 0.985000 0.956000 600 41 0.900000 0.072000 0.071000 1.200000 0.021000 0.025000
1496375200752760428	1400 43 1.200000 0.102000 0.129000 1000 39 0.900000 0.980000 0.951000 600 41 0.900000 0.072000 0.071000 1.200000 0.021000 0.025000
1496375201261871189	1400 43 1.200000 0.101000 0.128000 1000 39 0.900000 0.977000 0.948000 600 41 0.900000 0.072000 0.071000 1.200000 0.021000 0.025000
1496375201771080699	1400 43 1.200000 0.101000 0.128000 1000 39 0.900000 0.979000 0.950000 600 41 0.900000 0.072000 0.071000 1.200000 0.021000 0.025000
1496375202280321625	1400 43 1.200000 0.097000 0.123000 1000 39 0.900000 0.978000 0.949000 600 41 0.900000 0.071000 0.070000 1.200000 0.021000 0.025000
1496375202789661260	1400 43 1.200000 0.099000 0.126000 1000 39 0.900000 0.961000 0.933000 600 41 0.900000 0.072000 0.071000 1.200000 0.018000 0.021000
1496375203301363392	1400 43 1.200000 0.103000 0.131000 1000 39 0.900000 0.951000 0.923000 600 41 0.900000 0.072000 0.071000 1.200000 0.015000 0.018000
1496375203811703026	1400 43 1.200000 0.174000 0.219000 1000 39 0.900000 0.957000 0.929000 600 41 0.900000 0.072000 0.071000 1.200000 0.042000 0.051000
1496375204321482410	1400 43 1.200000 0.106000 0.134000 1000 39 0.900000 0.947000 0.919000 600 41 0.900000 0.072000 0.071000 1.200000 0.024000 0.029000
1496375204831093586	1400 43 1.200000 0.107000 0.136000 1000 39 0.900000 0.967000 0.938000 600 41 0.900000 0.072000 0.071000 1.200000 0.021000 0.025000
1496375205340284679	1400 43 1.200000 0.098000 0.124000 1000 39 0.900000 0.960000 0.932000 600 41 0.900000 0.072000 0.071000 1.200000 0.014000 0.017000
1496375205849697231	1400 43 1.200000 0.097000 0.123000 1000 39 0.900000 0.958000 0.930000 600 41 0.900000 0.072000 0.071000 1.200000 0.016000 0.019000
1496375206359038283	1400 42 1.200000 0.097000 0.123000 1000 38 0.900000 0.822000 0.798000 600 41 0.900000 0.072000 0.071000 1.200000 0.019000 0.023000
1496375206868519626	1400 41 1.200000 0.095000 0.120000 1000 38 0.900000 0.504000 0.487000 600 40 0.900000 0.072000 0.071000 1.200000 0.014000 0.017000
1496375207378092385	1400 41 1.200000 0.099000 0.126000 1000 38 0.900000 0.504000 0.487000 600 40 0.900000 0.071000 0.070000 1.200000 0.018000 0.021000
1496375207887511395	1400 41 1.200000 0.097000 0.123000 1000 38 0.900000 0.502000 0.485000 600 39 0.900000 0.072000 0.071000 1.200000 0.017000 0.020000
1496375208396924613	1400 41 1.200000 0.099000 0.126000 1000 37 0.900000 0.502000 0.485000 600 39 0.900000 0.071000 0.070000 1.200000 0.017000 0.020000
1496375208907387163	1400 40 1.200000 0.114000 0.145000 1000 37 0.900000 0.514000 0.497000 600 39 0.900000 0.071000 0.070000 1.200000 0.040000 0.048000
1496375209417685255	1400 40 1.200000 0.100000 0.126000 1000 37 0.900000 0.419000 0.407000 600 39 0.900000 0.070000 0.069000 1.200000 0.032000 0.038000
1496375209927913930	1400 40 1.200000 0.103000 0.131000 1000 37 0.900000 0.539000 0.521000 600 39 0.900000 0.071000 0.070000 1.200000 0.017000 0.020000
1496375210438275314	1400 40 1.200000 0.099000 0.125000 1000 37 0.900000 0.538000 0.520000 600 39 0.900000 0.070000 0.069000 1.200000 0.018000 0.021000
1496375210948486073	1400 40 1.200000 0.103000 0.131000 1000 37 0.900000 0.540000 0.522000 600 39 0.900000 0.070000 0.069000 1.200000 0.019000 0.023000
1496375211457912666	1400 39 1.200000 0.105000 0.133000 1000 37 0.900000 0.549000 0.531000 600 39 0.900000 0.070000 0.069000 1.200000 0.023000 0.027000
1496375211967355134	1400 38 1.200000 0.101000 0.128000 1000 37 0.900000 0.523000 0.506000 600 39 0.900000 0.070000 0.069000 1.200000 0.031000 0.037000
1496375212476528769	1400 39 1.200000 0.099000 0.126000 1000 37 0.900000 0.626000 0.607000 600 39 0.900000 0.070000 0.069000 1.200000 0.038000 0.046000
1496375212985713737	1400 38 1.200000 0.099000 0.126000 1000 37 0.900000 0.550000 0.532000 600 39 0.900000 0.070000 0.069000 1.200000 0.060000 0.073000
1496375213495626246	1400 38 1.200000 0.096000 0.122000 1000 37 0.900000 0.519000 0.502000 600 39 0.900000 0.070000 0.069000 1.200000 0.042000 0.051000
1496375214005015548	1400 38 1.200000 0.094000 0.119000 1000 37 0.900000 0.517000 0.500000 600 39 0.900000 0.070000 0.069000 1.200000 0.041000 0.049000
1496375214514292641	1400 38 1.200000 0.094000 0.119000 1000 36 0.900000 0.496000 0.480000 600 39 0.900000 0.070000 0.069000 1.200000 0.034000 0.041000
1496375215023673776	1400 38 1.200000 0.102000 0.129000 1000 36 0.900000 0.514000 0.497000 600 39 0.900000 0.070000 0.069000 1.200000 0.038000 0.046000
1496375215532973411	1400 38 1.200000 0.099000 0.126000 1000 36 0.900000 0.504000 0.487000 600 39 0.900000 0.070000 0.069000 1.200000 0.046000 0.055000
1496375216042266879	1400 38 1.200000 0.097000 0.123000 1000 36 0.900000 0.540000 0.522000 600 39 0.900000 0.070000 0.069000 1.200000 0.049000 0.059000
1496375216551564181	1400 38 1.200000 0.097000 0.123000 1000 36 0.900000 0.494000 0.478000 600 39 0.900000 0.070000 0.069000 1.200000 0.034000 0.041000
1496375217060716774	1400 38 1.200000 0.099000 0.126000 1000 36 0.900000 0.484000 0.468000 600 39 0.900000 0.070000 0.069000 1.200000 0.035000 0.042000
1496375217569977868	1400 38 1.200000 0.099000 0.126000 1000 36 0.900000 0.489000 0.473000 600 39 0.900000 0.070000 0.069000 1.200000 0.036000 0.043000
1496375218079182628	1400 38 1.200000 0.094000 0.119000 1000 36 0.900000 0.498000 0.482000 600 39 0.900000 0.070000 0.069000 1.200000 0.039000 0.047000
1496375218588385471	1400 38 1.200000 0.096000 0.122000 1000 36 0.900000 0.504000 0.487000 600 39 0.900000 0.070000 0.069000 1.200000 0.040000 0.048000
1496375219097576231	1400 38 1.200000 0.094000 0.119000 1000 36 0.900000 0.543000 0.525000 600 39 0.900000 0.070000 0.069000 1.200000 0.033000 0.040000
1496375219606963825	1400 38 1.200000 0.093000 0.118000 1000 36 0.900000 0.671000 0.650000 600 39 0.900000 0.070000 0.069000 1.200000 0.018000 0.021000
1496375220116311459	1400 38 1.200000 0.094000 0.119000 1000 36 0.900000 0.828000 0.803000 600 39 0.900000 0.070000 0.069000 1.200000 0.005000 0.006000
1496375220625437303	1400 38 1.200000 0.099000 0.126000 1000 36 0.900000 0.543000 0.525000 600 39 0.900000 0.070000 0.069000 1.200000 0.033000 0.040000
1496375221135166937	1400 38 1.200000 0.103000 0.131000 1000 36 0.900000 0.525000 0.508000 600 39 0.900000 0.070000 0.069000 1.200000 0.044000 0.053000
1496375221644441281	1400 42 1.200000 0.102000 0.129000 1000 37 0.900000 1.001000 0.971000 600 39 0.900000 0.070000 0.069000 1.200000 0.049000 0.059000
1496375222153801124	1400 42 1.200000 0.099000 0.126000 1000 37 0.900000 1.003000 0.973000 600 40 0.900000 0.070000 0.069000 1.200000 0.049000 0.059000
1496375222663043134	1400 40 1.200000 0.097000 0.123000 1000 37 0.900000 1.009000 0.979000 600 40 0.900000 0.070000 0.069000 1.200000 0.049000 0.059000
1496375223172274311	1400 42 1.200000 0.096000 0.122000 1000 38 0.900000 0.669000 0.648000 600 40 0.900000 0.070000 0.069000 1.200000 0.041000 0.049000
1496375223681645612	1400 42 1.200000 0.100000 0.127000 1000 38 0.900000 0.981000 0.952000 600 40 0.900000 0.070000 0.069000 1.200000 0.048000 0.058000
1496375224190977830	1400 42 1.200000 0.103000 0.131000 1000 38 0.900000 0.990000 0.961000 600 40 0.900000 0.071000 0.070000 1.200000 0.047000 0.057000
1496375224700241090	1400 42 1.200000 0.104000 0.132000 1000 38 0.900000 0.983000 0.954000 600 40 0.900000 0.071000 0.070000 1.200000 0.048000 0.058000
1496375225209589934	1400 42 1.200000 0.102000 0.129000 1000 38 0.900000 0.864000 0.838000 600 40 0.900000 0.071000 0.070000 1.200000 0.117000 0.142000
1496375225718943110	1400 42 1.200000 0.104000 0.132000 1000 38 0.900000 0.849000 0.824000 600 41 0.900000 0.071000 0.070000 1.200000 0.131000 0.160000
1496375226228291662	1400 42 1.200000 0.104000 0.132000 1000 38 0.900000 0.924000 0.897000 600 41 0.900000 0.071000 0.070000 1.200000 0.139000 0.169000
1496375226737906755	1400 42 1.200000 0.102000 0.129000 1000 39 0.900000 0.912000 0.885000 600 41 0.900000 0.072000 0.071000 1.200000 0.135000 0.164000
1496375227247472347	1400 43 1.200000 0.102000 0.129000 1000 39 0.900000 0.883000 0.857000 600 41 0.900000 0.072000 0.071000 1.200000 0.137000 0.167000
1496375227756888649	1400 42 1.200000 0.103000 0.131000 1000 39 0.900000 0.868000 0.842000 600 41 0.900000 0.072000 0.071000 1.200000 0.138000 0.168000
1496375228266509783	1400 43 1.200000 0.104000 0.132000 1000 39 0.900000 0.879000 0.852000 600 41 0.900000 0.072000 0.071000 1.200000 0.137000 0.167000
1496375228776117043	1400 43 1.200000 0.101000 0.128000 1000 39 0.900000 0.889000 0.863000 600 41 0.900000 0.072000 0.071000 1.200000 0.141000 0.172000
1496375229285663511	1400 43 1.200000 0.102000 0.130000 1000 39 0.900000 0.890000 0.864000 600 41 0.900000 0.072000 0.071000 1.200000 0.137000 0.167000
1496375229795460062	1400 43 1.200000 0.108000 0.137000 1000 39 0.900000 0.902000 0.875000 600 41 0.900000 0.072000 0.071000 1.200000 0.132000 0.161000
1496375230305043030	1400 43 1.200000 0.109000 0.138000 1000 39 0.900000 0.930000 0.903000 600 41 0.900000 0.072000 0.071000 1.200000 0.133000 0.162000
1496375230814655914	1400 43 1.200000 0.109000 0.138000 1000 39 0.900000 0.926000 0.899000 600 41 0.900000 0.072000 0.071000 1.200000 0.137000 0.167000
1496375231324260924	1400 43 1.200000 0.102000 0.129000 1000 39 0.900000 0.929000 0.902000 600 41 0.900000 0.072000 0.071000 1.200000 0.143000 0.174000
1496375231833426559	1400 44 1.200000 0.102000 0.129000 1000 39 0.900000 0.922000 0.895000 600 41 0.900000 0.072000 0.071000 1.200000 0.141000 0.172000
1496375232342618277	1400 43 1.200000 0.101000 0.128000 1000 39 0.900000 0.988000 0.959000 600 41 0.900000 0.072000 0.071000 1.200000 0.048000 0.058000
1496375232851937621	1400 43 1.200000 0.101000 0.128000 1000 39 0.900000 0.992000 0.963000 600 41 0.900000 0.072000 0.071000 1.200000 0.048000 0.058000
1496375233361124381	1400 41 1.200000 0.104000 0.132000 1000 39 0.900000 0.988000 0.959000 600 41 0.900000 0.072000 0.071000 1.200000 0.047000 0.057000
1496375233870595016	1400 40 1.200000 0.105000 0.133000 1000 38 0.900000 0.838000 0.813000 600 41 0.900000 0.072000 0.071000 1.200000 0.053000 0.064000
1496375234380250650	1400 41 1.200000 0.104000 0.132000 1000 38 0.900000 0.639000 0.619000 600 40 0.900000 0.072000 0.071000 1.200000 0.029000 0.035000
1496375234890345909	1400 40 1.200000 0.101000 0.128000 1000 38 0.900000 0.470000 0.456000 600 40 0.900000 0.071000 0.070000 1.200000 0.070000 0.085000
1496375235400709542	1400 40 1.200000 0.102000 0.129000 1000 38 0.900000 0.538000 0.521000 600 40 0.900000 0.071000 0.070000 1.200000 0.015000 0.018000
1496375235910948343	1400 40 1.200000 0.100000 0.127000 1000 37 0.900000 0.539000 0.522000 600 39 0.900000 0.071000 0.070000 1.200000 0.014000 0.017000
1496375236421178310	1400 40 1.200000 0.099000 0.126000 1000 37 0.900000 0.540000 0.522000 600 39 0.900000 0.071000 0.070000 1.200000 0.015000 0.018000
1496375236931242360	1400 40 1.200000 0.104000 0.132000 1000 37 0.900000 0.541000 0.524000 600 39 0.900000 0.071000 0.070000 1.200000 0.015000 0.018000
1496375237440752245	1400 39 1.200000 0.101000 0.128000 1000 37 0.900000 0.541000 0.524000 600 39 0.900000 0.070000 0.069000 1.200000 0.019000 0.023000
1496375237950066880	1400 38 1.200000 0.097000 0.123000 1000 36 0.900000 0.500000 0.484000 600 39 0.900000 0.070000 0.069000 1.200000 0.014000 0.017000
1496375238459227723	1400 38 1.200000 0.099000 0.126000 1000 36 0.900000 0.435000 0.421000 600 39 0.900000 0.070000 0.069000 1.200000 0.013000 0.015000
1496375238968421025	1400 38 1.200000 0.101000 0.128000 1000 36 0.900000 0.435000 0.421000 600 39 0.900000 0.070000 0.069000 1.200000 0.013000 0.015000
1496375239477623952	1400 38 1.200000 0.101000 0.128000 1000 36 0.900000 0.435000 0.421000 600 39 0.900000 0.070000 0.069000 1.200000 0.012000 0.014000
1496375239986939753	1400 38 1.200000 0.094000 0.119000 1000 36 0.900000 0.436000 0.422000 600 38 0.900000 0.070000 0.069000 1.200000 0.012000 0.014000
1496375240496173347	1400 38 1.200000 0.093000 0.118000 1000 36 0.900000 0.435000 0.421000 600 38 0.900000 0.070000 0.069000 1.200000 0.013000 0.015000
1496375241005316357	1400 38 1.200000 0.094000 0.119000 1000 36 0.900000 0.436000 0.422000 600 38 0.900000 0.070000 0.069000 1.200000 0.013000 0.015000
1496375241514583784	1400 38 1.200000 0.093000 0.118000 1000 36 0.900000 0.437000 0.423000 600 38 0.900000 0.070000 0.069000 1.200000 0.014000 0.017000
1496375242023830085	1400 38 1.200000 0.093000 0.118000 1000 36 0.900000 0.436000 0.422000 600 38 0.900000 0.070000 0.069000 1.200000 0.014000 0.017000
1496375242533038220	1400 37 1.200000 0.092000 0.117000 1000 36 0.900000 0.435000 0.421000 600 38 0.900000 0.069000 0.068000 1.200000 0.012000 0.014000
1496375243042274022	1400 38 1.200000 0.098000 0.124000 1000 36 0.900000 0.435000 0.421000 600 38 0.900000 0.070000 0.069000 1.200000 0.012000 0.014000
1496375243551729199	1400 38 1.200000 0.097000 0.123000 1000 36 0.900000 0.435000 0.421000 600 38 0.900000 0.069000 0.068000 1.200000 0.012000 0.014000
1496375244061166583	1400 37 1.200000 0.094000 0.119000 1000 36 0.900000 0.435000 0.421000 600 38 0.900000 0.069000 0.068000 1.200000 0.012000 0.014000
1496375244570377260	1400 38 1.200000 0.096000 0.122000 1000 36 0.900000 0.435000 0.421000 600 38 0.900000 0.069000 0.068000 1.200000 0.013000 0.015000
1496375245079693895	1400 37 1.200000 0.098000 0.124000 1000 36 0.900000 0.435000 0.421000 600 38 0.900000 0.069000 0.068000 1.200000 0.014000 0.017000
1496375245588867863	1400 37 1.200000 0.100000 0.127000 1000 36 0.900000 0.435000 0.421000 600 38 0.900000 0.069000 0.068000 1.200000 0.014000 0.017000
1496375246098088124	1400 37 1.200000 0.099000 0.126000 1000 36 0.900000 0.435000 0.421000 600 38 0.900000 0.069000 0.068000 1.200000 0.014000 0.017000
1496375246607292050	1400 37 1.200000 0.097000 0.123000 1000 36 0.900000 0.435000 0.421000 600 38 0.900000 0.069000 0.068000 1.200000 0.014000 0.017000
1496375247116586644	1400 37 1.200000 0.095000 0.120000 1000 36 0.900000 0.434000 0.420000 600 38 0.900000 0.069000 0.068000 1.200000 0.012000 0.014000
1496375247625752154	1400 37 1.200000 0.094000 0.119000 1000 36 0.900000 0.435000 0.421000 600 38 0.900000 0.069000 0.068000 1.200000 0.012000 0.014000
1496375248135069747	1400 41 1.200000 0.097000 0.123000 1000 36 0.900000 0.436000 0.422000 600 38 0.900000 0.069000 0.068000 1.200000 0.024000 0.029000
1496375248644314007	1400 41 1.200000 0.103000 0.131000 1000 37 0.900000 0.995000 0.966000 600 39 0.900000 0.069000 0.068000 1.200000 0.039000 0.047000
1496375249154221099	1400 40 1.200000 0.096000 0.122000 1000 37 0.900000 0.798000 0.774000 600 39 0.900000 0.070000 0.069000 1.200000 0.050000 0.060000
1496375249663541984	1400 41 1.200000 0.096000 0.122000 1000 37 0.900000 0.800000 0.776000 600 39 0.900000 0.070000 0.069000 1.200000 0.078000 0.095000
1496375250172714828	1400 42 1.200000 0.094000 0.119000 1000 37 0.900000 1.013000 0.983000 600 39 0.900000 0.070000 0.069000 1.200000 0.026000 0.031000
1496375250681970630	1400 42 1.200000 0.095000 0.120000 1000 37 0.900000 1.033000 1.003000 600 40 0.900000 0.070000 0.069000 1.200000 0.007000 0.008000
1496375251191486098	1400 42 1.200000 0.096000 0.122000 1000 37 0.900000 1.035000 1.004000 600 40 0.900000 0.070000 0.069000 1.200000 0.003000 0.003000
1496375251701063482	1400 42 1.200000 0.102000 0.129000 1000 38 0.900000 1.027000 0.997000 600 40 0.900000 0.070000 0.069000 1.200000 0.006000 0.007000
1496375252210237576	1400 42 1.200000 0.104000 0.132000 1000 38 0.900000 1.027000 0.997000 600 40 0.900000 0.071000 0.070000 1.200000 0.007000 0.008000
1496375252719477419	1400 43 1.200000 0.100000 0.127000 1000 38 0.900000 1.035000 1.004000 600 40 0.900000 0.070000 0.069000 1.200000 0.006000 0.007000
1496375253228805304	1400 43 1.200000 0.095000 0.120000 1000 38 0.900000 1.034000 1.004000 600 40 0.900000 0.071000 0.070000 1.200000 0.006000 0.007000
1496375253738085689	1400 43 1.200000 0.096000 0.122000 1000 38 0.900000 1.037000 1.006000 600 40 0.900000 0.071000 0.070000 1.200000 0.005000 0.006000
1496375254247281616	1400 43 1.200000 0.096000 0.122000 1000 38 0.900000 1.031000 1.001000 600 40 0.900000 0.071000 0.070000 1.200000 0.006000 0.007000
1496375254756591959	1400 43 1.200000 0.101000 0.128000 1000 38 0.900000 1.037000 1.006000 600 40 0.900000 0.071000 0.070000 1.200000 0.004000 0.004000
1496375255265794386	1400 43 1.200000 0.103000 0.131000 1000 38 0.900000 1.039000 1.009000 600 40 0.900000 0.071000 0.070000 1.200000 0.004000 0.004000
1496375255775073854	1400 43 1.200000 0.101000 0.128000 1000 38 0.900000 1.032000 1.002000 600 40 0.900000 0.071000 0.070000 1.200000 0.003000 0.003000
1496375256284260447	1400 43 1.200000 0.100000 0.127000 1000 38 0.900000 1.035000 1.004000 600 40 0.900000 0.071000 0.070000 1.200000 0.003000 0.003000
1496375256793462332	1400 43 1.200000 0.096000 0.122000 1000 38 0.900000 1.034000 1.004000 600 40 0.900000 0.071000 0.070000 1.200000 0.003000 0.003000
1496375257302714717	1400 43 1.200000 0.096000 0.122000 1000 38 0.900000 1.032000 1.002000 600 40 0.900000 0.071000 0.070000 1.200000 0.003000 0.003000
1496375257811942103	1400 43 1.200000 0.096000 0.122000 1000 38 0.900000 1.028000 0.998000 600 41 0.900000 0.071000 0.070000 1.200000 0.003000 0.003000
1496375258321238654	1400 43 1.200000 0.097000 0.123000 1000 38 0.900000 1.038000 1.007000 600 40 0.900000 0.071000 0.070000 1.200000 0.006000 0.007000
1496375258830638997	1400 43 1.200000 0.102000 0.129000 1000 38 0.900000 1.034000 1.004000 600 41 0.900000 0.071000 0.070000 1.200000 0.004000 0.004000
1496375259339930216	1400 43 1.200000 0.101000 0.128000 1000 38 0.900000 1.035000 1.004000 600 41 0.900000 0.071000 0.070000 1.200000 0.004000 0.004000
1496375259849152142	1400 43 1.200000 0.099000 0.125000 1000 38 0.900000 1.032000 1.002000 600 40 0.900000 0.071000 0.070000 1.200000 0.007000 0.008000
1496375260358450361	1400 43 1.200000 0.097000 0.123000 1000 38 0.900000 1.036000 1.005000 600 41 0.900000 0.071000 0.070000 1.200000 0.007000 0.008000
1496375260867729662	1400 42 1.200000 0.099000 0.126000 1000 38 0.900000 1.025000 0.995000 600 41 0.900000 0.071000 0.070000 1.200000 0.016000 0.019000
1496375261377052422	1400 42 1.200000 0.105000 0.133000 1000 38 0.900000 0.879000 0.853000 600 40 0.900000 0.071000 0.070000 1.200000 0.045000 0.054000
1496375261886547890	1400 42 1.200000 0.104000 0.132000 1000 38 0.900000 0.988000 0.959000 600 40 0.900000 0.071000 0.070000 1.200000 0.035000 0.042000
1496375262395999817	1400 43 1.200000 0.097000 0.123000 1000 38 0.900000 0.909000 0.882000 600 40 0.900000 0.072000 0.071000 1.200000 0.055000 0.066000
1496375262905334410	1400 43 1.200000 0.096000 0.122000 1000 38 0.900000 0.943000 0.915000 600 41 0.900000 0.071000 0.070000 1.200000 0.049000 0.059000
1496375263415666960	1400 41 1.200000 0.132000 0.167000 1000 38 0.900000 0.824000 0.800000 600 40 0.900000 0.072000 0.071000 1.200000 0.050000 0.060000
1496375263926040927	1400 40 1.200000 0.101000 0.128000 1000 37 0.900000 0.536000 0.518000 600 40 0.900000 0.071000 0.070000 1.200000 0.021000 0.025000
1496375264436334977	1400 40 1.200000 0.098000 0.124000 1000 37 0.900000 0.540000 0.522000 600 39 0.900000 0.070000 0.069000 1.200000 0.015000 0.018000
1496375264946520236	1400 40 1.200000 0.097000 0.123000 1000 37 0.900000 0.540000 0.522000 600 39 0.900000 0.070000 0.069000 1.200000 0.015000 0.018000
1496375265456810869	1400 40 1.200000 0.102000 0.129000 1000 37 0.900000 0.542000 0.524000 600 39 0.900000 0.070000 0.069000 1.200000 0.015000 0.018000
1496375265966804545	1400 41 1.200000 0.101000 0.128000 1000 37 0.900000 0.709000 0.687000 600 39 0.900000 0.070000 0.069000 1.200000 0.030000 0.036000
1496375266476455096	1400 42 1.200000 0.098000 0.124000 1000 38 0.900000 1.053000 1.022000 600 40 0.900000 0.070000 0.069000 1.200000 0.146000 0.178000
1496375266985948439	1400 43 1.200000 0.113000 0.143000 1000 38 0.900000 1.075000 1.044000 600 41 0.900000 0.071000 0.070000 1.200000 0.177000 0.216000
1496375267495358949	1400 43 1.200000 0.111000 0.141000 1000 39 0.900000 1.075000 1.043000 600 41 0.900000 0.071000 0.070000 1.200000 0.176000 0.214000
1496375268005010167	1400 43 1.200000 0.109000 0.138000 1000 39 0.900000 1.076000 1.045000 600 41 0.900000 0.072000 0.071000 1.200000 0.176000 0.215000
1496375268514581635	1400 44 1.200000 0.107000 0.136000 1000 39 0.900000 1.076000 1.045000 600 41 0.900000 0.072000 0.071000 1.200000 0.176000 0.215000
1496375269024078395	1400 44 1.200000 0.112000 0.142000 1000 39 0.900000 1.077000 1.046000 600 41 0.900000 0.072000 0.071000 1.200000 0.177000 0.216000
1496375269533510904	1400 44 1.200000 0.112000 0.142000 1000 39 0.900000 1.078000 1.047000 600 42 0.900000 0.072000 0.071000 1.200000 0.176000 0.214000
1496375270042953122	1400 44 1.200000 0.113000 0.143000 1000 39 0.900000 1.077000 1.045000 600 42 0.900000 0.072000 0.071000 1.200000 0.176000 0.215000
1496375270552390299	1400 44 1.200000 0.112000 0.142000 1000 40 0.900000 1.080000 1.048000 600 42 0.900000 0.072000 0.071000 1.200000 0.175000 0.213000
1496375271061858475	1400 44 1.200000 0.108000 0.137000 1000 40 0.900000 1.079000 1.048000 600 42 0.900000 0.072000 0.071000 1.200000 0.175000 0.213000
1496375271571342985	1400 44 1.200000 0.108000 0.137000 1000 40 0.900000 1.078000 1.047000 600 42 0.900000 0.072000 0.071000 1.200000 0.175000 0.213000
1496375272080943786	1400 44 1.200000 0.106000 0.134000 1000 40 0.900000 1.077000 1.045000 600 42 0.900000 0.073000 0.072000 1.200000 0.176000 0.214000
1496375272590336879	1400 45 1.200000 0.106000 0.134000 1000 40 0.900000 1.077000 1.046000 600 42 0.900000 0.072000 0.071000 1.200000 0.176000 0.215000
1496375273099845139	1400 45 1.200000 0.107000 0.136000 1000 40 0.900000 1.076000 1.044000 600 42 0.900000 0.073000 0.072000 1.200000 0.176000 0.214000
1496375273609644857	1400 45 1.200000 0.108000 0.137000 1000 40 0.900000 1.073000 1.042000 600 42 0.900000 0.073000 0.072000 1.200000 0.176000 0.214000
1496375274119063575	1400 45 1.200000 0.111000 0.141000 1000 40 0.900000 1.071000 1.039000 600 42 0.900000 0.072000 0.071000 1.200000 0.177000 0.216000
1496375274628458543	1400 45 1.200000 0.109000 0.138000 1000 40 0.900000 1.071000 1.039000 600 42 0.900000 0.073000 0.072000 1.200000 0.176000 0.214000
1496375275137853803	1400 45 1.200000 0.111000 0.141000 1000 40 0.900000 1.071000 1.041000 600 42 0.900000 0.072000 0.071000 1.200000 0.175000 0.213000
1496375275647188063	1400 45 1.200000 0.107000 0.136000 1000 40 0.900000 1.072000 1.040000 600 42 0.900000 0.073000 0.072000 1.200000 0.176000 0.214000
1496375276156670406	1400 45 1.200000 0.107000 0.136000 1000 40 0.900000 1.072000 1.041000 600 42 0.900000 0.073000 0.072000 1.200000 0.175000 0.213000
1496375276666231832	1400 45 1.200000 0.112000 0.142000 1000 40 0.900000 1.071000 1.041000 600 43 0.900000 0.073000 0.072000 1.200000 0.176000 0.214000
1496375277175696175	1400 45 1.200000 0.112000 0.142000 1000 40 0.900000 1.070000 1.038000 600 43 0.900000 0.073000 0.072000 1.200000 0.176000 0.215000
1496375277685206101	1400 45 1.200000 0.108000 0.137000 1000 40 0.900000 1.071000 1.039000 600 42 0.900000 0.073000 0.072000 1.200000 0.175000 0.213000
1496375278195142194	1400 42 1.200000 0.111000 0.141000 1000 40 0.900000 1.071000 1.039000 600 42 0.900000 0.073000 0.072000 1.200000 0.175000 0.213000
1496375278705598202	1400 42 1.200000 0.163000 0.206000 1000 39 0.900000 0.380000 0.370000 600 41 0.900000 0.073000 0.072000 1.200000 0.020000 0.024000
1496375279215747294	1400 41 1.200000 0.108000 0.137000 1000 39 0.900000 0.541000 0.524000 600 41 0.900000 0.072000 0.071000 1.200000 0.014000 0.017000
1496375279726017386	1400 41 1.200000 0.102000 0.129000 1000 38 0.900000 0.541000 0.523000 600 40 0.900000 0.072000 0.071000 1.200000 0.015000 0.018000
1496375280236293103	1400 41 1.200000 0.100000 0.127000 1000 38 0.900000 0.541000 0.524000 600 40 0.900000 0.071000 0.070000 1.200000 0.014000 0.016000
1496375280745819821	1400 40 1.200000 0.099000 0.126000 1000 38 0.900000 0.544000 0.526000 600 40 0.900000 0.072000 0.071000 1.200000 0.028000 0.034000
1496375281255463997	1400 41 1.200000 0.104000 0.132000 1000 38 0.900000 0.585000 0.567000 600 40 0.900000 0.071000 0.070000 1.200000 0.029000 0.035000
1496375281764905674	1400 42 1.200000 0.105000 0.133000 1000 38 0.900000 0.848000 0.823000 600 40 0.900000 0.071000 0.070000 1.200000 0.080000 0.097000
1496375282274104809	1400 43 1.200000 0.100000 0.127000 1000 38 0.900000 1.006000 0.976000 600 41 0.900000 0.071000 0.070000 1.200000 0.024000 0.029000
1496375282783315235	1400 43 1.200000 0.097000 0.123000 1000 38 0.900000 1.010000 0.980000 600 41 0.900000 0.071000 0.070000 1.200000 0.022000 0.026000
1496375283292567370	1400 43 1.200000 0.097000 0.123000 1000 38 0.900000 1.009000 0.979000 600 41 0.900000 0.071000 0.070000 1.200000 0.022000 0.026000
1496375283801956214	1400 43 1.200000 0.100000 0.127000 1000 38 0.900000 1.010000 0.980000 600 41 0.900000 0.072000 0.071000 1.200000 0.022000 0.026000
1496375284311387307	1400 43 1.200000 0.104000 0.132000 1000 38 0.900000 1.010000 0.980000 600 41 0.900000 0.072000 0.071000 1.200000 0.020000 0.024000
1496375284820687483	1400 43 1.200000 0.096000 0.122000 1000 38 0.900000 1.010000 0.980000 600 41 0.900000 0.072000 0.071000 1.200000 0.020000 0.024000
1496375285329990743	1400 43 1.200000 0.096000 0.122000 1000 38 0.900000 1.011000 0.981000 600 41 0.900000 0.072000 0.071000 1.200000 0.020000 0.024000
1496375285839281045	1400 43 1.200000 0.097000 0.123000 1000 38 0.900000 1.011000 0.981000 600 41 0.900000 0.071000 0.070000 1.200000 0.021000 0.025000
1496375286348494180	1400 43 1.200000 0.096000 0.122000 1000 38 0.900000 1.010000 0.980000 600 41 0.900000 0.071000 0.070000 1.200000 0.020000 0.024000
1496375286857774773	1400 43 1.200000 0.097000 0.123000 1000 38 0.900000 1.006000 0.976000 600 41 0.900000 0.072000 0.071000 1.200000 0.023000 0.027000
1496375287367019742	1400 43 1.200000 0.096000 0.122000 1000 38 0.900000 1.005000 0.975000 600 41 0.900000 0.072000 0.071000 1.200000 0.024000 0.029000
1496375287876364835	1400 43 1.200000 0.104000 0.132000 1000 38 0.900000 1.006000 0.976000 600 41 0.900000 0.072000 0.071000 1.200000 0.024000 0.029000
1496375288386075636	1400 40 1.200000 0.103000 0.131000 1000 38 0.900000 1.004000 0.974000 600 41 0.900000 0.071000 0.070000 1.200000 0.034000 0.041000
1496375288895384979	1400 43 1.200000 0.099000 0.126000 1000 38 0.900000 0.740000 0.717000 600 41 0.900000 0.071000 0.070000 1.200000 0.056000 0.068000
1496375289404647239	1400 43 1.200000 0.097000 0.123000 1000 38 0.900000 1.004000 0.974000 600 41 0.900000 0.071000 0.070000 1.200000 0.022000 0.026000
1496375289913890374	1400 43 1.200000 0.099000 0.126000 1000 38 0.900000 1.007000 0.977000 600 41 0.900000 0.071000 0.070000 1.200000 0.021000 0.025000
1496375290423076009	1400 43 1.200000 0.101000 0.128000 1000 38 0.900000 1.010000 0.980000 600 41 0.900000 0.072000 0.071000 1.200000 0.021000 0.025000
1496375290932313686	1400 43 1.200000 0.103000 0.131000 1000 38 0.900000 1.010000 0.980000 600 41 0.900000 0.071000 0.070000 1.200000 0.019000 0.023000
1496375291441549946	1400 43 1.200000 0.103000 0.131000 1000 38 0.900000 1.010000 0.980000 600 41 0.900000 0.071000 0.070000 1.200000 0.019000 0.023000
1496375291950690915	1400 43 1.200000 0.101000 0.128000 1000 38 0.900000 1.011000 0.982000 600 41 0.900000 0.072000 0.071000 1.200000 0.020000 0.024000
1496375292460096883	1400 43 1.200000 0.098000 0.124000 1000 38 0.900000 1.012000 0.982000 600 41 0.900000 0.072000 0.071000 1.200000 0.019000 0.023000
1496375292969355893	1400 43 1.200000 0.098000 0.124000 1000 38 0.900000 1.010000 0.980000 600 41 0.900000 0.072000 0.071000 1.200000 0.020000 0.024000
1496375293478559986	1400 43 1.200000 0.097000 0.123000 1000 38 0.900000 1.011000 0.981000 600 41 0.900000 0.071000 0.070000 1.200000 0.020000 0.024000
1496375293987752538	1400 43 1.200000 0.097000 0.123000 1000 39 0.900000 1.004000 0.974000 600 41 0.900000 0.072000 0.071000 1.200000 0.024000 0.029000
1496375294496966340	1400 43 1.200000 0.097000 0.123000 1000 38 0.900000 1.002000 0.972000 600 41 0.900000 0.071000 0.070000 1.200000 0.025000 0.030000
1496375295006273225	1400 43 1.200000 0.095000 0.120000 1000 39 0.900000 1.002000 0.972000 600 41 0.900000 0.072000 0.071000 1.200000 0.023000 0.027000
1496375295515525151	1400 40 1.200000 0.097000 0.123000 1000 38 0.900000 0.873000 0.846000 600 41 0.900000 0.071000 0.070000 1.200000 0.022000 0.026000
1496375296024869828	1400 43 1.200000 0.097000 0.123000 1000 38 0.900000 0.652000 0.632000 600 41 0.900000 0.072000 0.071000 1.200000 0.029000 0.035000
1496375296534142796	1400 43 1.200000 0.099000 0.126000 1000 38 0.900000 1.003000 0.973000 600 41 0.900000 0.071000 0.070000 1.200000 0.052000 0.063000
1496375297043388806	1400 43 1.200000 0.102000 0.129000 1000 38 0.900000 1.007000 0.977000 600 41 0.900000 0.072000 0.071000 1.200000 0.023000 0.027000
1496375297552669983	1400 43 1.200000 0.104000 0.132000 1000 38 0.900000 1.009000 0.979000 600 41 0.900000 0.071000 0.070000 1.200000 0.020000 0.024000
1496375298061945243	1400 43 1.200000 0.095000 0.120000 1000 38 0.900000 1.009000 0.979000 600 41 0.900000 0.071000 0.070000 1.200000 0.022000 0.026000
1496375298571286711	1400 43 1.200000 0.096000 0.122000 1000 38 0.900000 1.011000 0.981000 600 41 0.900000 0.072000 0.071000 1.200000 0.021000 0.025000
1496375299080438263	1400 43 1.200000 0.098000 0.124000 1000 39 0.900000 1.010000 0.980000 600 41 0.900000 0.072000 0.071000 1.200000 0.021000 0.025000
1496375299589650815	1400 43 1.200000 0.098000 0.124000 1000 38 0.900000 1.011000 0.981000 600 41 0.900000 0.071000 0.070000 1.200000 0.019000 0.023000
1496375300098921200	1400 43 1.200000 0.101000 0.128000 1000 38 0.900000 1.010000 0.980000 600 41 0.900000 0.072000 0.071000 1.200000 0.019000 0.023000
1496375300608198335	1400 43 1.200000 0.102000 0.129000 1000 38 0.900000 1.009000 0.979000 600 41 0.900000 0.072000 0.071000 1.200000 0.019000 0.023000
1496375301117422553	1400 43 1.200000 0.104000 0.132000 1000 38 0.900000 1.007000 0.977000 600 41 0.900000 0.072000 0.071000 1.200000 0.022000 0.026000
1496375301626643313	1400 43 1.200000 0.102000 0.129000 1000 38 0.900000 1.004000 0.974000 600 41 0.900000 0.071000 0.070000 1.200000 0.023000 0.027000
1496375302135805615	1400 43 1.200000 0.096000 0.122000 1000 38 0.900000 1.006000 0.976000 600 41 0.900000 0.072000 0.071000 1.200000 0.021000 0.025000
1496375302645227583	1400 42 1.200000 0.096000 0.122000 1000 38 0.900000 1.005000 0.975000 600 41 0.900000 0.072000 0.071000 1.200000 0.022000 0.026000
1496375303154889759	1400 41 1.200000 0.100000 0.127000 1000 38 0.900000 0.709000 0.687000 600 40 0.900000 0.071000 0.070000 1.200000 0.028000 0.034000
1496375303664146978	1400 43 1.200000 0.102000 0.129000 1000 38 0.900000 0.916000 0.889000 600 41 0.900000 0.071000 0.070000 1.200000 0.034000 0.041000
1496375304173320863	1400 43 1.200000 0.104000 0.132000 1000 38 0.900000 1.006000 0.976000 600 41 0.900000 0.071000 0.070000 1.200000 0.021000 0.025000
1496375304682673623	1400 43 1.200000 0.103000 0.131000 1000 38 0.900000 1.011000 0.982000 600 41 0.900000 0.071000 0.070000 1.200000 0.020000 0.024000
1496375305192024799	1400 43 1.200000 0.100000 0.127000 1000 38 0.900000 1.009000 0.980000 600 41 0.900000 0.071000 0.070000 1.200000 0.021000 0.025000
1496375305701245934	1400 43 1.200000 0.097000 0.123000 1000 38 0.900000 1.011000 0.982000 600 41 0.900000 0.072000 0.071000 1.200000 0.022000 0.026000
1496375306210430986	1400 43 1.200000 0.098000 0.124000 1000 38 0.900000 1.011000 0.981000 600 41 0.900000 0.071000 0.070000 1.200000 0.021000 0.025000
1496375306719773621	1400 43 1.200000 0.097000 0.123000 1000 38 0.900000 1.012000 0.982000 600 41 0.900000 0.072000 0.071000 1.200000 0.021000 0.025000
1496375307228928839	1400 43 1.200000 0.096000 0.122000 1000 38 0.900000 1.011000 0.982000 600 41 0.900000 0.072000 0.071000 1.200000 0.020000 0.024000
1496375307738155058	1400 43 1.200000 0.095000 0.120000 1000 38 0.900000 1.011000 0.982000 600 41 0.900000 0.071000 0.070000 1.200000 0.020000 0.024000
1496375308247328026	1400 43 1.200000 0.096000 0.122000 1000 38 0.900000 1.011000 0.982000 600 41 0.900000 0.071000 0.070000 1.200000 0.020000 0.024000
1496375308756682619	1400 43 1.200000 0.097000 0.123000 1000 38 0.900000 1.005000 0.975000 600 41 0.900000 0.071000 0.070000 1.200000 0.021000 0.025000
1496375309265920796	1400 43 1.200000 0.096000 0.122000 1000 38 0.900000 1.003000 0.973000 600 41 0.900000 0.071000 0.070000 1.200000 0.022000 0.026000
1496375309775129473	1400 43 1.200000 0.096000 0.122000 1000 38 0.900000 1.000000 0.971000 600 41 0.900000 0.072000 0.071000 1.200000 0.023000 0.027000
1496375310284997399	1400 40 1.200000 0.103000 0.131000 1000 38 0.900000 0.734000 0.711000 600 41 0.900000 0.071000 0.070000 1.200000 0.033000 0.040000
1496375310795434574	1400 40 1.200000 0.116000 0.147000 1000 38 0.900000 0.394000 0.384000 600 40 0.900000 0.071000 0.070000 1.200000 0.044000 0.053000
1496375311305474208	1400 40 1.200000 0.103000 0.131000 1000 37 0.900000 0.538000 0.520000 600 40 0.900000 0.071000 0.070000 1.200000 0.016000 0.019000
1496375311815519050	1400 40 1.200000 0.101000 0.128000 1000 37 0.900000 0.540000 0.522000 600 39 0.900000 0.071000 0.070000 1.200000 0.015000 0.018000
1496375312325747225	1400 40 1.200000 0.102000 0.129000 1000 37 0.900000 0.541000 0.523000 600 39 0.900000 0.071000 0.070000 1.200000 0.017000 0.020000
1496375312835098860	1400 39 1.200000 0.104000 0.132000 1000 37 0.900000 0.541000 0.523000 600 39 0.900000 0.070000 0.069000 1.200000 0.013000 0.015000
1496375313344363953	1400 39 1.200000 0.103000 0.131000 1000 37 0.900000 0.500000 0.484000 600 39 0.900000 0.070000 0.069000 1.200000 0.023000 0.027000
1496375313854718337	1400 41 1.200000 0.100000 0.127000 1000 37 0.900000 0.504000 0.487000 600 39 0.900000 0.070000 0.069000 1.200000 0.058000 0.070000
1496375314364014680	1400 40 1.200000 0.101000 0.128000 1000 37 0.900000 0.673000 0.652000 600 39 0.900000 0.070000 0.069000 1.200000 0.047000 0.057000
1496375314873292690	1400 41 1.200000 0.098000 0.124000 1000 37 0.900000 0.529000 0.512000 600 39 0.900000 0.070000 0.069000 1.200000 0.056000 0.068000
1496375315382575659	1400 42 1.200000 0.099000 0.126000 1000 37 0.900000 0.880000 0.854000 600 39 0.900000 0.070000 0.069000 1.200000 0.063000 0.076000
1496375315891839085	1400 42 1.200000 0.096000 0.122000 1000 38 0.900000 0.903000 0.876000 600 40 0.900000 0.070000 0.069000 1.200000 0.028000 0.034000
1496375316401171762	1400 42 1.200000 0.096000 0.122000 1000 38 0.900000 0.908000 0.881000 600 40 0.900000 0.070000 0.069000 1.200000 0.027000 0.032000
1496375316910419230	1400 42 1.200000 0.096000 0.122000 1000 38 0.900000 0.909000 0.882000 600 40 0.900000 0.070000 0.069000 1.200000 0.027000 0.032000
1496375317419689407	1400 42 1.200000 0.095000 0.120000 1000 38 0.900000 0.907000 0.880000 600 40 0.900000 0.070000 0.069000 1.200000 0.025000 0.030000
1496375317929037375	1400 43 1.200000 0.097000 0.123000 1000 38 0.900000 0.901000 0.874000 600 40 0.900000 0.071000 0.070000 1.200000 0.025000 0.030000
1496375318438388718	1400 42 1.200000 0.099000 0.126000 1000 38 0.900000 1.025000 0.995000 600 40 0.900000 0.071000 0.070000 1.200000 0.018000 0.021000
1496375318947835686	1400 42 1.200000 0.103000 0.131000 1000 38 0.900000 0.811000 0.787000 600 40 0.900000 0.071000 0.070000 1.200000 0.083000 0.101000
1496375319457082155	1400 42 1.200000 0.104000 0.132000 1000 38 0.900000 0.884000 0.858000 600 40 0.900000 0.071000 0.070000 1.200000 0.028000 0.034000
1496375319966429581	1400 42 1.200000 0.097000 0.123000 1000 38 0.900000 0.915000 0.888000 600 40 0.900000 0.071000 0.070000 1.200000 0.027000 0.032000
1496375320475695758	1400 42 1.200000 0.095000 0.120000 1000 38 0.900000 0.927000 0.900000 600 40 0.900000 0.071000 0.070000 1.200000 0.027000 0.032000
1496375320985074768	1400 42 1.200000 0.096000 0.122000 1000 38 0.900000 0.912000 0.885000 600 40 0.900000 0.071000 0.070000 1.200000 0.026000 0.031000
1496375321494343069	1400 43 1.200000 0.101000 0.128000 1000 38 0.900000 0.913000 0.886000 600 40 0.900000 0.071000 0.070000 1.200000 0.024000 0.029000
1496375322003716788	1400 42 1.200000 0.101000 0.128000 1000 38 0.900000 0.983000 0.954000 600 40 0.900000 0.071000 0.070000 1.200000 0.052000 0.063000
1496375322512971006	1400 42 1.200000 0.106000 0.134000 1000 38 0.900000 0.901000 0.874000 600 40 0.900000 0.071000 0.070000 1.200000 0.044000 0.053000
1496375323022165724	1400 43 1.200000 0.102000 0.129000 1000 38 0.900000 0.891000 0.865000 600 40 0.900000 0.071000 0.070000 1.200000 0.026000 0.031000
1496375323531468234	1400 42 1.200000 0.101000 0.128000 1000 38 0.900000 0.919000 0.892000 600 40 0.900000 0.071000 0.070000 1.200000 0.024000 0.029000
1496375324040671494	1400 42 1.200000 0.099000 0.125000 1000 38 0.900000 0.912000 0.885000 600 40 0.900000 0.071000 0.070000 1.200000 0.026000 0.031000
1496375324549981213	1400 42 1.200000 0.096000 0.122000 1000 38 0.900000 0.902000 0.875000 600 40 0.900000 0.071000 0.070000 1.200000 0.025000 0.030000
1496375325059165098	1400 43 1.200000 0.096000 0.122000 1000 38 0.900000 1.023000 0.994000 600 40 0.900000 0.071000 0.070000 1.200000 0.019000 0.023000
1496375325568518858	1400 42 1.200000 0.102000 0.129000 1000 38 0.900000 1.003000 0.973000 600 40 0.900000 0.071000 0.070000 1.200000 0.019000 0.023000
1496375326077813659	1400 42 1.200000 0.104000 0.132000 1000 38 0.900000 0.891000 0.865000 600 40 0.900000 0.071000 0.070000 1.200000 0.109000 0.133000
1496375326587057711	1400 43 1.200000 0.101000 0.128000 1000 38 0.900000 0.888000 0.862000 600 40 0.900000 0.071000 0.070000 1.200000 0.027000 0.032000
1496375327096286388	1400 42 1.200000 0.101000 0.128000 1000 38 0.900000 0.902000 0.875000 600 40 0.900000 0.071000 0.070000 1.200000 0.028000 0.034000
1496375327605466106	1400 42 1.200000 0.098000 0.124000 1000 38 0.900000 0.910000 0.883000 600 40 0.900000 0.071000 0.070000 1.200000 0.027000 0.032000
1496375328114806324	1400 43 1.200000 0.099000 0.126000 1000 38 0.900000 0.908000 0.881000 600 40 0.900000 0.071000 0.070000 1.200000 0.026000 0.031000
1496375328624042626	1400 43 1.200000 0.101000 0.128000 1000 38 0.900000 0.905000 0.878000 600 40 0.900000 0.071000 0.070000 1.200000 0.026000 0.031000
1496375329133288928	1400 42 1.200000 0.099000 0.126000 1000 38 0.900000 1.025000 0.995000 600 41 0.900000 0.071000 0.070000 1.200000 0.023000 0.027000
1496375329642602479	1400 43 1.200000 0.097000 0.123000 1000 38 0.900000 0.884000 0.858000 600 40 0.900000 0.071000 0.070000 1.200000 0.072000 0.087000
1496375330151823365	1400 43 1.200000 0.095000 0.121000 1000 38 0.900000 0.894000 0.868000 600 40 0.900000 0.071000 0.070000 1.200000 0.027000 0.032000
1496375330661109458	1400 42 1.200000 0.095000 0.120000 1000 38 0.900000 0.909000 0.882000 600 40 0.900000 0.071000 0.070000 1.200000 0.026000 0.031000
1496375331170268051	1400 42 1.200000 0.097000 0.123000 1000 38 0.900000 0.920000 0.893000 600 40 0.900000 0.071000 0.070000 1.200000 0.026000 0.031000
1496375331679543061	1400 43 1.200000 0.096000 0.122000 1000 38 0.900000 0.908000 0.881000 600 40 0.900000 0.071000 0.070000 1.200000 0.025000 0.030000
1496375332188904988	1400 43 1.200000 0.095000 0.120000 1000 38 0.900000 0.972000 0.943000 600 40 0.900000 0.071000 0.070000 1.200000 0.023000 0.027000
1496375332698616247	1400 40 1.200000 0.104000 0.132000 1000 38 0.900000 1.025000 0.995000 600 40 0.900000 0.071000 0.070000 1.200000 0.018000 0.021000
1496375333208922464	1400 40 1.200000 0.103000 0.131000 1000 38 0.900000 0.484000 0.469000 600 40 0.900000 0.071000 0.070000 1.200000 0.043000 0.052000
1496375333719078265	1400 40 1.200000 0.100000 0.127000 1000 37 0.900000 0.540000 0.523000 600 39 0.900000 0.070000 0.069000 1.200000 0.018000 0.021000
1496375334229348607	1400 40 1.200000 0.103000 0.131000 1000 37 0.900000 0.541000 0.524000 600 39 0.900000 0.070000 0.069000 1.200000 0.018000 0.021000
1496375334739450240	1400 40 1.200000 0.106000 0.134000 1000 37 0.900000 0.541000 0.524000 600 39 0.900000 0.070000 0.069000 1.200000 0.015000 0.018000
1496375335249588041	1400 39 1.200000 0.105000 0.133000 1000 37 0.900000 0.541000 0.523000 600 39 0.900000 0.070000 0.069000 1.200000 0.015000 0.018000
1496375335759563633	1400 40 1.200000 0.102000 0.129000 1000 37 0.900000 0.561000 0.543000 600 39 0.900000 0.070000 0.069000 1.200000 0.042000 0.051000
1496375336269904433	1400 40 1.200000 0.100000 0.127000 1000 37 0.900000 0.542000 0.524000 600 39 0.900000 0.070000 0.069000 1.200000 0.069000 0.084000
1496375336779810443	1400 41 1.200000 0.102000 0.129000 1000 37 0.900000 0.526000 0.509000 600 39 0.900000 0.070000 0.069000 1.200000 0.043000 0.052000
1496375337289622410	1400 41 1.200000 0.103000 0.131000 1000 37 0.900000 0.531000 0.514000 600 39 0.900000 0.070000 0.069000 1.200000 0.044000 0.053000
1496375337799945960	1400 39 1.200000 0.098000 0.124000 1000 37 0.900000 0.534000 0.516000 600 39 0.900000 0.070000 0.069000 1.200000 0.043000 0.052000
1496375338309158262	1400 42 1.200000 0.097000 0.123000 1000 37 0.900000 0.518000 0.501000 600 39 0.900000 0.070000 0.069000 1.200000 0.087000 0.106000
1496375338818197522	1400 42 1.200000 0.096000 0.122000 1000 38 0.900000 1.067000 1.036000 600 40 0.900000 0.070000 0.069000 1.200000 0.006000 0.007000
1496375339327258824	1400 43 1.200000 0.095000 0.120000 1000 38 0.900000 1.081000 1.050000 600 40 0.900000 0.070000 0.069000 1.200000 0.005000 0.006000
1496375339836383835	1400 43 1.200000 0.094000 0.119000 1000 38 0.900000 1.074000 1.043000 600 40 0.900000 0.071000 0.070000 1.200000 0.005000 0.006000
1496375340345463303	1400 43 1.200000 0.103000 0.131000 1000 38 0.900000 1.076000 1.045000 600 40 0.900000 0.071000 0.070000 1.200000 0.008000 0.009000
1496375340854601855	1400 43 1.200000 0.102000 0.129000 1000 38 0.900000 1.055000 1.024000 600 40 0.900000 0.071000 0.070000 1.200000 0.008000 0.009000
1496375341363656824	1400 43 1.200000 0.099000 0.126000 1000 38 0.900000 1.056000 1.026000 600 41 0.900000 0.071000 0.070000 1.200000 0.008000 0.009000
1496375341872749584	1400 43 1.200000 0.099000 0.126000 1000 38 0.900000 1.067000 1.037000 600 40 0.900000 0.071000 0.070000 1.200000 0.007000 0.008000
1496375342381771802	1400 43 1.200000 0.096000 0.122000 1000 38 0.900000 1.060000 1.029000 600 40 0.900000 0.071000 0.070000 1.200000 0.007000 0.008000
1496375342891047229	1400 43 1.200000 0.096000 0.122000 1000 38 0.900000 1.051000 1.020000 600 41 0.900000 0.071000 0.070000 1.200000 0.008000 0.009000
1496375343400080739	1400 43 1.200000 0.095000 0.121000 1000 38 0.900000 1.064000 1.033000 600 41 0.900000 0.071000 0.070000 1.200000 0.008000 0.009000
1496375343909426208	1400 43 1.200000 0.103000 0.131000 1000 38 0.900000 1.062000 1.032000 600 41 0.900000 0.071000 0.070000 1.200000 0.006000 0.007000
1496375344418550051	1400 43 1.200000 0.103000 0.131000 1000 38 0.900000 1.060000 1.029000 600 41 0.900000 0.071000 0.070000 1.200000 0.007000 0.008000
1496375344927585353	1400 43 1.200000 0.100000 0.127000 1000 38 0.900000 1.052000 1.022000 600 41 0.900000 0.071000 0.070000 1.200000 0.007000 0.008000
1496375345436702988	1400 43 1.200000 0.098000 0.124000 1000 38 0.900000 1.039000 1.008000 600 41 0.900000 0.071000 0.070000 1.200000 0.007000 0.008000
1496375345945709999	1400 43 1.200000 0.097000 0.123000 1000 38 0.900000 1.040000 1.009000 600 41 0.900000 0.071000 0.070000 1.200000 0.008000 0.009000
1496375346454835301	1400 43 1.200000 0.101000 0.128000 1000 38 0.900000 1.037000 1.006000 600 41 0.900000 0.071000 0.070000 1.200000 0.008000 0.009000
1496375346963944519	1400 43 1.200000 0.096000 0.122000 1000 38 0.900000 1.054000 1.023000 600 41 0.900000 0.072000 0.071000 1.200000 0.008000 0.009000
1496375347473156363	1400 43 1.200000 0.104000 0.132000 1000 38 0.900000 1.054000 1.023000 600 41 0.900000 0.072000 0.071000 1.200000 0.007000 0.008000
1496375347982452831	1400 43 1.200000 0.102000 0.129000 1000 38 0.900000 1.040000 1.009000 600 41 0.900000 0.071000 0.070000 1.200000 0.011000 0.013000
1496375348491544633	1400 43 1.200000 0.099000 0.126000 1000 38 0.900000 1.060000 1.029000 600 41 0.900000 0.072000 0.071000 1.200000 0.010000 0.012000
1496375349000539601	1400 43 1.200000 0.097000 0.123000 1000 38 0.900000 1.057000 1.026000 600 41 0.900000 0.072000 0.071000 1.200000 0.010000 0.012000
1496375349509612945	1400 43 1.200000 0.098000 0.124000 1000 38 0.900000 1.069000 1.037000 600 41 0.900000 0.071000 0.070000 1.200000 0.008000 0.009000
1496375350018649955	1400 43 1.200000 0.100000 0.127000 1000 38 0.900000 1.050000 1.019000 600 41 0.900000 0.071000 0.070000 1.200000 0.008000 0.009000
1496375350527695174	1400 43 1.200000 0.101000 0.128000 1000 38 0.900000 1.041000 1.011000 600 41 0.900000 0.071000 0.070000 1.200000 0.009000 0.010000
1496375351036820476	1400 43 1.200000 0.096000 0.122000 1000 38 0.900000 1.043000 1.012000 600 41 0.900000 0.071000 0.070000 1.200000 0.010000 0.012000
1496375351545961736	1400 43 1.200000 0.097000 0.123000 1000 38 0.900000 1.036000 1.006000 600 41 0.900000 0.071000 0.070000 1.200000 0.010000 0.012000
1496375352055083830	1400 43 1.200000 0.096000 0.122000 1000 38 0.900000 1.045000 1.014000 600 41 0.900000 0.071000 0.070000 1.200000 0.011000 0.013000
1496375352564127090	1400 43 1.200000 0.095000 0.121000 1000 39 0.900000 1.037000 1.006000 600 41 0.900000 0.071000 0.070000 1.200000 0.010000 0.012000
1496375353073106892	1400 43 1.200000 0.096000 0.122000 1000 38 0.900000 1.035000 1.004000 600 41 0.900000 0.072000 0.071000 1.200000 0.009000 0.010000
1496375353582155986	1400 43 1.200000 0.096000 0.122000 1000 38 0.900000 1.047000 1.016000 600 41 0.900000 0.071000 0.070000 1.200000 0.009000 0.010000
1496375354091387954	1400 43 1.200000 0.097000 0.123000 1000 38 0.900000 1.045000 1.014000 600 41 0.900000 0.071000 0.070000 1.200000 0.009000 0.010000
1496375354600477964	1400 43 1.200000 0.105000 0.133000 1000 38 0.900000 1.039000 1.008000 600 41 0.900000 0.072000 0.071000 1.200000 0.010000 0.012000
1496375355109597058	1400 43 1.200000 0.095000 0.120000 1000 38 0.900000 1.031000 1.001000 600 41 0.900000 0.071000 0.070000 1.200000 0.011000 0.013000
1496375355618638901	1400 43 1.200000 0.099000 0.126000 1000 38 0.900000 1.038000 1.007000 600 41 0.900000 0.071000 0.070000 1.200000 0.010000 0.012000
1496375356127747370	1400 43 1.200000 0.097000 0.123000 1000 38 0.900000 1.031000 1.001000 600 41 0.900000 0.072000 0.071000 1.200000 0.013000 0.015000
1496375356636806380	1400 43 1.200000 0.098000 0.124000 1000 38 0.900000 1.031000 1.001000 600 41 0.900000 0.071000 0.070000 1.200000 0.011000 0.013000
1496375357145825391	1400 43 1.200000 0.102000 0.129000 1000 38 0.900000 1.051000 1.020000 600 41 0.900000 0.071000 0.070000 1.200000 0.008000 0.009000
1496375357654989651	1400 43 1.200000 0.103000 0.131000 1000 38 0.900000 1.050000 1.019000 600 41 0.900000 0.071000 0.070000 1.200000 0.011000 0.013000
1496375358164035994	1400 43 1.200000 0.103000 0.131000 1000 38 0.900000 1.051000 1.020000 600 41 0.900000 0.071000 0.070000 1.200000 0.012000 0.014000
1496375358673121505	1400 43 1.200000 0.102000 0.129000 1000 39 0.900000 1.040000 1.009000 600 41 0.900000 0.071000 0.070000 1.200000 0.013000 0.015000
1496375359182151140	1400 43 1.200000 0.101000 0.128000 1000 39 0.900000 1.028000 0.998000 600 41 0.900000 0.071000 0.070000 1.200000 0.014000 0.016000
1496375359691345775	1400 43 1.200000 0.097000 0.123000 1000 39 0.900000 1.028000 0.998000 600 41 0.900000 0.071000 0.070000 1.200000 0.013000 0.015000
1496375360200356744	1400 43 1.200000 0.096000 0.122000 1000 38 0.900000 1.035000 1.004000 600 41 0.900000 0.072000 0.071000 1.200000 0.014000 0.017000
1496375360709498212	1400 43 1.200000 0.096000 0.122000 1000 38 0.900000 1.032000 1.002000 600 41 0.900000 0.071000 0.070000 1.200000 0.019000 0.023000
1496375361218594847	1400 43 1.200000 0.097000 0.123000 1000 38 0.900000 1.022000 0.992000 600 41 0.900000 0.072000 0.071000 1.200000 0.020000 0.024000
1496375361727786858	1400 43 1.200000 0.096000 0.122000 1000 38 0.900000 1.029000 0.999000 600 41 0.900000 0.072000 0.071000 1.200000 0.018000 0.021000
1496375362236880909	1400 43 1.200000 0.101000 0.128000 1000 38 0.900000 1.030000 1.000000 600 41 0.900000 0.071000 0.070000 1.200000 0.018000 0.021000
1496375362745950670	1400 43 1.200000 0.100000 0.127000 1000 38 0.900000 1.010000 0.980000 600 41 0.900000 0.072000 0.071000 1.200000 0.029000 0.035000
1496375363255144763	1400 42 1.200000 0.099000 0.126000 1000 38 0.900000 0.982000 0.953000 600 41 0.900000 0.071000 0.070000 1.200000 0.040000 0.048000
1496375363764242232	1400 42 1.200000 0.100000 0.127000 1000 38 0.900000 0.868000 0.841000 600 41 0.900000 0.071000 0.070000 1.200000 0.073000 0.088000
1496375364273331367	1400 41 1.200000 0.096000 0.122000 1000 38 0.900000 0.473000 0.457000 600 40 0.900000 0.071000 0.070000 1.200000 0.013000 0.015000
1496375364782478460	1400 41 1.200000 0.096000 0.122000 1000 37 0.900000 0.471000 0.455000 600 39 0.900000 0.071000 0.070000 1.200000 0.012000 0.014000
1496375365291580804	1400 40 1.200000 0.094000 0.119000 1000 37 0.900000 0.470000 0.454000 600 39 0.900000 0.070000 0.069000 1.200000 0.007000 0.008000
1496375365801478688	1400 39 1.200000 0.094000 0.119000 1000 37 0.900000 0.530000 0.513000 600 39 0.900000 0.071000 0.070000 1.200000 0.028000 0.034000
1496375366311833947	1400 40 1.200000 0.174000 0.219000 1000 37 0.900000 0.525000 0.508000 600 39 0.900000 0.070000 0.069000 1.200000 0.027000 0.032000
1496375366822033872	1400 39 1.200000 0.102000 0.129000 1000 37 0.900000 0.537000 0.519000 600 39 0.900000 0.070000 0.069000 1.200000 0.015000 0.018000
1496375367332242797	1400 39 1.200000 0.104000 0.132000 1000 37 0.900000 0.538000 0.520000 600 39 0.900000 0.070000 0.069000 1.200000 0.013000 0.015000
1496375367842526889	1400 39 1.200000 0.104000 0.132000 1000 37 0.900000 0.540000 0.523000 600 39 0.900000 0.070000 0.069000 1.200000 0.014000 0.017000
1496375368351871316	1400 39 1.200000 0.102000 0.129000 1000 37 0.900000 0.542000 0.525000 600 39 0.900000 0.070000 0.069000 1.200000 0.023000 0.027000
1496375368861314992	1400 41 1.200000 0.095000 0.120000 1000 37 0.900000 0.672000 0.651000 600 39 0.900000 0.070000 0.069000 1.200000 0.024000 0.029000
1496375369370620294	1400 42 1.200000 0.097000 0.123000 1000 37 0.900000 1.092000 1.060000 600 40 0.900000 0.070000 0.069000 1.200000 0.004000 0.004000
1496375369879959387	1400 42 1.200000 0.100000 0.127000 1000 37 0.900000 1.101000 1.070000 600 40 0.900000 0.070000 0.069000 1.200000 0.006000 0.007000
1496375370389150731	1400 42 1.200000 0.103000 0.131000 1000 38 0.900000 1.104000 1.073000 600 40 0.900000 0.070000 0.069000 1.200000 0.005000 0.006000
1496375370898435366	1400 42 1.200000 0.102000 0.129000 1000 38 0.900000 1.100000 1.069000 600 41 0.900000 0.070000 0.069000 1.200000 0.006000 0.007000
1496375371407708501	1400 42 1.200000 0.099000 0.126000 1000 38 0.900000 1.104000 1.073000 600 41 0.900000 0.071000 0.070000 1.200000 0.008000 0.009000
1496375371917022969	1400 43 1.200000 0.099000 0.126000 1000 38 0.900000 1.104000 1.073000 600 41 0.900000 0.071000 0.070000 1.200000 0.013000 0.015000
1496375372426249646	1400 43 1.200000 0.097000 0.123000 1000 38 0.900000 1.106000 1.075000 600 41 0.900000 0.071000 0.070000 1.200000 0.010000 0.012000
1496375372935505406	1400 43 1.200000 0.099000 0.126000 1000 38 0.900000 1.106000 1.075000 600 41 0.900000 0.071000 0.070000 1.200000 0.012000 0.014000
1496375373444751582	1400 43 1.200000 0.096000 0.122000 1000 38 0.900000 1.108000 1.076000 600 41 0.900000 0.071000 0.070000 1.200000 0.012000 0.014000
1496375373953902176	1400 43 1.200000 0.097000 0.123000 1000 38 0.900000 1.108000 1.076000 600 41 0.900000 0.071000 0.070000 1.200000 0.007000 0.008000
1496375374463070978	1400 43 1.200000 0.097000 0.123000 1000 38 0.900000 1.106000 1.075000 600 41 0.900000 0.071000 0.070000 1.200000 0.010000 0.012000
1496375374972324904	1400 43 1.200000 0.096000 0.122000 1000 38 0.900000 1.102000 1.071000 600 41 0.900000 0.071000 0.070000 1.200000 0.024000 0.029000
1496375375481657456	1400 43 1.200000 0.096000 0.122000 1000 39 0.900000 1.108000 1.076000 600 41 0.900000 0.071000 0.070000 1.200000 0.015000 0.018000
1496375375990989799	1400 43 1.200000 0.097000 0.123000 1000 38 0.900000 1.110000 1.078000 600 41 0.900000 0.071000 0.070000 1.200000 0.016000 0.019000
1496375376500228642	1400 43 1.200000 0.100000 0.127000 1000 38 0.900000 1.106000 1.075000 600 41 0.900000 0.072000 0.071000 1.200000 0.023000 0.027000
1496375377009533444	1400 43 1.200000 0.103000 0.131000 1000 38 0.900000 1.113000 1.081000 600 41 0.900000 0.071000 0.070000 1.200000 0.012000 0.014000
1496375377518788246	1400 43 1.200000 0.103000 0.131000 1000 38 0.900000 1.111000 1.079000 600 41 0.900000 0.071000 0.070000 1.200000 0.009000 0.010000
1496375378027974256	1400 43 1.200000 0.100000 0.127000 1000 38 0.900000 1.108000 1.076000 600 41 0.900000 0.072000 0.071000 1.200000 0.011000 0.013000
1496375378537194849	1400 43 1.200000 0.098000 0.124000 1000 38 0.900000 1.107000 1.076000 600 41 0.900000 0.071000 0.070000 1.200000 0.015000 0.018000
1496375379046681692	1400 43 1.200000 0.097000 0.123000 1000 39 0.900000 1.108000 1.075000 600 41 0.900000 0.072000 0.071000 1.200000 0.018000 0.021000
1496375379555972119	1400 43 1.200000 0.101000 0.128000 1000 38 0.900000 1.110000 1.078000 600 41 0.900000 0.072000 0.071000 1.200000 0.020000 0.024000
1496375380065212296	1400 43 1.200000 0.103000 0.131000 1000 39 0.900000 1.110000 1.078000 600 41 0.900000 0.072000 0.071000 1.200000 0.017000 0.020000
1496375380574465097	1400 43 1.200000 0.103000 0.131000 1000 39 0.900000 1.108000 1.076000 600 41 0.900000 0.072000 0.071000 1.200000 0.024000 0.029000
1496375381083824940	1400 43 1.200000 0.101000 0.128000 1000 39 0.900000 1.108000 1.075000 600 41 0.900000 0.072000 0.071000 1.200000 0.025000 0.030000
1496375381593138742	1400 43 1.200000 0.100000 0.127000 1000 39 0.900000 1.111000 1.079000 600 41 0.900000 0.072000 0.071000 1.200000 0.020000 0.024000
1496375382102427169	1400 43 1.200000 0.097000 0.123000 1000 39 0.900000 1.112000 1.080000 600 41 0.900000 0.072000 0.071000 1.200000 0.012000 0.014000
1496375382611774845	1400 43 1.200000 0.096000 0.122000 1000 39 0.900000 1.112000 1.080000 600 41 0.900000 0.072000 0.071000 1.200000 0.012000 0.014000
1496375383121090230	1400 43 1.200000 0.096000 0.122000 1000 39 0.900000 1.113000 1.081000 600 41 0.900000 0.072000 0.071000 1.200000 0.012000 0.014000
1496375383630233740	1400 43 1.200000 0.097000 0.123000 1000 39 0.900000 1.110000 1.077000 600 41 0.900000 0.071000 0.070000 1.200000 0.014000 0.016000
1496375384139487625	1400 43 1.200000 0.102000 0.129000 1000 39 0.900000 1.108000 1.076000 600 41 0.900000 0.072000 0.071000 1.200000 0.019000 0.023000
1496375384648662636	1400 43 1.200000 0.101000 0.128000 1000 39 0.900000 1.107000 1.074000 600 41 0.900000 0.072000 0.071000 1.200000 0.019000 0.023000
1496375385157928062	1400 43 1.200000 0.099000 0.125000 1000 39 0.900000 1.107000 1.076000 600 41 0.900000 0.072000 0.071000 1.200000 0.015000 0.018000
1496375385667169906	1400 43 1.200000 0.099000 0.125000 1000 39 0.900000 1.110000 1.078000 600 41 0.900000 0.072000 0.071000 1.200000 0.020000 0.024000
1496375386176431332	1400 43 1.200000 0.101000 0.128000 1000 39 0.900000 1.111000 1.079000 600 41 0.900000 0.072000 0.071000 1.200000 0.022000 0.026000
1496375386685708259	1400 43 1.200000 0.096000 0.122000 1000 39 0.900000 1.107000 1.074000 600 42 0.900000 0.072000 0.071000 1.200000 0.021000 0.025000
1496375387194977561	1400 43 1.200000 0.098000 0.124000 1000 39 0.900000 1.108000 1.075000 600 41 0.900000 0.072000 0.071000 1.200000 0.010000 0.012000
1496375387704212029	1400 43 1.200000 0.096000 0.122000 1000 39 0.900000 1.115000 1.083000 600 41 0.900000 0.072000 0.071000 1.200000 0.008000 0.009000
1496375388213515747	1400 43 1.200000 0.095000 0.120000 1000 39 0.900000 1.116000 1.084000 600 41 0.900000 0.072000 0.071000 1.200000 0.008000 0.009000
1496375388722806882	1400 43 1.200000 0.099000 0.125000 1000 39 0.900000 1.109000 1.076000 600 41 0.900000 0.072000 0.071000 1.200000 0.016000 0.019000
1496375389232171059	1400 43 1.200000 0.102000 0.129000 1000 39 0.900000 1.110000 1.078000 600 42 0.900000 0.072000 0.071000 1.200000 0.016000 0.019000
1496375389741575860	1400 43 1.200000 0.102000 0.129000 1000 39 0.900000 1.111000 1.079000 600 42 0.900000 0.071000 0.070000 1.200000 0.018000 0.021000
1496375390250765370	1400 43 1.200000 0.104000 0.132000 1000 39 0.900000 1.105000 1.074000 600 41 0.900000 0.072000 0.071000 1.200000 0.019000 0.023000
1496375390760157088	1400 43 1.200000 0.097000 0.123000 1000 39 0.900000 1.108000 1.076000 600 42 0.900000 0.072000 0.071000 1.200000 0.022000 0.026000
1496375391269579265	1400 43 1.200000 0.099000 0.125000 1000 39 0.900000 1.108000 1.076000 600 41 0.900000 0.072000 0.071000 1.200000 0.019000 0.023000
1496375391778939775	1400 43 1.200000 0.097000 0.123000 1000 39 0.900000 1.113000 1.081000 600 42 0.900000 0.072000 0.071000 1.200000 0.016000 0.019000
1496375392288203785	1400 43 1.200000 0.100000 0.127000 1000 39 0.900000 1.113000 1.081000 600 41 0.900000 0.072000 0.071000 1.200000 0.012000 0.014000
1496375392797586795	1400 43 1.200000 0.103000 0.131000 1000 39 0.900000 1.113000 1.081000 600 42 0.900000 0.072000 0.071000 1.200000 0.014000 0.016000
1496375393307013804	1400 43 1.200000 0.104000 0.132000 1000 39 0.900000 1.114000 1.082000 600 41 0.900000 0.072000 0.071000 1.200000 0.012000 0.014000
1496375393816445772	1400 43 1.200000 0.102000 0.129000 1000 39 0.900000 1.111000 1.079000 600 42 0.900000 0.072000 0.071000 1.200000 0.018000 0.021000
1496375394325588574	1400 43 1.200000 0.101000 0.128000 1000 39 0.900000 1.111000 1.079000 600 42 0.900000 0.072000 0.071000 1.200000 0.017000 0.020000
1496375394834878043	1400 43 1.200000 0.099000 0.125000 1000 39 0.900000 1.102000 1.071000 600 42 0.900000 0.072000 0.071000 1.200000 0.013000 0.015000
1496375395344021678	1400 43 1.200000 0.097000 0.123000 1000 39 0.900000 1.108000 1.076000 600 42 0.900000 0.072000 0.071000 1.200000 0.011000 0.013000
1496375395853314479	1400 43 1.200000 0.095000 0.120000 1000 39 0.900000 1.109000 1.077000 600 42 0.900000 0.072000 0.071000 1.200000 0.011000 0.013000
1496375396362581823	1400 43 1.200000 0.097000 0.123000 1000 39 0.900000 1.111000 1.079000 600 42 0.900000 0.072000 0.071000 1.200000 0.012000 0.014000
1496375396871940541	1400 43 1.200000 0.097000 0.123000 1000 39 0.900000 1.109000 1.076000 600 41 0.900000 0.072000 0.071000 1.200000 0.013000 0.015000
1496375397381200051	1400 43 1.200000 0.096000 0.122000 1000 39 0.900000 1.112000 1.080000 600 42 0.900000 0.072000 0.071000 1.200000 0.017000 0.020000
1496375397890492686	1400 43 1.200000 0.096000 0.122000 1000 39 0.900000 1.112000 1.080000 600 42 0.900000 0.072000 0.071000 1.200000 0.013000 0.015000
1496375398399784029	1400 43 1.200000 0.098000 0.124000 1000 39 0.900000 1.108000 1.075000 600 41 0.900000 0.072000 0.071000 1.200000 0.014000 0.016000
1496375398909224747	1400 43 1.200000 0.100000 0.127000 1000 39 0.900000 1.103000 1.071000 600 41 0.900000 0.072000 0.071000 1.200000 0.010000 0.012000
1496375399418457924	1400 43 1.200000 0.102000 0.129000 1000 39 0.900000 1.102000 1.070000 600 42 0.900000 0.072000 0.071000 1.200000 0.005000 0.006000
1496375399927708351	1400 43 1.200000 0.103000 0.131000 1000 39 0.900000 1.104000 1.073000 600 42 0.900000 0.072000 0.071000 1.200000 0.009000 0.010000
1496375400437008111	1400 43 1.200000 0.103000 0.131000 1000 39 0.900000 1.110000 1.077000 600 42 0.900000 0.072000 0.071000 1.200000 0.011000 0.013000
1496375400947299369	1400 41 1.200000 0.099000 0.125000 1000 38 0.900000 1.098000 1.067000 600 41 0.900000 0.072000 0.071000 1.200000 0.021000 0.025000
1496375401457506628	1400 41 1.200000 0.125000 0.158000 1000 38 0.900000 0.549000 0.531000 600 40 0.900000 0.071000 0.070000 1.200000 0.015000 0.018000
1496375401967822845	1400 40 1.200000 0.104000 0.132000 1000 38 0.900000 0.540000 0.522000 600 40 0.900000 0.071000 0.070000 1.200000 0.015000 0.018000
1496375402477820104	1400 40 1.200000 0.106000 0.134000 1000 37 0.900000 0.541000 0.524000 600 40 0.900000 0.071000 0.070000 1.200000 0.014000 0.017000
1496375402988070488	1400 40 1.200000 0.104000 0.132000 1000 37 0.900000 0.541000 0.524000 600 40 0.900000 0.071000 0.070000 1.200000 0.015000 0.018000
1496375403497590289	1400 41 1.200000 0.100000 0.127000 1000 37 0.900000 0.566000 0.549000 600 39 0.900000 0.070000 0.069000 1.200000 0.022000 0.026000
1496375404007023174	1400 43 1.200000 0.098000 0.124000 1000 38 0.900000 1.289000 1.254000 600 40 0.900000 0.071000 0.070000 1.200000 0.033000 0.040000
1496375404516310850	1400 44 1.200000 0.097000 0.123000 1000 38 0.900000 1.291000 1.254000 600 41 0.900000 0.071000 0.070000 1.200000 0.029000 0.035000
1496375405025442902	1400 44 1.200000 0.096000 0.122000 1000 39 0.900000 1.290000 1.253000 600 41 0.900000 0.071000 0.070000 1.200000 0.029000 0.035000
1496375405534669954	1400 45 1.200000 0.096000 0.122000 1000 39 0.900000 1.290000 1.253000 600 41 0.900000 0.071000 0.070000 1.200000 0.028000 0.033000
1496375406044088130	1400 45 1.200000 0.102000 0.129000 1000 39 0.900000 1.286000 1.249000 600 41 0.900000 0.071000 0.070000 1.200000 0.028000 0.033000
1496375406553297849	1400 45 1.200000 0.099000 0.125000 1000 39 0.900000 1.283000 1.247000 600 42 0.900000 0.072000 0.071000 1.200000 0.028000 0.033000
1496375407062472859	1400 45 1.200000 0.098000 0.124000 1000 39 0.900000 1.281000 1.245000 600 42 0.900000 0.072000 0.071000 1.200000 0.028000 0.033000
1496375407571737619	1400 45 1.200000 0.101000 0.128000 1000 39 0.900000 1.286000 1.249000 600 42 0.900000 0.072000 0.071000 1.200000 0.027000 0.032000
1496375408080986754	1400 45 1.200000 0.104000 0.132000 1000 39 0.900000 1.282000 1.246000 600 42 0.900000 0.072000 0.071000 1.200000 0.027000 0.032000
1496375408590146056	1400 45 1.200000 0.097000 0.123000 1000 39 0.900000 1.282000 1.246000 600 42 0.900000 0.072000 0.071000 1.200000 0.026000 0.031000
1496375409099575399	1400 44 1.200000 0.098000 0.124000 1000 39 0.900000 1.217000 1.182000 600 41 0.900000 0.072000 0.071000 1.200000 0.015000 0.018000
1496375409608822534	1400 45 1.200000 0.097000 0.123000 1000 39 0.900000 0.728000 0.706000 600 41 0.900000 0.072000 0.071000 1.200000 0.026000 0.031000
1496375410117980461	1400 45 1.200000 0.098000 0.124000 1000 39 0.900000 1.303000 1.267000 600 42 0.900000 0.072000 0.071000 1.200000 0.030000 0.036000
1496375410627182096	1400 45 1.200000 0.097000 0.123000 1000 39 0.900000 1.300000 1.263000 600 42 0.900000 0.072000 0.071000 1.200000 0.028000 0.033000
1496375411136482272	1400 45 1.200000 0.102000 0.129000 1000 39 0.900000 1.298000 1.261000 600 42 0.900000 0.072000 0.071000 1.200000 0.029000 0.035000
1496375411645629991	1400 45 1.200000 0.105000 0.133000 1000 39 0.900000 1.298000 1.261000 600 42 0.900000 0.072000 0.071000 1.200000 0.028000 0.033000
1496375412154840251	1400 45 1.200000 0.106000 0.134000 1000 39 0.900000 1.295000 1.258000 600 42 0.900000 0.072000 0.071000 1.200000 0.028000 0.034000
1496375412664192511	1400 45 1.200000 0.101000 0.128000 1000 40 0.900000 1.295000 1.258000 600 42 0.900000 0.072000 0.071000 1.200000 0.028000 0.033000
1496375413173430729	1400 45 1.200000 0.101000 0.128000 1000 40 0.900000 1.293000 1.256000 600 42 0.900000 0.072000 0.071000 1.200000 0.027000 0.032000
1496375413682681656	1400 45 1.200000 0.099000 0.125000 1000 40 0.900000 1.289000 1.252000 600 42 0.900000 0.072000 0.071000 1.200000 0.026000 0.031000
1496375414192009374	1400 45 1.200000 0.100000 0.127000 1000 40 0.900000 1.286000 1.249000 600 42 0.900000 0.072000 0.071000 1.200000 0.027000 0.032000
1496375414701347217	1400 45 1.200000 0.104000 0.132000 1000 40 0.900000 1.289000 1.252000 600 42 0.900000 0.072000 0.071000 1.200000 0.026000 0.031000
1496375415210506894	1400 44 1.200000 0.106000 0.134000 1000 39 0.900000 0.739000 0.716000 600 41 0.900000 0.072000 0.071000 1.200000 0.015000 0.018000
1496375415719825696	1400 45 1.200000 0.104000 0.132000 1000 39 0.900000 1.305000 1.268000 600 42 0.900000 0.072000 0.071000 1.200000 0.041000 0.049000
1496375416228990998	1400 45 1.200000 0.101000 0.128000 1000 40 0.900000 1.302000 1.265000 600 42 0.900000 0.072000 0.071000 1.200000 0.030000 0.036000
1496375416738201674	1400 45 1.200000 0.099000 0.125000 1000 40 0.900000 1.302000 1.265000 600 42 0.900000 0.072000 0.071000 1.200000 0.029000 0.035000
1496375417247476476	1400 45 1.200000 0.101000 0.128000 1000 40 0.900000 1.299000 1.262000 600 42 0.900000 0.072000 0.071000 1.200000 0.029000 0.035000
1496375417756865819	1400 45 1.200000 0.099000 0.126000 1000 40 0.900000 1.297000 1.260000 600 42 0.900000 0.072000 0.071000 1.200000 0.029000 0.035000
1496375418266199412	1400 45 1.200000 0.097000 0.123000 1000 40 0.900000 1.293000 1.256000 600 42 0.900000 0.072000 0.071000 1.200000 0.028000 0.033000
1496375418775444131	1400 46 1.200000 0.097000 0.123000 1000 40 0.900000 1.292000 1.255000 600 42 0.900000 0.072000 0.071000 1.200000 0.027000 0.032000
1496375419284662307	1400 46 1.200000 0.099000 0.126000 1000 40 0.900000 1.291000 1.254000 600 42 0.900000 0.072000 0.071000 1.200000 0.027000 0.032000
1496375419793830651	1400 46 1.200000 0.098000 0.124000 1000 40 0.900000 1.292000 1.255000 600 42 0.900000 0.072000 0.071000 1.200000 0.027000 0.032000
1496375420303005119	1400 45 1.200000 0.097000 0.123000 1000 40 0.900000 1.292000 1.255000 600 42 0.900000 0.072000 0.071000 1.200000 0.025000 0.030000
1496375420812320338	1400 45 1.200000 0.103000 0.131000 1000 39 0.900000 1.287000 1.250000 600 42 0.900000 0.072000 0.071000 1.200000 0.021000 0.025000
1496375421321671056	1400 45 1.200000 0.103000 0.131000 1000 39 0.900000 0.735000 0.712000 600 42 0.900000 0.072000 0.071000 1.200000 0.025000 0.030000
1496375421830979274	1400 45 1.200000 0.098000 0.124000 1000 40 0.900000 1.303000 1.266000 600 42 0.900000 0.072000 0.071000 1.200000 0.030000 0.036000
1496375422340113451	1400 45 1.200000 0.104000 0.132000 1000 40 0.900000 1.302000 1.265000 600 42 0.900000 0.072000 0.071000 1.200000 0.029000 0.035000
1496375422849435586	1400 46 1.200000 0.102000 0.129000 1000 40 0.900000 1.299000 1.262000 600 42 0.900000 0.072000 0.071000 1.200000 0.029000 0.035000
1496375423358684513	1400 46 1.200000 0.101000 0.128000 1000 40 0.900000 1.297000 1.260000 600 42 0.900000 0.072000 0.071000 1.200000 0.030000 0.036000
1496375423867908898	1400 46 1.200000 0.099000 0.125000 1000 40 0.900000 1.296000 1.259000 600 42 0.900000 0.072000 0.071000 1.200000 0.030000 0.036000
1496375424377257908	1400 46 1.200000 0.104000 0.132000 1000 40 0.900000 1.296000 1.259000 600 42 0.900000 0.072000 0.071000 1.200000 0.029000 0.035000
1496375424886613584	1400 46 1.200000 0.107000 0.136000 1000 40 0.900000 1.295000 1.258000 600 43 0.900000 0.072000 0.071000 1.200000 0.027000 0.032000
1496375425395773719	1400 46 1.200000 0.104000 0.132000 1000 40 0.900000 1.295000 1.258000 600 43 0.900000 0.072000 0.071000 1.200000 0.028000 0.033000
1496375425905139646	1400 46 1.200000 0.102000 0.129000 1000 40 0.900000 1.293000 1.256000 600 42 0.900000 0.073000 0.072000 1.200000 0.027000 0.032000
1496375426414311698	1400 45 1.200000 0.098000 0.124000 1000 40 0.900000 1.189000 1.155000 600 42 0.900000 0.072000 0.071000 1.200000 0.026000 0.031000
1496375426923500458	1400 45 1.200000 0.099000 0.126000 1000 39 0.900000 0.889000 0.862000 600 41 0.900000 0.072000 0.071000 1.200000 0.004000 0.004000
1496375427432809218	1400 45 1.200000 0.097000 0.123000 1000 39 0.900000 1.290000 1.253000 600 42 0.900000 0.072000 0.071000 1.200000 0.028000 0.033000
1496375427942207769	1400 45 1.200000 0.104000 0.132000 1000 40 0.900000 1.290000 1.253000 600 42 0.900000 0.072000 0.071000 1.200000 0.027000 0.032000
1496375428451498237	1400 45 1.200000 0.107000 0.136000 1000 40 0.900000 1.288000 1.251000 600 42 0.900000 0.072000 0.071000 1.200000 0.027000 0.032000
1496375428960735747	1400 45 1.200000 0.103000 0.131000 1000 40 0.900000 1.286000 1.249000 600 42 0.900000 0.072000 0.071000 1.200000 0.027000 0.032000
1496375429470029091	1400 46 1.200000 0.101000 0.128000 1000 40 0.900000 1.285000 1.249000 600 42 0.900000 0.072000 0.071000 1.200000 0.027000 0.032000
1496375429979213018	1400 46 1.200000 0.099000 0.125000 1000 40 0.900000 1.283000 1.247000 600 42 0.900000 0.072000 0.071000 1.200000 0.028000 0.033000
1496375430488438736	1400 46 1.200000 0.101000 0.128000 1000 40 0.900000 1.282000 1.246000 600 42 0.900000 0.072000 0.071000 1.200000 0.026000 0.031000
1496375430997825912	1400 46 1.200000 0.099000 0.126000 1000 40 0.900000 1.282000 1.246000 600 42 0.900000 0.072000 0.071000 1.200000 0.025000 0.030000
1496375431507155589	1400 46 1.200000 0.097000 0.123000 1000 40 0.900000 1.282000 1.246000 600 42 0.900000 0.072000 0.071000 1.200000 0.024000 0.029000
1496375432016581182	1400 46 1.200000 0.099000 0.126000 1000 40 0.900000 1.282000 1.246000 600 42 0.900000 0.073000 0.072000 1.200000 0.023000 0.027000
1496375432525748651	1400 45 1.200000 0.098000 0.124000 1000 40 0.900000 0.877000 0.850000 600 42 0.900000 0.072000 0.071000 1.200000 0.004000 0.004000
1496375433034946619	1400 40 1.200000 0.096000 0.122000 1000 38 0.900000 0.235000 0.230000 600 40 0.900000 0.072000 0.071000 1.200000 0.002000 0.002000
1496375433543941588	1400 39 1.200000 0.099000 0.126000 1000 38 0.900000 0.194000 0.190000 600 40 0.900000 0.072000 0.071000 1.200000 0.003000 0.003000
