#Timestamp	Benchmark	CPU(4) Frequency(MHz)	CPU(4) Temperature(C)	A15 Voltage(V)	A15 Current(A)	A15 Power(W)	CPU_CYCLES	EXCEPTION_RETURN	BRANCH_MISPRED	BRANCH_PRED	DATA_MEM_ACCESS	L1I_CACHE_ACCESS	L2D_CACHE_ACCESS
1496403541694517430	parsec.dedup	1000	35	0.900000	0.206000	0.203000	354680494	32301	2263382	35416458	86853691	99691118	6491371
1496403542204891939	parsec.dedup	1000	35	0.900000	0.532000	0.514000	553831754	54514	3616240	50352173	127335818	152981771	10418458
1496403542715018698	parsec.dedup	1000	35	0.900000	0.536000	0.518000	553140731	53797	3602667	51570920	128873283	153661646	10352538
1496403543225128873	parsec.dedup	1000	35	0.900000	0.538000	0.520000	553482495	51824	3547371	55618370	134191486	155751002	10118792
1496403543735289049	parsec.dedup	1000	34	0.900000	0.539000	0.521000	542699001	49976	2032077	41448795	148378898	129504121	12485647
1496403544245286766	parsec.dedup	1000	34	0.900000	0.548000	0.530000	514272380	46746	1636611	39124752	150551692	121189216	12110674
1496403544755257567	parsec.dedup	1000	34	0.900000	0.528000	0.511000	703485586	53942	1868856	50587379	177485772	162548651	14464042
1496403545265182951	parsec.dedup	1000	35	0.900000	0.729000	0.707000	789769415	46517	3232439	66794638	303341949	230895276	16256077
1496403545774746169	parsec.dedup	1000	35	0.900000	0.531000	0.514000	961424699	34247	5631274	91159383	413083430	314994900	18163365
1496403546283838804	parsec.dedup	1000	35	0.900000	0.932000	0.904000	974398786	16386	4207450	97094341	499383148	336151219	11329740
1496403546793294939	parsec.dedup	1000	35	0.900000	1.013000	0.983000	965185499	20158	3371357	88391179	503029510	331374837	10938989
1496403547302484074	parsec.dedup	1000	35	0.900000	1.017000	0.987000	957050714	19958	3025816	96429081	463604551	301266304	10795049
1496403547812056792	parsec.dedup	1000	36	0.900000	0.988000	0.959000	952015600	20669	3046457	91168649	478067198	312464406	11118077
1496403548321437593	parsec.dedup	1000	36	0.900000	0.988000	0.959000	973004089	23769	3335402	103190167	461642721	298420684	11542105
1496403548830731645	parsec.dedup	1000	36	0.900000	0.978000	0.949000	957417642	31429	4309161	93598591	446710537	315809230	14425275
1496403549340253279	parsec.dedup	1000	36	0.900000	0.982000	0.953000	973503516	32959	4331786	95528425	460103760	322850858	14503630
1496403549849738998	parsec.dedup	1000	36	0.900000	0.996000	0.967000	987189324	47940	5890236	106582502	425551268	324141432	18466517
1496403550359155841	parsec.dedup	1000	36	0.900000	0.968000	0.939000	997821911	54839	6592408	111452237	418703313	328504249	20188690
1496403550868711600	parsec.dedup	1000	36	0.900000	0.949000	0.921000	999272356	38397	7790910	128713374	407934626	335813342	19471983
1496403551378043610	parsec.dedup	1000	36	0.900000	0.951000	0.923000	1001311905	13212	8336274	136240672	404245219	337078433	18922206
1496403551887161912	parsec.dedup	1000	36	0.900000	0.951000	0.923000	999442678	4438	9814299	158426051	462388109	368532965	20027747
1496403552396287964	parsec.dedup	1000	36	0.900000	1.015000	0.985000	1001318797	3661	9789375	171617952	463689234	371704284	17056390
1496403552905434349	parsec.dedup	1000	36	0.900000	1.005000	0.975000	1001481851	3778	9814300	166976786	471608912	373867781	17205753
1496403553414423859	parsec.dedup	1000	36	0.900000	1.011000	0.981000	1001315865	3744	9933951	171770158	474548418	380810569	15595622
1496403553923482370	parsec.dedup	1000	36	0.900000	1.015000	0.985000	1001315217	3842	9957675	168100640	473201428	380030077	16383279
1496403554432522255	parsec.dedup	1000	36	0.900000	1.005000	0.975000	1001366725	3322	10828303	179332405	461373228	385936461	14618954
1496403554941689973	parsec.dedup	1000	36	0.900000	1.014000	0.984000	1001316246	3685	10674457	179340167	466057633	384696157	14533720
1496403555450766150	parsec.dedup	1000	36	0.900000	1.011000	0.981000	1001354525	4864	11370085	186440447	431721086	382655440	13469124
1496403555959867202	parsec.dedup	1000	36	0.900000	1.011000	0.981000	1001363661	6338	10901248	198147888	415161507	366743305	11449697
1496403556468879088	parsec.dedup	1000	36	0.900000	0.979000	0.950000	1001487834	8280	11467172	192112577	398464252	373714162	11831183
1496403556977876806	parsec.dedup	1000	36	0.900000	0.953000	0.925000	1001383026	6010	11216192	200270482	408442556	373143340	10937629
1496403557487030775	parsec.dedup	1000	36	0.900000	0.975000	0.946000	1001305242	7256	11204516	195025465	403937381	366902613	11914522
1496403557996123743	parsec.dedup	1000	36	0.900000	0.966000	0.937000	1001313981	6223	11343707	199394540	409377356	374584434	10706456
1496403558505148504	parsec.dedup	1000	36	0.900000	0.979000	0.950000	1001307318	4657	11417212	201649097	411236026	373819628	11440656
1496403559014174597	parsec.dedup	1000	36	0.900000	0.971000	0.942000	1001313588	7334	11102014	197654306	399744810	366709604	11416461
1496403559523186691	parsec.dedup	1000	36	0.900000	0.972000	0.943000	1001456334	5437	11407799	201646573	407556061	374641522	10660801
1496403560032189076	parsec.dedup	1000	36	0.900000	0.979000	0.950000	1001321793	3830	10910926	200374283	404908814	368816455	10805089
1496403560541340420	parsec.dedup	1000	36	0.900000	0.966000	0.937000	1001439056	8928	10675102	186224272	392712314	359844378	12586056
1496403561050706305	parsec.dedup	1000	36	0.900000	0.955000	0.927000	1001311363	9926	10405950	187342708	385019168	359441217	11613181
1496403561559994565	parsec.dedup	1000	36	0.900000	0.953000	0.925000	1001372503	10298	10413761	184177892	388046985	357764150	11525123
1496403562069708782	parsec.dedup	1000	36	0.900000	0.962000	0.934000	1001633875	11551	10699627	177763186	376845257	356727365	12887220
1496403562579471292	parsec.dedup	1000	36	0.900000	0.961000	0.933000	1001196263	11266	10648951	176602859	381022631	356109874	12831598
1496403563089229593	parsec.dedup	1000	36	0.900000	0.949000	0.921000	1001520348	11482	10304904	180301470	384874026	351000822	11966843
1496403563598577811	parsec.dedup	1000	36	0.900000	0.948000	0.920000	1001497293	8549	10943362	188406351	390601563	365524351	10990685
1496403564108027196	parsec.dedup	1000	36	0.900000	0.959000	0.931000	1001458353	11786	10533806	178422499	377815611	357429021	12086135
1496403564617400581	parsec.dedup	1000	36	0.900000	0.952000	0.924000	966123921	12418	9662549	157499330	351012004	333988769	12876383
1496403565126787132	parsec.dedup	1000	35	0.900000	0.626000	0.607000	509833202	24853	2172530	37697941	106857522	125028228	8833085
1496403565636333183	parsec.dedup	1000	35	0.900000	0.498000	0.482000	508491018	25200	2229585	36996582	105232173	124581611	8980117
1496403566145805193	parsec.dedup	1000	35	0.900000	0.498000	0.482000	508472548	25344	2224063	37060027	105405175	125183608	8863798
1496403566655319453	parsec.dedup	1000	35	0.900000	0.498000	0.482000	508590034	25220	2218073	37011834	105204674	124739973	8931311
1496403567165088879	parsec.dedup	1000	34	0.900000	0.497000	0.481000	433710825	8834	1179496	34515659	90522199	91607744	6657314
1496403567675559845	parsec.facesim	1000	34	0.900000	0.315000	0.307000	465164759	43537	3004454	45227931	111990030	130218123	8583297
1496403568186023395	parsec.facesim	1000	34	0.900000	0.536000	0.518000	553331253	54038	3610943	50767112	127924093	153318177	10391539
1496403568696278446	parsec.facesim	1000	34	0.900000	0.535000	0.517000	553058225	53684	3600336	51848960	129343026	154003285	10329557
1496403569206448996	parsec.facesim	1000	34	0.900000	0.538000	0.520000	552564882	53038	3577699	53726222	131709644	154980926	10212112
1496403569716859421	parsec.facesim	1000	34	0.900000	0.540000	0.522000	580905217	53236	3525721	58942925	144243370	161643316	10627173
1496403570226280806	parsec.facesim	1000	34	0.900000	0.589000	0.570000	505683467	7313	739914	86339291	210807534	138934166	4297796
1496403570736032149	parsec.facesim	1000	34	0.900000	0.585000	0.567000	505390252	17423	912049	89919259	226899948	159958466	5230255
1496403571245450409	parsec.facesim	1000	34	0.900000	0.592000	0.573000	506282913	26159	687086	35905279	123002347	105524375	8156463
1496403571754805418	parsec.facesim	1000	34	0.900000	0.545000	0.527000	502821435	4977	8141442	84699708	99467595	172128686	3657283
1496403572264100720	parsec.facesim	1000	34	0.900000	0.502000	0.485000	503417232	6998	3196223	60546299	94689143	109604742	4440006
1496403572773302230	parsec.facesim	1000	34	0.900000	0.543000	0.525000	502539851	3296	5673766	75970503	96847353	141166440	2899263
1496403573282529032	parsec.facesim	1000	33	0.900000	0.506000	0.489000	503103491	3727	5274547	69490706	97408560	134064324	3696691
1496403573791936750	parsec.facesim	1000	34	0.900000	0.515000	0.498000	503861371	9336	2874378	60503987	117869619	117340323	5195757
1496403574301705509	parsec.facesim	1000	34	0.900000	0.519000	0.502000	503435758	8013	1634212	53372074	114879433	93710375	3754631
1496403574811092977	parsec.facesim	1000	34	0.900000	0.491000	0.475000	503631483	8602	1736932	52956141	108578788	93532171	3329593
1496403575320299946	parsec.facesim	1000	34	0.900000	0.483000	0.467000	503877566	9478	1734324	53787417	110135111	95309721	3483828
1496403575829611331	parsec.facesim	1000	33	0.900000	0.493000	0.477000	503298664	8066	1713811	52324447	107612945	91923655	3174728
1496403576338838716	parsec.facesim	1000	33	0.900000	0.481000	0.465000	503645001	9818	1625325	53560638	108755609	94022318	3698494
1496403576848149851	parsec.facesim	1000	33	0.900000	0.479000	0.463000	502416185	271	9833942	106424195	115677945	213152572	2850028
1496403577357335694	parsec.facesim	1000	33	0.900000	0.528000	0.511000	502110634	652	9441147	100648342	249235157	240431872	15625245
1496403577866797121	parsec.facesim	1000	33	0.900000	0.541000	0.523000	502323782	260	154784	26118082	776500448	233510867	81028273
1496403578376187922	parsec.facesim	1000	34	0.900000	0.770000	0.747000	502738988	1575	7663844	87898104	343041667	239370477	28317870
1496403578885400516	parsec.facesim	1000	34	0.900000	0.809000	0.785000	502881772	1746	11585753	116877792	126947854	242332957	2365361
1496403579395268608	parsec.facesim	1000	34	0.900000	0.541000	0.523000	603226219	50817	1402867	41239526	231735922	160052882	9958457
1496403579904668618	parsec.facesim	1000	34	0.900000	0.516000	0.499000	1001674692	458	1236097	50510468	509357210	282654479	12312007
1496403580413858420	parsec.facesim	1000	34	0.900000	1.003000	0.973000	1001425635	456	1248268	51437039	520348243	287303889	11927877
1496403580923153471	parsec.facesim	1000	35	0.900000	1.010000	0.980000	797341653	1406	919502	42354389	407124119	223947770	9421749
1496403581432367231	parsec.facesim	1000	35	0.900000	0.875000	0.849000	962556504	513	1148160	50639587	447414573	257938289	15016130
1496403581941722825	parsec.facesim	1000	35	0.900000	0.983000	0.954000	1001424438	448	1210788	52937916	466386361	270835764	15530569
1496403582451061918	parsec.facesim	1000	35	0.900000	0.986000	0.957000	1001463732	462	1223121	53159837	468428572	271962264	15542443
1496403582960366428	parsec.facesim	1000	35	0.900000	0.985000	0.956000	926261203	483	712144	51543394	378128105	224155329	13096790
1496403583469718646	parsec.facesim	1000	35	0.900000	0.857000	0.832000	964597927	1933	156875	16073430	295870942	162796600	35804223
1496403583979115947	parsec.facesim	1000	35	0.900000	0.937000	0.909000	977451484	1017	112578	12286501	298692715	162316078	39148353
1496403584488634290	parsec.facesim	1000	35	0.900000	0.918000	0.891000	981424018	972	111606	12526003	304965669	165289547	39495105
1496403584998218133	parsec.facesim	1000	36	0.900000	0.934000	0.906000	979448815	995	109896	12202127	296132822	161051178	38849478
1496403585507607810	parsec.facesim	1000	36	0.900000	0.910000	0.883000	987784357	978	111105	12382679	303317367	164334758	39214925
1496403586017255528	parsec.facesim	1000	36	0.900000	0.937000	0.909000	977550706	979	109127	12314496	298984321	162150916	38873678
1496403586526790579	parsec.facesim	1000	36	0.900000	0.918000	0.891000	986941059	1016	115929	12471353	303380100	164760687	39636339
1496403587036207922	parsec.facesim	1000	36	0.900000	0.928000	0.901000	978864392	982	111314	12319770	300618401	163031320	38988431
1496403587545524974	parsec.facesim	1000	36	0.900000	0.932000	0.904000	979050271	1018	114200	12425776	300736527	163398631	39512061
1496403588055173483	parsec.facesim	1000	36	0.900000	0.931000	0.904000	983965909	958	107733	12364892	300880574	163081011	38842157
1496403588564557326	parsec.facesim	1000	36	0.900000	0.928000	0.901000	987264733	1012	115546	12427934	301215602	163687364	39548101
1496403589073906295	parsec.facesim	1000	36	0.900000	0.934000	0.906000	984177901	982	110163	12273901	301911626	163722264	39032167
1496403589583350721	parsec.facesim	1000	36	0.900000	0.935000	0.907000	977906296	1020	115213	12323542	297567660	161488054	38602585
1496403590092640898	parsec.facesim	1000	36	0.900000	0.930000	0.903000	998532171	547	1131547	48714242	444728446	254268979	18059498
1496403590602026907	parsec.facesim	1000	36	0.900000	0.983000	0.954000	1001418705	460	1175013	53011986	464559725	265663577	15447289
1496403591111369917	parsec.facesim	1000	36	0.900000	0.990000	0.961000	1001417034	454	1124290	53261628	466945734	266390958	15320911
1496403591620688761	parsec.facesim	1000	36	0.900000	0.981000	0.952000	814720792	412	693911	46454231	365648347	206370452	10563911
1496403592130229020	parsec.facesim	1000	35	0.900000	0.843000	0.818000	635801016	1519	785396	99978044	282340045	181731348	6234081
1496403592639903946	parsec.facesim	1000	35	0.900000	0.632000	0.611000	506596739	925	767919	65282301	137917031	103536718	7106604
1496403593149833789	parsec.freqmine	1000	35	0.900000	0.481000	0.465000	365880812	18661	1502128	39190437	84615808	86510495	7450559
1496403593659927048	parsec.freqmine	1000	35	0.900000	0.476000	0.462000	554604863	54290	3623492	49603868	126579197	153123465	10509115
1496403594170193806	parsec.freqmine	1000	35	0.900000	0.537000	0.519000	553491776	53613	3590228	51390847	128926407	154052594	10379828
1496403594680291315	parsec.freqmine	1000	34	0.900000	0.538000	0.520000	553198988	53077	3574293	52815153	130679943	154784385	10311256
1496403595190294449	parsec.freqmine	1000	34	0.900000	0.540000	0.522000	552043477	52505	3548918	54692359	132938487	155447731	10187980
1496403595699743667	parsec.freqmine	1000	34	0.900000	0.551000	0.533000	552936845	28833	2021640	42216118	97364677	98014169	5934027
1496403596208959011	parsec.freqmine	1000	34	0.900000	0.451000	0.436000	502484389	1481	481725	28691408	55989097	35702196	748771
1496403596718220562	parsec.freqmine	1000	34	0.900000	0.433000	0.419000	502317311	1473	441017	28639671	55876845	35004315	754704
1496403597227489947	parsec.freqmine	1000	34	0.900000	0.433000	0.419000	502287449	1578	477442	28661159	56068385	35712146	795204
1496403597736732416	parsec.freqmine	1000	33	0.900000	0.434000	0.420000	502472520	1471	451838	28635925	55885002	35173570	784516
1496403598246055051	parsec.freqmine	1000	33	0.900000	0.433000	0.419000	502423165	1469	402412	28604554	55812257	34371382	785976
1496403598755284019	parsec.freqmine	1000	33	0.900000	0.434000	0.420000	502182359	1467	456049	28618215	55850422	35256259	785715
1496403599264474154	parsec.freqmine	1000	33	0.900000	0.434000	0.420000	502408760	1473	476819	28651656	55921605	35640166	785152
1496403599773813872	parsec.freqmine	1000	33	0.900000	0.434000	0.420000	502592272	1473	491115	28662807	55947787	35871460	787549
1496403600283022049	parsec.freqmine	1000	33	0.900000	0.434000	0.420000	502220064	1470	430965	28620023	55843936	34847418	780267
1496403600792290726	parsec.freqmine	1000	33	0.900000	0.433000	0.419000	502117049	1471	470735	28634251	55884445	35511472	787414
1496403601301577902	parsec.freqmine	1000	33	0.900000	0.434000	0.420000	502388649	1477	456326	28635244	55901732	35275586	786409
1496403601810953620	parsec.freqmine	1000	33	0.900000	0.433000	0.419000	502304712	1474	443617	28631354	55876624	35057641	786394
1496403602320273089	parsec.freqmine	1000	33	0.900000	0.434000	0.420000	502428364	1473	461047	28649322	55902187	35354585	790157
1496403602829550599	parsec.freqmine	1000	33	0.900000	0.434000	0.420000	502545903	1480	447773	28645584	55927929	35156704	782561
1496403603338815692	parsec.freqmine	1000	33	0.900000	0.434000	0.420000	502172215	1458	472989	28626186	55866993	35520487	786388
1496403603848107160	parsec.freqmine	1000	33	0.900000	0.433000	0.419000	502043050	1461	409976	28598699	55803015	34472629	780314
1496403604357375045	parsec.freqmine	1000	33	0.900000	0.432000	0.418000	502311884	1470	455543	28633910	55893198	35256337	791142
1496403604866702722	parsec.freqmine	1000	33	0.900000	0.433000	0.419000	501995329	1462	446040	28617757	55841142	35075631	783107
1496403605375927190	parsec.freqmine	1000	33	0.900000	0.433000	0.419000	502026529	1463	414861	28607484	55817128	34564543	785899
1496403605885206950	parsec.freqmine	1000	33	0.900000	0.434000	0.420000	681889975	3887	2180271	40370663	128228083	140831961	3349193
1496403606394480377	parsec.freqmine	1000	33	0.900000	0.434000	0.420000	999374715	3740	4335910	52462321	244938795	309374608	6958371
1496403606903783512	parsec.freqmine	1000	34	0.900000	0.992000	0.963000	976591597	18509	3287440	108086657	199641105	150074402	37437824
1496403607413700271	parsec.freqmine	1000	34	0.900000	0.995000	0.966000	946945738	29377	3857322	105483487	263947856	168005642	26890195
1496403607922974573	parsec.freqmine	1000	34	0.900000	0.789000	0.765000	1001414241	500	10704672	169636070	558287139	391752231	5871667
1496403608432185374	parsec.freqmine	1000	34	0.900000	0.951000	0.923000	1001409591	470	11449962	167176224	590611259	424861070	4751840
1496403608941430343	parsec.freqmine	1000	34	0.900000	1.041000	1.010000	1001410581	454	11756800	166922134	603861743	437669820	3626981
1496403609450556936	parsec.freqmine	1000	34	0.900000	1.040000	1.009000	1001523828	468	11108840	167490325	604726653	427964652	4773678
1496403609959888321	parsec.freqmine	1000	35	0.900000	1.037000	1.006000	1001411865	460	10845282	168713964	608590174	425734486	4513443
1496403610469006915	parsec.freqmine	1000	35	0.900000	1.040000	1.009000	1001404536	452	10534973	169883384	621075443	429877733	4368262
1496403610978228925	parsec.freqmine	1000	35	0.900000	1.049000	1.018000	1001404689	454	10796525	168667928	617887975	431038677	4433406
1496403611487388435	parsec.freqmine	1000	35	0.900000	1.051000	1.020000	1001395706	454	10807763	168502544	618418927	431138110	4245412
1496403611996600820	parsec.freqmine	1000	35	0.900000	1.048000	1.017000	1001405567	460	10990464	167870146	608520865	428479330	4926013
1496403612505770664	parsec.freqmine	1000	35	0.900000	1.053000	1.022000	1001405728	452	11226680	167673024	609066419	433147842	4747014
1496403613015083257	parsec.freqmine	1000	35	0.900000	1.050000	1.019000	1001675919	458	11207518	168783395	611424638	434196994	4193391
1496403613524210100	parsec.freqmine	1000	35	0.900000	1.047000	1.016000	1001399271	458	11466490	167368743	604272360	432352665	4219696
1496403614033348902	parsec.freqmine	1000	35	0.900000	1.051000	1.021000	1001471998	448	10891559	168211628	618474410	431315489	4151670
1496403614542559579	parsec.freqmine	1000	35	0.900000	1.050000	1.019000	1001403633	456	11068365	167518982	615954257	432727362	4069106
1496403615051936047	parsec.freqmine	1000	35	0.900000	1.050000	1.019000	1001405736	452	11867177	165967796	603769460	437321487	4027401
1496403615561118724	parsec.freqmine	1000	35	0.900000	1.042000	1.011000	1001404557	452	11592665	165565289	600449724	430421900	4385884
1496403616070263651	parsec.freqmine	1000	35	0.900000	1.044000	1.013000	1001399684	454	10817130	166703544	616849689	429130187	4790314
1496403616579404036	parsec.freqmine	1000	35	0.900000	1.053000	1.022000	1001845742	456	11405603	165301245	600947675	426798621	4593023
1496403617088586671	parsec.freqmine	1000	35	0.900000	1.039000	1.008000	1001418338	450	11006729	166302631	616478588	430124960	4175226
1496403617597760931	parsec.freqmine	1000	35	0.900000	1.048000	1.017000	1001400042	448	11577206	164778752	605880230	432149780	4143054
1496403618107089483	parsec.freqmine	1000	35	0.900000	1.043000	1.012000	1001411745	446	11462903	164623631	607928229	431317980	4307023
1496403618616328284	parsec.freqmine	1000	35	0.900000	1.044000	1.013000	1001390433	452	11512339	164554241	591034780	421028305	4542511
1496403619125511545	parsec.freqmine	1000	35	0.900000	1.030000	1.000000	1001410323	468	7948475	168521882	481585038	303000890	10035585
1496403619634772888	parsec.freqmine	1000	35	0.900000	0.883000	0.857000	998674809	632	8676077	159369405	442109138	310380126	10899353
1496403620144210064	parsec.freqmine	1000	35	0.900000	0.988000	0.959000	983389008	2261	11769290	144449124	383820506	340202069	11385728
1496403620653413783	parsec.freqmine	1000	35	0.900000	0.914000	0.887000	1001404779	2058	13351950	142860892	337139764	359848389	14370726
1496403621162688793	parsec.freqmine	1000	35	0.900000	0.943000	0.915000	1001407635	1948	13750277	144456604	340011960	375353584	14770157
1496403621672749010	parsec.streamcluster	1000	35	0.900000	0.934000	0.906000	503373215	16686	5635466	64146912	153362469	174042590	7584110
1496403622182929227	parsec.streamcluster	1000	35	0.900000	0.333000	0.325000	553693049	54438	3631785	49314358	125804186	152313529	10459258
1496403622693154944	parsec.streamcluster	1000	34	0.900000	0.536000	0.518000	553609814	53878	3612055	51350576	128636441	153744953	10381687
1496403623203261370	parsec.streamcluster	1000	34	0.900000	0.536000	0.518000	552764495	53343	3583888	52783701	130477372	154499169	10281973
1496403623713498128	parsec.streamcluster	1000	34	0.900000	0.538000	0.520000	552212500	52657	3569637	54665375	132878094	155403456	10204658
1496403624223060971	parsec.streamcluster	1000	34	0.900000	0.540000	0.522000	676062869	33476	2371338	59001926	233173416	180627989	17077902
1496403624732518564	parsec.streamcluster	1000	35	0.900000	1.038000	1.007000	1000749040	1011	1622691	43038415	375024646	249176548	43281291
1496403625241949366	parsec.streamcluster	1000	35	0.900000	1.072000	1.040000	1001445111	927	1619568	43465231	376602941	250322943	43389536
1496403625751522125	parsec.streamcluster	1000	35	0.900000	1.073000	1.042000	1001420612	909	1634539	43572496	376897677	250873210	43416483
1496403626260981052	parsec.streamcluster	1000	36	0.900000	1.074000	1.042000	1001562148	867	1632042	43496475	376657188	250650690	43382847
1496403626770401853	parsec.streamcluster	1000	36	0.900000	1.072000	1.040000	1001599962	937	1638012	43536697	376547833	250629146	43374457
1496403627279962654	parsec.streamcluster	1000	36	0.900000	1.073000	1.041000	1001431431	908	1629869	43465274	376561227	250557920	43371118
1496403627789402622	parsec.streamcluster	1000	36	0.900000	1.073000	1.041000	1001605614	877	1628801	43562469	376596765	250525461	43365871
1496403628298729424	parsec.streamcluster	1000	37	0.900000	1.074000	1.042000	1001582111	843	1532847	43125733	374986032	247223107	44487295
1496403628808216975	parsec.streamcluster	1000	37	0.900000	1.077000	1.045000	1001573575	869	1469432	42935217	373945368	245211696	45553508
1496403629317678735	parsec.streamcluster	1000	37	0.900000	1.075000	1.043000	1001575654	921	1439628	42862523	373851087	244511284	45402623
1496403629827308995	parsec.streamcluster	1000	37	0.900000	1.075000	1.043000	1001635961	925	1410334	42820603	373590617	243554104	44816298
1496403630336664755	parsec.streamcluster	1000	37	0.900000	1.074000	1.042000	1001564290	928	1390615	42737295	373972169	243414801	44747956
1496403630846285389	parsec.streamcluster	1000	37	0.900000	1.074000	1.042000	1001696753	910	1371851	42784139	373269718	242332049	44536698
1496403631355624316	parsec.streamcluster	1000	37	0.900000	1.072000	1.040000	1001543410	921	1347014	42623713	372679074	241475553	44041538
1496403631865234075	parsec.streamcluster	1000	37	0.900000	1.073000	1.041000	1001638331	951	1323749	42470772	372056451	240597587	43546730
1496403632374690377	parsec.streamcluster	1000	37	0.900000	1.068000	1.038000	1001687265	948	1325402	42452591	372229536	240730370	43592966
1496403632884199011	parsec.streamcluster	1000	37	0.900000	1.068000	1.037000	1001740440	936	1319440	42434572	372178667	240537371	43574982
1496403633393551813	parsec.streamcluster	1000	37	0.900000	1.069000	1.037000	1001576211	939	1320318	42426606	371777789	240299511	43525255
1496403633902993572	parsec.streamcluster	1000	37	0.900000	1.068000	1.037000	1001599750	922	1320928	42610806	371775558	240304172	43765128
1496403634412463999	parsec.streamcluster	1000	37	0.900000	1.068000	1.037000	1001590307	960	1305861	42309445	370758645	239298796	43720412
1496403634922019217	parsec.streamcluster	1000	37	0.900000	1.068000	1.037000	1001578891	952	1306416	42236457	371334950	239771341	43795919
1496403635431424143	parsec.streamcluster	1000	37	0.900000	1.068000	1.037000	1001607695	961	1306699	42309124	371288842	239713816	43790948
1496403635940763778	parsec.streamcluster	1000	37	0.900000	1.068000	1.037000	1000650229	968	1308763	42214473	370647012	239325000	43682544
1496403636450967912	splash2x.barnes	1000	37	0.900000	1.068000	1.037000	380615845	32056	2290476	36784660	97678373	106612768	7163729
1496403636961410837	splash2x.barnes	1000	36	0.900000	0.936000	0.909000	554011236	54105	3623666	50192155	127277811	153369138	10455478
1496403637471832429	splash2x.barnes	1000	36	0.900000	0.537000	0.520000	553801938	53638	3601541	51613578	129178324	154143266	10373332
1496403637982060687	splash2x.barnes	1000	35	0.900000	0.539000	0.521000	552956101	52928	3574751	53396343	131474188	155108634	10257707
1496403638492423154	splash2x.barnes	1000	35	0.900000	0.539000	0.521000	553461943	51983	3567967	54805898	132866407	155707522	10201896
1496403639002843579	splash2x.barnes	1000	35	0.900000	0.541000	0.523000	547398751	28258	1977785	48196832	136764207	144158525	8726397
1496403639512612589	splash2x.barnes	1000	35	0.900000	0.581000	0.562000	939259243	10127	3572717	63982833	196385142	173516180	20347350
1496403640021899640	splash2x.barnes	1000	35	0.900000	0.833000	0.808000	1001562132	452	2311049	60519041	352267827	247336254	15043935
1496403640531122067	splash2x.barnes	1000	35	0.900000	1.001000	0.971000	1001541495	458	2211257	60482512	352336715	246327170	16443260
1496403641040405702	splash2x.barnes	1000	35	0.900000	1.005000	0.975000	1001564859	454	2187090	60482298	352689232	246285831	16535904
1496403641549578212	splash2x.barnes	1000	35	0.900000	1.006000	0.976000	1001558970	458	2203159	60549309	353038992	246653119	16076630
1496403642058895555	splash2x.barnes	1000	35	0.900000	1.005000	0.975000	1001697441	456	2167299	60613965	353153232	246305606	16329321
1496403642568124857	splash2x.barnes	1000	35	0.900000	1.005000	0.975000	1001569230	464	2177302	60487895	352704055	246091416	16589993
1496403643077471367	splash2x.barnes	1000	35	0.900000	1.005000	0.975000	1001565333	454	2156417	60507349	352752776	245910611	16853826
1496403643586832168	splash2x.barnes	1000	35	0.900000	1.007000	0.977000	1001570547	458	2156672	60477238	352432159	245536334	16749574
1496403644096516803	splash2x.barnes	1000	35	0.900000	1.006000	0.976000	1001568447	454	2140634	60482914	352423793	245138191	16678098
1496403644605756521	splash2x.barnes	1000	36	0.900000	1.005000	0.975000	1001697249	456	2257217	60454163	351698951	246205016	15910370
1496403645115176156	splash2x.barnes	1000	35	0.900000	1.002000	0.972000	1001427645	454	2304094	60451045	351968395	246986542	14973773
1496403645624332583	splash2x.barnes	1000	35	0.900000	1.001000	0.971000	1001423709	460	2311601	60446451	352014165	246970926	14857758
1496403646133551218	splash2x.barnes	1000	35	0.900000	1.002000	0.972000	1001433999	454	2391862	60427994	351908592	247976749	14182239
1496403646642750853	splash2x.barnes	1000	35	0.900000	0.998000	0.969000	828865658	2598	1879061	64691505	234852804	172561368	10696960
1496403647152036405	splash2x.barnes	1000	35	0.900000	0.712000	0.690000	979672515	1016	2316390	60133318	315098103	225613573	16014702
1496403647661449414	splash2x.barnes	1000	35	0.900000	0.999000	0.970000	1001654565	458	2285425	60564359	352938898	247686293	15457044
1496403648170634258	splash2x.barnes	1000	35	0.900000	1.003000	0.973000	1001570010	454	2172163	60341273	352121304	245802702	16923720
1496403648679996268	splash2x.barnes	1000	35	0.900000	1.006000	0.976000	1001692536	464	2216447	60445576	352352931	246795865	16657203
1496403649189184320	splash2x.barnes	1000	35	0.900000	1.006000	0.976000	1001562192	452	2170458	60405045	352301309	246046835	16990753
1496403649698489913	splash2x.barnes	1000	35	0.900000	1.007000	0.977000	1001555154	456	2161896	60382257	352146870	245784276	16833366
1496403650207838631	splash2x.barnes	1000	35	0.900000	1.007000	0.977000	1001565825	452	2175747	60359965	352050354	245682704	16765671
1496403650717338349	splash2x.barnes	1000	36	0.900000	1.008000	0.978000	1001541594	464	2172723	60389740	351980935	245521507	16882543
1496403651226847067	splash2x.barnes	1000	35	0.900000	1.007000	0.977000	1001557227	454	2165740	60435272	352356944	245595608	16630081
1496403651736131910	splash2x.barnes	1000	35	0.900000	1.005000	0.975000	1001552283	462	2167461	60425704	352184732	245405601	16439400
1496403652245331546	splash2x.barnes	1000	35	0.900000	1.004000	0.974000	1001570946	454	2297634	60548810	352705880	247449532	14984037
1496403652754693972	splash2x.barnes	1000	35	0.900000	1.003000	0.973000	1001611989	458	2379187	60629030	353015367	248553449	14235869
1496403653263991149	splash2x.barnes	1000	36	0.900000	1.003000	0.973000	1001550477	456	2371169	60542784	352774422	248181036	14221569
1496403653773221075	splash2x.barnes	1000	35	0.900000	1.002000	0.972000	837246275	392	1910528	49355564	284707131	201066148	12109453
1496403654282480960	splash2x.barnes	1000	35	0.900000	0.635000	0.615000	875404469	2796	2066125	69355727	231630518	173912227	12729202
1496403654791802762	splash2x.barnes	1000	35	0.900000	0.999000	0.970000	1001439159	468	2282327	60608690	353277368	247592423	14874216
1496403655301169939	splash2x.barnes	1000	36	0.900000	1.003000	0.973000	1001538432	458	2208880	60481908	352660156	246413405	16057815
1496403655810465198	splash2x.barnes	1000	36	0.900000	1.005000	0.975000	1001431107	462	2192946	60418748	352447566	246175176	16454579
1496403656319787458	splash2x.barnes	1000	35	0.900000	1.005000	0.975000	1001428716	458	2181868	60404946	352486786	246043866	16523191
1496403656829069718	splash2x.barnes	1000	35	0.900000	1.006000	0.976000	1001438289	462	2170150	60513235	352874424	246124497	16501234
1496403657338242395	splash2x.barnes	1000	36	0.900000	1.006000	0.976000	1001436534	456	2166913	60434612	352583359	245897767	16397009
1496403657847696530	splash2x.barnes	1000	35	0.900000	1.005000	0.975000	1001416542	458	2156772	60415841	352331052	245605078	16755192
1496403658356983165	splash2x.barnes	1000	35	0.900000	1.005000	0.975000	1001418708	450	2148298	60512667	352700837	245523463	16365951
1496403658866355425	splash2x.barnes	1000	35	0.900000	1.006000	0.976000	1001540052	464	2121497	60423507	352324302	244916868	16673282
1496403659375604226	splash2x.barnes	1000	36	0.900000	1.007000	0.977000	1001417871	444	2274826	60571074	352735428	246970852	14937993
1496403659884863528	splash2x.barnes	1000	35	0.900000	1.000000	0.971000	1001469828	448	2335192	60711291	353497824	248271419	13841106
1496403660394095705	splash2x.barnes	1000	35	0.900000	0.998000	0.969000	1001413959	446	2301380	60621450	353346171	247648581	14223252
1496403660903471381	splash2x.barnes	1000	35	0.900000	0.997000	0.968000	743946929	2484	1632161	61408850	200806080	148791322	9064041
1496403661412852391	splash2x.barnes	1000	35	0.900000	0.820000	0.795000	977434608	820	2318760	57963184	319222363	227763404	16086875
1496403661922330526	splash2x.barnes	1000	35	0.900000	0.915000	0.888000	1001945202	456	2293102	60672635	353416041	247785301	15188376
1496403662431586744	splash2x.barnes	1000	35	0.900000	1.002000	0.972000	1001408007	460	2180257	60438249	352533064	245813126	16664044
1496403662940730963	splash2x.barnes	1000	35	0.900000	1.006000	0.976000	1001472858	454	2214005	60508980	352933317	246762819	16289838
1496403663450019139	splash2x.barnes	1000	35	0.900000	1.006000	0.976000	1001627136	460	2186738	60509193	352877764	246249431	16633480
1496403663959221566	splash2x.barnes	1000	35	0.900000	1.008000	0.978000	1001465724	452	2171905	60497703	352926704	245954522	16567377
1496403664468436201	splash2x.barnes	1000	35	0.900000	1.008000	0.978000	1001469762	456	2187421	60491376	352897330	246220857	16543929
1496403664977645878	splash2x.barnes	1000	35	0.900000	1.008000	0.978000	1001755338	458	2173251	60525814	352913892	245995275	16428663
1496403665486939013	splash2x.barnes	1000	35	0.900000	1.006000	0.976000	1001432241	458	2167852	60536745	352972369	245776806	16337845
1496403665996717147	splash2x.barnes	1000	35	0.900000	1.006000	0.977000	1001452848	458	2170095	60537546	352721829	245528701	16309302
1496403666505824574	splash2x.barnes	1000	35	0.900000	1.005000	0.975000	1001459160	460	2303604	60591919	352878042	247415868	14387604
1496403667015100167	splash2x.barnes	1000	35	0.900000	1.001000	0.971000	1001436945	454	2384665	60750833	353604326	248676364	13425482
1496403667524340844	splash2x.barnes	1000	35	0.900000	0.999000	0.970000	1001452635	458	2357870	60666928	353422852	248409735	13546371
1496403668033474479	splash2x.barnes	1000	36	0.900000	1.002000	0.972000	819074598	384	1847664	48258024	278344200	196289449	11590373
1496403668543022656	splash2x.barnes	1000	35	0.900000	1.000000	0.971000	374797549	24197	1824708	34081160	89541580	94400823	6554101
1496403669053293498	splash2x.fmm	1000	35	0.900000	0.366000	0.357000	553860608	54033	3629326	50016573	127047081	153282949	10458859
1496403669563582173	splash2x.fmm	1000	34	0.900000	0.535000	0.517000	552981957	53887	3587479	51276086	128501321	153426384	10348328
1496403670073805223	splash2x.fmm	1000	34	0.900000	0.535000	0.517000	552379028	53338	3571356	53040605	130763872	154282685	10230613
1496403670583924274	splash2x.fmm	1000	34	0.900000	0.538000	0.521000	551679758	52749	3559413	54705162	132852444	155139267	10131568
1496403671094283949	splash2x.fmm	1000	34	0.900000	0.539000	0.522000	547755729	26601	1833488	41165774	102809400	107002217	6494571
1496403671603651459	splash2x.fmm	1000	34	0.900000	0.496000	0.480000	502776776	10805	610915	31435711	82191239	72116598	4478130
1496403672113760718	splash2x.fmm	1000	34	0.900000	0.503000	0.486000	886334892	103667	2535750	63586527	204318834	206412206	15837998
1496403672623714977	splash2x.fmm	1000	34	0.900000	0.654000	0.633000	507068026	31226	3744426	41100597	100872047	144471065	14697155
1496403673133079153	splash2x.fmm	1000	34	0.900000	0.544000	0.526000	797687102	424	2155731	42150829	154972964	176010406	7272932
1496403673642325538	splash2x.fmm	1000	34	0.900000	0.715000	0.693000	1001391501	460	561632	35781450	186503730	216524814	5474697
1496403674151630090	splash2x.fmm	1000	35	0.900000	0.888000	0.862000	1001408760	454	555426	37131586	192284483	223513638	5449249
1496403674660777017	splash2x.fmm	1000	35	0.900000	0.905000	0.878000	1001612376	462	541980	38552753	198251109	230360508	5490776
1496403675170038318	splash2x.fmm	1000	35	0.900000	0.932000	0.904000	1001411982	454	552451	37903282	195473277	227393595	5506238
1496403675679178662	splash2x.fmm	1000	35	0.900000	0.911000	0.884000	1001418630	458	540673	39360621	202046589	235248273	5345138
1496403676188400213	splash2x.fmm	1000	35	0.900000	0.971000	0.942000	988154877	457	465809	61551544	270092753	316347827	5699512
1496403676697665098	splash2x.fmm	1000	35	0.900000	1.027000	0.997000	995175332	805	3519504	61242013	173561710	205975978	14171342
1496403677206843150	splash2x.fmm	1000	35	0.900000	0.821000	0.797000	1001409567	454	555372	35451985	185164763	214916203	5422362
1496403677716080202	splash2x.fmm	1000	35	0.900000	0.885000	0.858000	1001387343	458	541877	37543922	194039643	225349993	5389238
1496403678225260504	splash2x.fmm	1000	35	0.900000	0.925000	0.898000	1001421318	462	542167	37926032	195602466	227297277	5446194
1496403678734478514	splash2x.fmm	1000	35	0.900000	0.917000	0.890000	1001441838	460	552144	38525885	198121605	230441927	5441273
1496403679243833190	splash2x.fmm	1000	35	0.900000	0.911000	0.884000	1001407218	454	546200	37371243	193296977	224620461	5427087
1496403679753041242	splash2x.fmm	1000	35	0.900000	0.916000	0.889000	1001418522	456	460766	57185426	279529972	329298420	5106790
1496403680262348752	splash2x.fmm	1000	35	0.900000	0.985000	0.956000	997607913	586	3356596	68516266	173339994	211170655	14222895
1496403680771983053	splash2x.fmm	1000	35	0.900000	0.805000	0.780000	1001577588	487	646604	35934728	192418982	216261930	5850526
1496403681281264063	splash2x.fmm	1000	35	0.900000	0.891000	0.865000	1001396655	454	558841	36290802	188761564	219369346	5382226
1496403681790499282	splash2x.fmm	1000	35	0.900000	0.902000	0.875000	1001409909	462	541429	37547971	193971495	225356168	5448849
1496403682299690958	splash2x.fmm	1000	35	0.900000	0.905000	0.878000	1001414433	454	538120	37906576	195623520	227019053	5386431
1496403682809128801	splash2x.fmm	1000	35	0.900000	0.907000	0.880000	1001581668	456	551447	37081326	192097046	223201518	5393392
1496403683318310645	splash2x.fmm	1000	35	0.900000	0.902000	0.875000	1001567379	446	477027	52902487	260979984	306809070	5213350
1496403683827691780	splash2x.fmm	1000	35	0.900000	1.017000	0.987000	999106984	525	3305221	72374769	182841816	234257719	13572732
1496403684336919998	splash2x.fmm	1000	35	0.900000	0.887000	0.861000	1001577306	503	722166	36516920	202032431	216844434	6606941
1496403684846176216	splash2x.fmm	1000	35	0.900000	0.889000	0.863000	1001556930	458	552056	36384289	189160361	219544296	5371287
1496403685355266185	splash2x.fmm	1000	35	0.900000	0.899000	0.872000	1001835540	456	555619	37481751	193728668	225333093	5475796
1496403685864473487	splash2x.fmm	1000	35	0.900000	0.920000	0.893000	1001548863	458	549984	38631035	198702726	230695258	5385795
1496403686373728622	splash2x.fmm	1000	35	0.900000	0.916000	0.889000	1001532378	458	551128	37243425	192748558	224105418	5388196
1496403686882899090	splash2x.fmm	1000	35	0.900000	0.903000	0.876000	1001546544	460	501046	49222502	244892467	287317231	5260775
1496403687392426017	splash2x.fmm	1000	35	0.900000	1.029000	0.999000	988777078	491	1622610	62658091	200432783	242215044	11753504
1496403687901998109	splash2x.fmm	1000	35	0.900000	0.875000	0.849000	1001513615	523	2368678	49621470	198758108	226136938	8276058
1496403688411350619	splash2x.fmm	1000	35	0.900000	0.895000	0.869000	1001726019	458	570924	36146089	188126681	218612638	5380327
1496403688920505921	splash2x.fmm	1000	35	0.900000	0.898000	0.871000	1001522682	456	548878	37324471	193068950	224442988	5404323
1496403689429744556	splash2x.fmm	1000	35	0.900000	0.910000	0.883000	1001515575	452	545411	38358542	197631335	229310069	5361612
1496403689938986775	splash2x.fmm	1000	35	0.900000	0.917000	0.890000	1001515449	458	552101	36943311	191442307	222588857	5416906
1496403690448160285	splash2x.fmm	1000	35	0.900000	0.905000	0.878000	1001229156	485	474760	60659862	228897187	264371844	8433622
1496403690957599211	splash2x.fmm	1000	35	0.900000	1.032000	1.002000	370143060	15612	1353065	38518511	93115917	95606637	4641343
1496403691467912386	splash2x.radiosity	1000	35	0.900000	0.532000	0.516000	554495143	54667	3641100	49518584	126358521	152991475	10463881
1496403691978066062	splash2x.radiosity	1000	34	0.900000	0.534000	0.516000	553855511	54064	3596681	51357933	128926211	154046871	10363473
1496403692488270404	splash2x.radiosity	1000	34	0.900000	0.537000	0.519000	552828691	53313	3581079	52704899	130492821	154528403	10275999
1496403692998472829	splash2x.radiosity	1000	34	0.900000	0.538000	0.521000	552291098	52759	3573607	54791384	133123653	155738879	10155994
1496403693508685338	splash2x.radiosity	1000	34	0.900000	0.541000	0.523000	560532850	60246	2671022	49840714	139744675	146050649	9890467
1496403694018592097	splash2x.radiosity	1000	34	0.900000	0.547000	0.529000	511126503	57909	1411814	44459273	137252988	127251663	10804067
1496403694528486856	splash2x.radiosity	1000	34	0.900000	0.547000	0.530000	512637515	64970	1456818	44396979	141852337	129042677	8314769
1496403695038452657	splash2x.radiosity	1000	34	0.900000	0.521000	0.504000	508667620	77158	1345992	47192113	152032915	128310914	9021753
1496403695548343333	splash2x.radiosity	1000	34	0.900000	0.523000	0.506000	505664875	60167	945329	35399783	121271945	91511064	15253870
1496403696058543216	splash2x.radiosity	1000	34	0.900000	0.526000	0.509000	608440763	31471	629009	31888093	129441032	88927788	18467428
1496403696567797351	splash2x.radiosity	1000	34	0.900000	0.491000	0.475000	1001308726	878	8216610	182619507	369986461	467255089	6027258
1496403697076859195	splash2x.radiosity	1000	34	0.900000	0.921000	0.894000	1001405678	495	9420862	186901793	358887154	483061371	10127000
1496403697585967247	splash2x.radiosity	1000	35	0.900000	1.081000	1.049000	1001508803	517	9317273	186684086	357883036	480957974	9854721
1496403698094965799	splash2x.radiosity	1000	35	0.900000	1.082000	1.051000	1001399098	495	8978425	186282984	369142912	482267567	7484473
1496403698603995851	splash2x.radiosity	1000	35	0.900000	1.080000	1.048000	1001398654	541	7230708	179838266	378085215	456705195	4493208
1496403699113016986	splash2x.radiosity	1000	35	0.900000	1.064000	1.033000	1001409515	567	7515475	176476337	379095527	455781373	4132608
1496403699622106830	splash2x.radiosity	1000	35	0.900000	1.062000	1.032000	1001407025	585	8724782	177946665	375172155	462960637	5565901
1496403700131281298	splash2x.radiosity	1000	35	0.900000	1.070000	1.038000	1001399414	588	8924469	175906466	371518972	460635018	6628979
1496403700640294184	splash2x.radiosity	1000	35	0.900000	1.063000	1.033000	1001406379	620	8354018	175314253	379505474	456307739	5259786
1496403701149454527	splash2x.radiosity	1000	35	0.900000	1.061000	1.030000	1001533514	578	7490873	175683218	384464758	450161563	4693850
1496403701658464079	splash2x.radiosity	1000	35	0.900000	1.066000	1.036000	1001607049	592	7694165	178176991	381835477	453399523	5105953
1496403702167607089	splash2x.radiosity	1000	35	0.900000	1.063000	1.032000	1001321990	538	7927903	181394958	372584344	458990166	5840372
1496403702676827683	splash2x.radiosity	1000	35	0.900000	1.060000	1.029000	1001318449	584	7289611	177346709	380757149	447898456	4774555
1496403703185824110	splash2x.radiosity	1000	35	0.900000	1.063000	1.033000	1001321910	600	7809374	174553565	376783557	447596599	4360197
1496403703694990870	splash2x.radiosity	1000	35	0.900000	1.048000	1.017000	1001308791	680	7670174	173414467	377264951	446514297	3521657
1496403704204055130	splash2x.radiosity	1000	35	0.900000	1.047000	1.016000	1001328365	694	6729628	163377948	380454191	420247798	4902514
1496403704713104474	splash2x.radiosity	1000	35	0.900000	1.037000	1.006000	1001435800	706	7946722	165399880	375960400	434083393	5566663
1496403705222244151	splash2x.radiosity	1000	35	0.900000	1.052000	1.022000	1001316854	605	8896688	169380443	369898396	451804742	7120305
1496403705731370828	splash2x.radiosity	1000	35	0.900000	1.055000	1.024000	1001317669	784	7916001	167109606	378709379	434368319	4600856
1496403706240457338	splash2x.radiosity	1000	35	0.900000	1.046000	1.015000	1001319192	774	7740915	166335126	385084617	435041441	5351912
1496403706749645598	splash2x.radiosity	1000	35	0.900000	1.061000	1.030000	1001316658	709	8005702	165980678	380967651	434283926	4842529
1496403707258647358	splash2x.radiosity	1000	35	0.900000	1.052000	1.021000	1001317626	659	7741487	172204127	384895252	443501023	5064686
1496403707767738660	splash2x.radiosity	1000	35	0.900000	1.063000	1.032000	1001310389	640	7190836	176436514	388488753	443764655	4614349
1496403708276892712	splash2x.radiosity	1000	35	0.900000	1.051000	1.020000	1001327033	638	7661062	175945971	379877307	447517543	3967419
1496403708786037931	splash2x.radiosity	1000	35	0.900000	1.044000	1.013000	1001415514	721	7656324	168324745	378585431	434973277	4909530
1496403709295014524	splash2x.radiosity	1000	35	0.900000	1.053000	1.022000	1001309012	780	7806319	173026379	376006805	440855914	4192392
1496403709804127701	splash2x.radiosity	1000	35	0.900000	1.044000	1.013000	1001308763	800	6778699	163981485	376288353	418127629	4233548
1496403710313090420	splash2x.radiosity	1000	35	0.900000	1.033000	1.003000	1001313138	672	6882698	172588361	384986653	431720932	3442882
1496403710822231888	splash2x.radiosity	1000	36	0.900000	1.045000	1.015000	1001182464	765	6980615	156885179	397998254	422507635	3119010
1496403711331350357	splash2x.radiosity	1000	35	0.900000	1.034000	1.004000	1001469799	733	7550400	151395477	394420186	423092196	5533907
1496403711840448242	splash2x.radiosity	1000	35	0.900000	1.047000	1.016000	1001319301	687	7100605	159518492	394621026	425466985	4671630
1496403712349501711	splash2x.radiosity	1000	35	0.900000	1.053000	1.022000	1001324843	632	7250904	164308611	395934429	430767159	3513870
1496403712858494013	splash2x.radiosity	1000	35	0.900000	1.053000	1.022000	1001318870	712	7207763	164268730	397281693	430738954	3341170
1496403713367595356	splash2x.radiosity	1000	35	0.900000	1.038000	1.007000	1001322632	690	6966046	160214260	395583244	421596352	3115994
1496403713876783908	splash2x.radiosity	1000	36	0.900000	1.049000	1.019000	1001319230	766	7564570	165065601	388609250	433459012	2910703
1496403714385814627	splash2x.radiosity	1000	35	0.900000	1.031000	1.001000	1001301089	822	7156212	162237056	388874205	425820948	2968874
1496403714895016304	splash2x.radiosity	1000	35	0.900000	1.048000	1.017000	1001312422	794	7630445	164883776	386009706	430782625	3905030
1496403715404024231	splash2x.radiosity	1000	35	0.900000	1.050000	1.019000	1001309142	708	8028746	166088461	384533385	439042396	5573162
1496403715913156574	splash2x.radiosity	1000	36	0.900000	1.056000	1.025000	1001306753	748	8121773	167790642	383960679	440070287	5766023
1496403716422269668	splash2x.radiosity	1000	35	0.900000	1.054000	1.023000	1001416962	764	7394268	170603175	384990861	433544177	4336265
1496403716931391219	splash2x.radiosity	1000	35	0.900000	1.038000	1.007000	1001284170	664	8055913	177465345	371958994	446476447	3276601
1496403717440729229	splash2x.radiosity	1000	35	0.900000	1.035000	1.004000	1001286818	943	7201330	167849550	375704398	425731388	3631808
1496403717949782656	splash2x.radiosity	1000	35	0.900000	1.030000	1.000000	1001303964	1074	5727604	162309887	389738913	404816236	2912630
1496403718458920667	splash2x.radiosity	1000	35	0.900000	1.027000	0.997000	1001362670	850	7863063	159739066	378410353	425156293	5137124
1496403718968079260	splash2x.radiosity	1000	35	0.900000	1.045000	1.014000	1001451462	951	7809849	155787477	380764844	421348203	5048132
1496403719477147604	splash2x.radiosity	1000	35	0.900000	1.033000	1.003000	1001439066	1002	7484860	156226252	371512713	414325035	5791801
1496403719986284405	splash2x.radiosity	1000	36	0.900000	1.022000	0.992000	1001589252	1166	5868760	154579927	380920052	394146592	5025536
1496403720495438916	splash2x.radiosity	1000	36	0.900000	1.032000	1.002000	1001462070	977	7098121	145680537	356295559	388082477	7966794
1496403721004585092	splash2x.radiosity	1000	35	0.900000	1.019000	0.989000	1001055246	1079	6258111	134696838	335021828	353536475	10700027
1496403721513741478	splash2x.radiosity	1000	35	0.900000	1.009000	0.979000	1000947964	986	3296761	83540991	246025513	207713504	20986742
1496403722022912613	splash2x.radiosity	1000	35	0.900000	0.908000	0.881000	676446870	1090	1500026	107902409	152138626	72699523	16922954
1496403722532031456	splash2x.radiosity	1000	35	0.900000	0.624000	0.605000	502405430	268	1281799	137507496	137255555	38042601	14141476
1496403723041293633	splash2x.radiosity	1000	34	0.900000	0.470000	0.454000	502069501	262	1100308	127082990	126968853	32934809	17768673
1496403723550306477	splash2x.radiosity	1000	34	0.900000	0.469000	0.453000	502564269	281	1189198	114132855	136426251	64850142	10183184
1496403724059545195	splash2x.radiosity	1000	34	0.900000	0.488000	0.472000	360470293	10750	1165576	40860078	100215145	100538687	3427058
1496403724569850495	splash2x.raytrace	1000	34	0.900000	0.528000	0.511000	554367943	54476	3644912	49152461	125852909	152751262	10517443
1496403725080030796	splash2x.raytrace	1000	34	0.900000	0.534000	0.517000	553458012	53828	3614237	51348324	128864085	154090448	10377093
1496403725590165513	splash2x.raytrace	1000	34	0.900000	0.535000	0.518000	552823525	53457	3582743	52560985	130374357	154489356	10325207
1496403726100498063	splash2x.raytrace	1000	34	0.900000	0.538000	0.521000	552370817	52764	3576695	54285578	132516616	155452692	10224621
1496403726610685863	splash2x.raytrace	1000	34	0.900000	0.540000	0.522000	561116861	36439	3458868	72297290	150271347	172382023	8734552
1496403727120071498	splash2x.raytrace	1000	34	0.900000	0.540000	0.522000	945127239	1549	762253	96337716	268774843	209366010	80992939
1496403727629262092	splash2x.raytrace	1000	34	0.900000	0.859000	0.834000	1001333179	561	567800	97589147	283987463	218669895	92503171
1496403728138516268	splash2x.raytrace	1000	34	0.900000	1.101000	1.070000	1001343861	519	535066	97480406	284130178	218567928	92902969
1496403728647717028	splash2x.raytrace	1000	35	0.900000	1.105000	1.074000	1001319100	530	482361	96960699	285828057	218467716	90369647
1496403729156981997	splash2x.raytrace	1000	35	0.900000	1.099000	1.067000	1001323505	528	410637	96456834	285864731	219022367	92947481
1496403729666379882	splash2x.raytrace	1000	35	0.900000	1.102000	1.070000	1001318232	545	506699	94347463	284981285	219429086	93119998
1496403730175602267	splash2x.raytrace	1000	35	0.900000	1.101000	1.070000	1001737452	559	597511	93792702	286536169	221448849	93692853
1496403730684929818	splash2x.raytrace	1000	35	0.900000	1.104000	1.073000	1001417401	542	481863	95058224	285632859	220036094	93845746
1496403731194218828	splash2x.raytrace	1000	35	0.900000	1.104000	1.073000	1001429747	561	436115	95321308	284751866	219112809	93955534
1496403731703472047	splash2x.raytrace	1000	35	0.900000	1.105000	1.072000	1001428132	619	426171	95299933	286801932	220317236	92653919
1496403732212708223	splash2x.raytrace	1000	35	0.900000	1.104000	1.071000	1001423614	572	447659	96029625	287042917	220695927	93199703
1496403732722176483	splash2x.raytrace	1000	35	0.900000	1.104000	1.071000	1001421462	537	458676	96594370	285973740	219680878	92933290
1496403733231516868	splash2x.raytrace	1000	35	0.900000	1.103000	1.071000	1001427900	583	510891	95316244	285620786	220125118	93619583
1496403733740771711	splash2x.raytrace	1000	35	0.900000	1.101000	1.069000	1001578847	552	540147	94946819	286277711	220990442	94534102
1496403734250188263	splash2x.raytrace	1000	35	0.900000	1.106000	1.073000	1001421518	534	483551	96872324	286020669	220503586	94757044
1496403734759524564	splash2x.raytrace	1000	35	0.900000	1.106000	1.073000	1001406846	573	489296	96147965	285398400	219972959	94238976
1496403735268821116	splash2x.raytrace	1000	35	0.900000	1.108000	1.075000	1001415579	521	498020	96883776	288481938	222209239	95315960
1496403735778034834	splash2x.raytrace	1000	35	0.900000	1.108000	1.075000	1001416455	581	486031	95475005	286240876	220014044	94764561
1496403736287299011	splash2x.raytrace	1000	35	0.900000	1.106000	1.073000	1001414841	603	481987	95275373	286698072	220536549	94770032
1496403736796695812	splash2x.raytrace	1000	35	0.900000	1.108000	1.075000	1001421978	575	491836	94775170	287794446	221360185	94479498
1496403737305815739	splash2x.raytrace	1000	35	0.900000	1.106000	1.075000	1001551899	565	457156	96528453	288705258	222132841	93341567
1496403737815251957	splash2x.raytrace	1000	36	0.900000	1.108000	1.076000	1001408977	529	438171	95209354	286225282	219506766	94858034
1496403738324496634	splash2x.raytrace	1000	35	0.900000	1.105000	1.074000	1001415390	521	422837	94526674	285627557	218775323	95055854
1496403738833716228	splash2x.raytrace	1000	36	0.900000	1.103000	1.071000	1001413250	505	412132	94514347	287095127	219626211	95568350
1496403739343152529	splash2x.raytrace	1000	35	0.900000	1.106000	1.075000	1001406365	500	438958	94200508	288071667	220433866	96021416
1496403739852512414	splash2x.raytrace	1000	36	0.900000	1.108000	1.076000	1001567452	538	481615	94761917	289282253	221906397	96167572
1496403740361888049	splash2x.raytrace	1000	36	0.900000	1.110000	1.078000	1001424210	529	567589	94946863	289183926	222935722	96035525
1496403740871284600	splash2x.raytrace	1000	35	0.900000	1.111000	1.079000	1001529159	542	580777	94446635	288979939	222664574	96071130
1496403741380510319	splash2x.raytrace	1000	36	0.900000	1.110000	1.078000	1001408694	542	531841	93838652	289996198	222364394	96535370
1496403741889936078	splash2x.raytrace	1000	36	0.900000	1.111000	1.079000	1001413088	570	539630	94214924	287785420	221855016	94515941
1496403742399144505	splash2x.raytrace	1000	35	0.900000	1.105000	1.074000	1001412961	560	535672	94177110	287269320	222053899	94991177
1496403742908449682	splash2x.raytrace	1000	36	0.900000	1.104000	1.073000	1001414682	526	445098	94738707	285544348	220050405	93990869
1496403743417725025	splash2x.raytrace	1000	36	0.900000	1.104000	1.073000	1001410207	553	328154	95400849	285455301	219344847	94122761
1496403743927023077	splash2x.raytrace	1000	36	0.900000	1.109000	1.077000	1001407770	514	469023	94938528	288408000	221784595	95830656
1496403744436245420	splash2x.raytrace	1000	36	0.900000	1.110000	1.078000	1001498424	494	457658	94959028	289078186	222237096	95939822
1496403744945415513	splash2x.raytrace	1000	36	0.900000	1.106000	1.075000	1001399925	541	435145	93837669	287531704	220941757	95313061
1496403745454750065	splash2x.raytrace	1000	36	0.900000	1.110000	1.078000	1001403059	525	564902	94187292	289823172	222412186	96188754
1496403745964322450	splash2x.raytrace	1000	36	0.900000	1.113000	1.081000	1001405446	504	613948	94209095	291418839	223826064	96868480
1496403746473618210	splash2x.raytrace	1000	36	0.900000	1.112000	1.080000	1001408282	531	596812	93451823	290195800	223099275	96217717
1496403746982863178	splash2x.raytrace	1000	35	0.900000	1.112000	1.080000	1001368872	520	533525	92933271	287388112	221285217	95092707
1496403747492134105	splash2x.raytrace	1000	36	0.900000	1.107000	1.076000	1001376933	532	543380	93205540	289290215	222705307	95620956
1496403748001606489	splash2x.raytrace	1000	36	0.900000	1.110000	1.078000	1001646065	551	506781	93824358	287664718	221610784	94867591
1496403748511027666	splash2x.raytrace	1000	36	0.900000	1.101000	1.070000	1001663185	520	315789	95737685	282745903	217284043	92800245
1496403749020266509	splash2x.raytrace	1000	36	0.900000	1.096000	1.065000	1001506339	535	391788	94366071	284760838	218706676	94096981
1496403749529486728	splash2x.raytrace	1000	36	0.900000	1.110000	1.077000	1001512706	518	474416	94721723	288630177	221674652	95535935
1496403750038675613	splash2x.raytrace	1000	36	0.900000	1.112000	1.080000	1001373896	507	537658	94766690	290154953	222870752	96639721
1496403750547977414	splash2x.raytrace	1000	36	0.900000	1.111000	1.079000	1001385584	482	579576	94344116	290483484	223409393	96622498
1496403751057359674	splash2x.raytrace	1000	36	0.900000	1.111000	1.079000	1001639376	571	541542	94201114	290399210	222570037	96585606
1496403751566715892	splash2x.raytrace	1000	36	0.900000	1.112000	1.080000	1001386302	517	533497	94110042	289449318	222326661	95986976
1496403752076046652	splash2x.raytrace	1000	36	0.900000	1.110000	1.077000	1001415537	522	535401	93551250	289642426	222618575	95915760
1496403752585236079	splash2x.raytrace	1000	36	0.900000	1.109000	1.076000	1001437548	600	506995	93606850	287111980	221083280	93561950
1496403753094559672	splash2x.raytrace	1000	36	0.900000	1.103000	1.071000	1001438685	587	438828	94783661	288199539	221774908	92258165
1496403753603873349	splash2x.raytrace	1000	36	0.900000	1.104000	1.073000	1001426130	554	504197	94899130	288400587	221938816	94052479
1496403754113457817	splash2x.raytrace	1000	36	0.900000	1.103000	1.071000	1001530150	546	478963	94616046	289167363	222003514	95244431
1496403754622793618	splash2x.raytrace	1000	36	0.900000	1.106000	1.073000	1001415372	562	453255	94532584	288874825	221929056	95218255
1496403755132083295	splash2x.raytrace	1000	36	0.900000	1.106000	1.073000	1001423525	544	517747	94102662	289750086	223134681	95563005
1496403755641383930	splash2x.raytrace	1000	36	0.900000	1.109000	1.076000	1001418906	567	580555	93920285	289927853	223908958	95264622
1496403756150630857	splash2x.raytrace	1000	36	0.900000	1.110000	1.077000	1001422985	515	577072	94705153	291976475	225372842	95449337
1496403756659965575	splash2x.raytrace	1000	36	0.900000	1.112000	1.079000	1001410933	502	417070	94934000	289443349	222859439	92334947
1496403757169242335	splash2x.raytrace	1000	36	0.900000	1.105000	1.072000	1001415368	589	468323	95428048	289267903	222217621	91490856
1496403757678481678	splash2x.raytrace	1000	36	0.900000	1.102000	1.070000	1001507288	585	468233	95071027	289232521	222639776	92283446
1496403758187870355	splash2x.raytrace	1000	36	0.900000	1.102000	1.070000	1001584838	592	616221	94832163	291778639	225816903	94152038
1496403758697298906	splash2x.raytrace	1000	36	0.900000	1.109000	1.076000	1001449629	612	524871	95465263	290134356	223802158	90244514
1496403759207324957	splash2x.water_nsquared	1000	35	0.900000	1.098000	1.066000	438594356	25039	1870899	44316595	116490026	114527365	17772212
1496403759717492007	splash2x.water_nsquared	1000	35	0.900000	0.355000	0.346000	553901072	54369	3627604	49920476	126705456	152762773	10428885
1496403760227553558	splash2x.water_nsquared	1000	35	0.900000	0.537000	0.519000	552724882	53767	3606449	51319094	128485581	153430482	10347305
1496403760737964025	splash2x.water_nsquared	1000	35	0.900000	0.537000	0.519000	552714094	53313	3586515	53333450	131125553	154591329	10247927
1496403761248127450	splash2x.water_nsquared	1000	34	0.900000	0.538000	0.520000	551308413	52190	3588248	55448892	133594124	155617576	10132864
1496403761757860501	splash2x.water_nsquared	1000	34	0.900000	0.539000	0.521000	593321943	26686	2791404	90096681	180831466	195818941	8500653
1496403762267143011	splash2x.water_nsquared	1000	35	0.900000	0.586000	0.567000	1001412589	456	1682885	210466869	675668836	572178311	17004212
1496403762776471938	splash2x.water_nsquared	1000	35	0.900000	1.294000	1.257000	1001397794	452	1783869	211241497	670206158	569340366	16796571
1496403763285631031	splash2x.water_nsquared	1000	35	0.900000	1.292000	1.255000	1001398212	446	1803066	212887228	666876832	567721554	16641952
1496403763794927749	splash2x.water_nsquared	1000	36	0.900000	1.289000	1.252000	1001400444	450	1715850	214571256	664271318	564985422	16524702
1496403764304051260	splash2x.water_nsquared	1000	36	0.900000	1.288000	1.251000	1001397341	444	1701279	215893160	661242354	562459795	16390456
1496403764813268770	splash2x.water_nsquared	1000	36	0.900000	1.285000	1.249000	1001522980	454	1687364	217235242	659134689	560477479	16269503
1496403765322446030	splash2x.water_nsquared	1000	36	0.900000	1.285000	1.249000	1001395445	446	1730626	218266887	654839176	558021331	16089803
1496403765831668415	splash2x.water_nsquared	1000	36	0.900000	1.283000	1.247000	1001396032	450	1763761	219067591	653566644	557042806	16010592
1496403766340909550	splash2x.water_nsquared	1000	36	0.900000	1.285000	1.249000	1001389352	450	1791726	219220246	651781075	555537232	15923750
1496403766850097393	splash2x.water_nsquared	1000	36	0.900000	1.278000	1.242000	1001399476	452	1777410	219718923	649542267	553535848	15837604
1496403767359219362	splash2x.water_nsquared	1000	36	0.900000	1.278000	1.242000	600410435	284	942550	137243571	375806844	319750939	8945913
1496403767868553830	splash2x.water_nsquared	1000	36	0.900000	0.731000	0.709000	868412523	440	2522760	173890465	543101316	476088232	14573453
1496403768377729257	splash2x.water_nsquared	1000	36	0.900000	1.303000	1.266000	1001523805	462	2619007	205162551	657700760	568907565	16612772
1496403768887087808	splash2x.water_nsquared	1000	36	0.900000	1.303000	1.266000	1001406389	458	2645555	206525582	653251071	566217233	16434157
1496403769396517985	splash2x.water_nsquared	1000	36	0.900000	1.301000	1.264000	1001395474	456	2676142	207634258	649907363	564015421	16282084
1496403769905721328	splash2x.water_nsquared	1000	36	0.900000	1.298000	1.261000	1001407692	458	2676176	208192435	646510780	561148030	16148571
1496403770414920380	splash2x.water_nsquared	1000	36	0.900000	1.296000	1.259000	1001390148	454	2707657	208889987	644198544	559582230	16031562
1496403770924187057	splash2x.water_nsquared	1000	36	0.900000	1.294000	1.257000	1001398617	460	2715586	208937061	641720092	557312770	15930981
1496403771433264734	splash2x.water_nsquared	1000	37	0.900000	1.292000	1.255000	1001397195	454	2602876	211051051	640310287	555911307	15846115
1496403771942459702	splash2x.water_nsquared	1000	37	0.900000	1.288000	1.251000	1001496414	460	2582354	212930441	638849444	554913176	15750024
1496403772451626004	splash2x.water_nsquared	1000	37	0.900000	1.290000	1.253000	1001411794	452	2659018	213698186	635254584	553140312	15596841
1496403772960793639	splash2x.water_nsquared	1000	37	0.900000	1.290000	1.253000	950385056	436	2589931	201748583	595857747	519092295	14636276
1496403773470060691	splash2x.water_nsquared	1000	36	0.900000	0.774000	0.750000	576833236	329	1844787	119814011	333189412	295249970	9145856
1496403773979217117	splash2x.water_nsquared	1000	36	0.900000	1.305000	1.268000	1001405593	460	2660346	202913206	659242535	569733547	16718892
1496403774488341961	splash2x.water_nsquared	1000	36	0.900000	1.305000	1.268000	1001404486	458	2676968	204358363	655944495	567743815	16577268
1496403774997571263	splash2x.water_nsquared	1000	37	0.900000	1.303000	1.266000	1001418080	460	2672221	206116763	652311824	566108048	16428246
1496403775506786981	splash2x.water_nsquared	1000	37	0.900000	1.301000	1.264000	1001681984	458	2659989	207614030	649263828	563651895	16285178
1496403776016642199	splash2x.water_nsquared	1000	37	0.900000	1.294000	1.257000	1001400960	458	2663814	208634456	645089559	560583377	16119744
1496403776525772750	splash2x.water_nsquared	1000	37	0.900000	1.294000	1.259000	1001384794	454	2671311	210109435	642911709	558961463	15984800
1496403777035114760	splash2x.water_nsquared	1000	37	0.900000	1.297000	1.261000	1001385120	456	2674715	210928508	639764897	556617701	15853092
1496403777544238146	splash2x.water_nsquared	1000	37	0.900000	1.294000	1.259000	1001569462	452	2718612	211403356	638295360	555683361	15765087
1496403778053472906	splash2x.water_nsquared	1000	37	0.900000	1.292000	1.257000	1001399729	458	2748651	211392791	636400744	553934615	15683199
1496403778562821332	splash2x.water_nsquared	1000	37	0.900000	1.289000	1.252000	1001587911	450	2543146	214064968	636170007	552553473	15638029
1496403779072099342	splash2x.water_nsquared	1000	36	0.900000	1.285000	1.249000	748762648	352	1872788	162528966	465106209	403352654	11302702
1496403779581364727	splash2x.water_nsquared	1000	36	0.900000	0.735000	0.712000	1001535644	450	2639544	204878194	657160771	568711050	16626532
1496403780090534279	splash2x.water_nsquared	1000	37	0.900000	1.305000	1.268000	1001519661	446	2663635	205872871	654503112	566735864	16478250
1496403780599850039	splash2x.water_nsquared	1000	37	0.900000	1.303000	1.266000	1001636108	450	2689211	206580953	651054404	564405973	16352914
1496403781108957091	splash2x.water_nsquared	1000	37	0.900000	1.301000	1.264000	1001548643	446	2701215	207056825	647573748	561688297	16216324
1496403781618147601	splash2x.water_nsquared	1000	37	0.900000	1.298000	1.261000	1001707283	452	2730549	207589415	644694015	559655964	16096786
1496403782127334486	splash2x.water_nsquared	1000	37	0.900000	1.296000	1.259000	1001559036	448	2621132	209785130	642971346	558148103	16000684
1496403782636635704	splash2x.water_nsquared	1000	37	0.900000	1.296000	1.259000	1001539366	460	2596932	210933517	639962999	555640068	15872699
1496403783145778381	splash2x.water_nsquared	1000	37	0.900000	1.295000	1.258000	1001548156	454	2647900	212418457	638233007	554919158	15752683
1496403783655051183	splash2x.water_nsquared	1000	37	0.900000	1.290000	1.253000	1001549087	458	2708841	213160762	634773446	553230255	15612755
1496403784164203693	splash2x.water_nsquared	1000	37	0.900000	1.288000	1.251000	1001545662	456	2742553	212958533	632837529	551911293	15531314
1496403784673276453	splash2x.water_nsquared	1000	37	0.900000	1.289000	1.252000	546522556	284	1499228	120699277	331513104	289602002	7908354
1496403785182491047	splash2x.water_nsquared	1000	36	0.900000	0.739000	0.716000	984098698	471	3163932	198393461	600167899	552157647	16395890
1496403785691769348	splash2x.water_nsquared	1000	36	0.900000	1.291000	1.254000	1001529905	458	3124214	206142634	616835906	566649795	16423332
1496403786201035900	splash2x.water_nsquared	1000	37	0.900000	1.290000	1.253000	1001554121	458	3093094	207765519	615134215	564956976	16304549
1496403786710295160	splash2x.water_nsquared	1000	37	0.900000	1.290000	1.253000	1001598989	458	3072636	209319035	612658281	562493279	16171144
1496403787219478795	splash2x.water_nsquared	1000	37	0.900000	1.285000	1.249000	1001401830	452	3073295	210790534	610304697	560574931	16040979
1496403787728669722	splash2x.water_nsquared	1000	37	0.900000	1.283000	1.247000	1001419608	458	3085924	212116575	608039162	558719057	15908309
1496403788237885357	splash2x.water_nsquared	1000	37	0.900000	1.282000	1.246000	1001532053	456	3056401	212861817	606569206	556823908	15819832
1496403788747107409	splash2x.water_nsquared	1000	37	0.900000	1.280000	1.244000	1001392320	458	3038504	213695293	606134359	555756042	15763909
1496403789256339085	splash2x.water_nsquared	1000	37	0.900000	1.280000	1.244000	1001395219	452	2992988	214842889	605493764	554557369	15698995
1496403789765775803	splash2x.water_nsquared	1000	37	0.900000	1.280000	1.244000	1001392104	458	2865038	217394480	604690435	553487438	15637180
1496403790275114897	splash2x.water_nsquared	1000	37	0.900000	1.280000	1.244000	800235373	378	2214979	176517891	480550063	437344238	12267151
1496403790784282948	splash2x.water_nsquared	1000	36	0.900000	1.280000	1.244000	281517520	3084	1106789	57438880	147001559	138903550	4075995
