#Timestamp	CPU(0) Frequency(MHz)	CPU(0) Temperature(C)	A7 Voltage(V)	A7 Current(A)	A7 Power(W)	CPU(4) Frequency(MHz)	CPU(4) Temperature(C)	A15 Voltage(V)	A15 Current(A)	A15 Power(W)	GPU Frequency(MHz)	GPU Temperature(C)	GPU Voltage(V)	GPU Current(A)	GPU Power(W)	RAM Voltage(V)	RAM Current(A)	RAM Power(W)
1496403541694517430	1400 37 1.200000 0.148000 0.187000 1000 35 0.900000 0.206000 0.203000 600 37 0.900000 0.069000 0.068000 1.200000 0.039000 0.047000
1496403542204891939	1400 37 1.200000 0.097000 0.123000 1000 35 0.900000 0.532000 0.514000 600 37 0.900000 0.069000 0.068000 1.200000 0.018000 0.021000
1496403542715018698	1400 37 1.200000 0.099000 0.126000 1000 35 0.900000 0.536000 0.518000 600 37 0.900000 0.068000 0.067000 1.200000 0.016000 0.019000
1496403543225128873	1400 37 1.200000 0.103000 0.131000 1000 35 0.900000 0.538000 0.520000 600 37 0.900000 0.068000 0.067000 1.200000 0.016000 0.019000
1496403543735289049	1400 38 1.200000 0.102000 0.129000 1000 34 0.900000 0.539000 0.521000 600 37 0.900000 0.068000 0.067000 1.200000 0.015000 0.018000
1496403544245286766	1400 36 1.200000 0.099000 0.126000 1000 34 0.900000 0.548000 0.530000 600 37 0.900000 0.068000 0.067000 1.200000 0.052000 0.063000
1496403544755257567	1400 36 1.200000 0.096000 0.122000 1000 34 0.900000 0.528000 0.511000 600 37 0.900000 0.068000 0.067000 1.200000 0.055000 0.066000
1496403545265182951	1400 38 1.200000 0.101000 0.128000 1000 35 0.900000 0.729000 0.707000 600 37 0.900000 0.068000 0.067000 1.200000 0.069000 0.084000
1496403545774746169	1400 39 1.200000 0.096000 0.122000 1000 35 0.900000 0.531000 0.514000 600 37 0.900000 0.068000 0.067000 1.200000 0.056000 0.068000
1496403546283838804	1400 40 1.200000 0.094000 0.119000 1000 35 0.900000 0.932000 0.904000 600 38 0.900000 0.069000 0.068000 1.200000 0.051000 0.062000
1496403546793294939	1400 40 1.200000 0.093000 0.118000 1000 35 0.900000 1.013000 0.983000 600 38 0.900000 0.069000 0.068000 1.200000 0.041000 0.049000
1496403547302484074	1400 40 1.200000 0.094000 0.119000 1000 35 0.900000 1.017000 0.987000 600 38 0.900000 0.069000 0.068000 1.200000 0.043000 0.052000
1496403547812056792	1400 40 1.200000 0.094000 0.119000 1000 36 0.900000 0.988000 0.959000 600 38 0.900000 0.069000 0.068000 1.200000 0.040000 0.048000
1496403548321437593	1400 40 1.200000 0.100000 0.127000 1000 36 0.900000 0.988000 0.959000 600 38 0.900000 0.069000 0.068000 1.200000 0.041000 0.049000
1496403548830731645	1400 40 1.200000 0.101000 0.128000 1000 36 0.900000 0.978000 0.949000 600 38 0.900000 0.069000 0.068000 1.200000 0.038000 0.046000
1496403549340253279	1400 40 1.200000 0.101000 0.128000 1000 36 0.900000 0.982000 0.953000 600 38 0.900000 0.069000 0.068000 1.200000 0.035000 0.042000
1496403549849738998	1400 40 1.200000 0.093000 0.118000 1000 36 0.900000 0.996000 0.967000 600 38 0.900000 0.069000 0.068000 1.200000 0.034000 0.041000
1496403550359155841	1400 40 1.200000 0.094000 0.119000 1000 36 0.900000 0.968000 0.939000 600 38 0.900000 0.069000 0.068000 1.200000 0.033000 0.040000
1496403550868711600	1400 40 1.200000 0.094000 0.119000 1000 36 0.900000 0.949000 0.921000 600 38 0.900000 0.069000 0.068000 1.200000 0.026000 0.031000
1496403551378043610	1400 40 1.200000 0.099000 0.126000 1000 36 0.900000 0.951000 0.923000 600 38 0.900000 0.069000 0.068000 1.200000 0.026000 0.031000
1496403551887161912	1400 40 1.200000 0.101000 0.128000 1000 36 0.900000 0.951000 0.923000 600 38 0.900000 0.069000 0.068000 1.200000 0.039000 0.047000
1496403552396287964	1400 40 1.200000 0.101000 0.128000 1000 36 0.900000 1.015000 0.985000 600 38 0.900000 0.069000 0.068000 1.200000 0.023000 0.027000
1496403552905434349	1400 40 1.200000 0.098000 0.124000 1000 36 0.900000 1.005000 0.975000 600 38 0.900000 0.069000 0.068000 1.200000 0.021000 0.025000
1496403553414423859	1400 40 1.200000 0.096000 0.122000 1000 36 0.900000 1.011000 0.981000 600 38 0.900000 0.069000 0.068000 1.200000 0.020000 0.024000
1496403553923482370	1400 40 1.200000 0.094000 0.119000 1000 36 0.900000 1.015000 0.985000 600 38 0.900000 0.069000 0.068000 1.200000 0.022000 0.026000
1496403554432522255	1400 40 1.200000 0.094000 0.119000 1000 36 0.900000 1.005000 0.975000 600 38 0.900000 0.069000 0.068000 1.200000 0.023000 0.027000
1496403554941689973	1400 40 1.200000 0.094000 0.119000 1000 36 0.900000 1.014000 0.984000 600 38 0.900000 0.069000 0.068000 1.200000 0.021000 0.025000
1496403555450766150	1400 41 1.200000 0.101000 0.128000 1000 36 0.900000 1.011000 0.981000 600 38 0.900000 0.069000 0.068000 1.200000 0.023000 0.027000
1496403555959867202	1400 40 1.200000 0.099000 0.126000 1000 36 0.900000 1.011000 0.981000 600 38 0.900000 0.069000 0.068000 1.200000 0.022000 0.026000
1496403556468879088	1400 40 1.200000 0.097000 0.123000 1000 36 0.900000 0.979000 0.950000 600 38 0.900000 0.069000 0.068000 1.200000 0.020000 0.024000
1496403556977876806	1400 40 1.200000 0.094000 0.119000 1000 36 0.900000 0.953000 0.925000 600 38 0.900000 0.069000 0.068000 1.200000 0.019000 0.023000
1496403557487030775	1400 40 1.200000 0.095000 0.120000 1000 36 0.900000 0.975000 0.946000 600 38 0.900000 0.069000 0.068000 1.200000 0.020000 0.024000
1496403557996123743	1400 40 1.200000 0.098000 0.124000 1000 36 0.900000 0.966000 0.937000 600 38 0.900000 0.069000 0.068000 1.200000 0.022000 0.026000
1496403558505148504	1400 40 1.200000 0.100000 0.127000 1000 36 0.900000 0.979000 0.950000 600 38 0.900000 0.069000 0.068000 1.200000 0.021000 0.025000
1496403559014174597	1400 40 1.200000 0.093000 0.118000 1000 36 0.900000 0.971000 0.942000 600 38 0.900000 0.069000 0.068000 1.200000 0.023000 0.027000
1496403559523186691	1400 40 1.200000 0.094000 0.119000 1000 36 0.900000 0.972000 0.943000 600 38 0.900000 0.069000 0.068000 1.200000 0.022000 0.026000
1496403560032189076	1400 40 1.200000 0.094000 0.119000 1000 36 0.900000 0.979000 0.950000 600 38 0.900000 0.069000 0.068000 1.200000 0.023000 0.027000
1496403560541340420	1400 40 1.200000 0.094000 0.119000 1000 36 0.900000 0.966000 0.937000 600 38 0.900000 0.069000 0.068000 1.200000 0.025000 0.030000
1496403561050706305	1400 40 1.200000 0.093000 0.118000 1000 36 0.900000 0.955000 0.927000 600 38 0.900000 0.069000 0.068000 1.200000 0.016000 0.019000
1496403561559994565	1400 40 1.200000 0.093000 0.118000 1000 36 0.900000 0.953000 0.925000 600 38 0.900000 0.069000 0.068000 1.200000 0.017000 0.020000
1496403562069708782	1400 40 1.200000 0.101000 0.128000 1000 36 0.900000 0.962000 0.934000 600 38 0.900000 0.069000 0.068000 1.200000 0.043000 0.052000
1496403562579471292	1400 40 1.200000 0.113000 0.143000 1000 36 0.900000 0.961000 0.933000 600 38 0.900000 0.069000 0.068000 1.200000 0.027000 0.032000
1496403563089229593	1400 40 1.200000 0.105000 0.133000 1000 36 0.900000 0.949000 0.921000 600 38 0.900000 0.069000 0.068000 1.200000 0.028000 0.033000
1496403563598577811	1400 40 1.200000 0.104000 0.132000 1000 36 0.900000 0.948000 0.920000 600 38 0.900000 0.069000 0.068000 1.200000 0.024000 0.029000
1496403564108027196	1400 40 1.200000 0.096000 0.122000 1000 36 0.900000 0.959000 0.931000 600 38 0.900000 0.069000 0.068000 1.200000 0.018000 0.021000
1496403564617400581	1400 40 1.200000 0.099000 0.126000 1000 36 0.900000 0.952000 0.924000 600 38 0.900000 0.069000 0.068000 1.200000 0.016000 0.019000
1496403565126787132	1400 39 1.200000 0.102000 0.129000 1000 35 0.900000 0.626000 0.607000 600 37 0.900000 0.069000 0.068000 1.200000 0.024000 0.029000
1496403565636333183	1400 38 1.200000 0.100000 0.127000 1000 35 0.900000 0.498000 0.482000 600 37 0.900000 0.069000 0.068000 1.200000 0.017000 0.020000
1496403566145805193	1400 38 1.200000 0.096000 0.122000 1000 35 0.900000 0.498000 0.482000 600 37 0.900000 0.068000 0.067000 1.200000 0.015000 0.018000
1496403566655319453	1400 38 1.200000 0.093000 0.118000 1000 35 0.900000 0.498000 0.482000 600 36 0.900000 0.068000 0.067000 1.200000 0.015000 0.018000
1496403567165088879	1400 36 1.200000 0.097000 0.123000 1000 34 0.900000 0.497000 0.481000 600 37 0.900000 0.068000 0.067000 1.200000 0.037000 0.044000
1496403567675559845	1400 37 1.200000 0.185000 0.233000 1000 34 0.900000 0.315000 0.307000 600 36 0.900000 0.068000 0.067000 1.200000 0.032000 0.038000
1496403568186023395	1400 37 1.200000 0.095000 0.121000 1000 34 0.900000 0.536000 0.518000 600 36 0.900000 0.068000 0.067000 1.200000 0.014000 0.016000
1496403568696278446	1400 37 1.200000 0.095000 0.121000 1000 34 0.900000 0.535000 0.517000 600 36 0.900000 0.068000 0.067000 1.200000 0.016000 0.019000
1496403569206448996	1400 36 1.200000 0.095000 0.121000 1000 34 0.900000 0.538000 0.520000 600 36 0.900000 0.067000 0.066000 1.200000 0.017000 0.020000
1496403569716859421	1400 37 1.200000 0.096000 0.122000 1000 34 0.900000 0.540000 0.522000 600 36 0.900000 0.067000 0.066000 1.200000 0.016000 0.019000
1496403570226280806	1400 36 1.200000 0.101000 0.128000 1000 34 0.900000 0.589000 0.570000 600 36 0.900000 0.067000 0.066000 1.200000 0.022000 0.026000
1496403570736032149	1400 36 1.200000 0.098000 0.124000 1000 34 0.900000 0.585000 0.567000 600 36 0.900000 0.067000 0.066000 1.200000 0.032000 0.038000
1496403571245450409	1400 36 1.200000 0.097000 0.123000 1000 34 0.900000 0.592000 0.573000 600 37 0.900000 0.067000 0.066000 1.200000 0.038000 0.046000
1496403571754805418	1400 35 1.200000 0.094000 0.119000 1000 34 0.900000 0.545000 0.527000 600 36 0.900000 0.067000 0.066000 1.200000 0.064000 0.077000
1496403572264100720	1400 36 1.200000 0.092000 0.117000 1000 34 0.900000 0.502000 0.485000 600 36 0.900000 0.067000 0.066000 1.200000 0.043000 0.052000
1496403572773302230	1400 35 1.200000 0.092000 0.117000 1000 34 0.900000 0.543000 0.525000 600 36 0.900000 0.067000 0.066000 1.200000 0.043000 0.052000
1496403573282529032	1400 35 1.200000 0.092000 0.117000 1000 33 0.900000 0.506000 0.489000 600 36 0.900000 0.067000 0.066000 1.200000 0.037000 0.044000
1496403573791936750	1400 35 1.200000 0.096000 0.122000 1000 34 0.900000 0.515000 0.498000 600 36 0.900000 0.067000 0.066000 1.200000 0.038000 0.046000
1496403574301705509	1400 35 1.200000 0.095000 0.120000 1000 34 0.900000 0.519000 0.502000 600 36 0.900000 0.067000 0.066000 1.200000 0.051000 0.062000
1496403574811092977	1400 35 1.200000 0.095000 0.120000 1000 34 0.900000 0.491000 0.475000 600 36 0.900000 0.067000 0.066000 1.200000 0.036000 0.043000
1496403575320299946	1400 35 1.200000 0.096000 0.122000 1000 34 0.900000 0.483000 0.467000 600 36 0.900000 0.067000 0.066000 1.200000 0.033000 0.040000
1496403575829611331	1400 35 1.200000 0.097000 0.123000 1000 33 0.900000 0.493000 0.477000 600 36 0.900000 0.067000 0.066000 1.200000 0.034000 0.041000
1496403576338838716	1400 35 1.200000 0.098000 0.124000 1000 33 0.900000 0.481000 0.465000 600 36 0.900000 0.067000 0.066000 1.200000 0.037000 0.044000
1496403576848149851	1400 35 1.200000 0.091000 0.116000 1000 33 0.900000 0.479000 0.463000 600 36 0.900000 0.067000 0.066000 1.200000 0.039000 0.047000
1496403577357335694	1400 35 1.200000 0.092000 0.117000 1000 33 0.900000 0.528000 0.511000 600 36 0.900000 0.067000 0.066000 1.200000 0.033000 0.040000
1496403577866797121	1400 36 1.200000 0.093000 0.118000 1000 33 0.900000 0.541000 0.523000 600 36 0.900000 0.067000 0.066000 1.200000 0.034000 0.041000
1496403578376187922	1400 36 1.200000 0.094000 0.119000 1000 34 0.900000 0.770000 0.747000 600 37 0.900000 0.067000 0.066000 1.200000 0.006000 0.007000
1496403578885400516	1400 35 1.200000 0.097000 0.123000 1000 34 0.900000 0.809000 0.785000 600 36 0.900000 0.067000 0.066000 1.200000 0.028000 0.033000
1496403579395268608	1400 35 1.200000 0.099000 0.126000 1000 34 0.900000 0.541000 0.523000 600 36 0.900000 0.067000 0.066000 1.200000 0.034000 0.041000
1496403579904668618	1400 38 1.200000 0.099000 0.126000 1000 34 0.900000 0.516000 0.499000 600 36 0.900000 0.067000 0.066000 1.200000 0.042000 0.051000
1496403580413858420	1400 39 1.200000 0.095000 0.120000 1000 34 0.900000 1.003000 0.973000 600 37 0.900000 0.067000 0.066000 1.200000 0.049000 0.059000
1496403580923153471	1400 39 1.200000 0.093000 0.118000 1000 35 0.900000 1.010000 0.980000 600 37 0.900000 0.067000 0.066000 1.200000 0.049000 0.059000
1496403581432367231	1400 39 1.200000 0.093000 0.118000 1000 35 0.900000 0.875000 0.849000 600 37 0.900000 0.068000 0.067000 1.200000 0.049000 0.059000
1496403581941722825	1400 39 1.200000 0.093000 0.118000 1000 35 0.900000 0.983000 0.954000 600 37 0.900000 0.068000 0.067000 1.200000 0.048000 0.058000
1496403582451061918	1400 39 1.200000 0.094000 0.119000 1000 35 0.900000 0.986000 0.957000 600 37 0.900000 0.068000 0.067000 1.200000 0.048000 0.058000
1496403582960366428	1400 40 1.200000 0.094000 0.119000 1000 35 0.900000 0.985000 0.956000 600 37 0.900000 0.068000 0.067000 1.200000 0.048000 0.058000
1496403583469718646	1400 39 1.200000 0.094000 0.119000 1000 35 0.900000 0.857000 0.832000 600 38 0.900000 0.068000 0.067000 1.200000 0.059000 0.071000
1496403583979115947	1400 39 1.200000 0.099000 0.126000 1000 35 0.900000 0.937000 0.909000 600 38 0.900000 0.068000 0.067000 1.200000 0.143000 0.174000
1496403584488634290	1400 40 1.200000 0.100000 0.127000 1000 35 0.900000 0.918000 0.891000 600 38 0.900000 0.068000 0.067000 1.200000 0.143000 0.174000
1496403584998218133	1400 40 1.200000 0.100000 0.127000 1000 36 0.900000 0.934000 0.906000 600 38 0.900000 0.069000 0.068000 1.200000 0.144000 0.175000
1496403585507607810	1400 40 1.200000 0.107000 0.136000 1000 36 0.900000 0.910000 0.883000 600 38 0.900000 0.069000 0.068000 1.200000 0.143000 0.174000
1496403586017255528	1400 40 1.200000 0.104000 0.132000 1000 36 0.900000 0.937000 0.909000 600 38 0.900000 0.069000 0.068000 1.200000 0.145000 0.177000
1496403586526790579	1400 40 1.200000 0.102000 0.129000 1000 36 0.900000 0.918000 0.891000 600 38 0.900000 0.069000 0.068000 1.200000 0.144000 0.175000
1496403587036207922	1400 40 1.200000 0.100000 0.127000 1000 36 0.900000 0.928000 0.901000 600 38 0.900000 0.069000 0.068000 1.200000 0.142000 0.173000
1496403587545524974	1400 40 1.200000 0.104000 0.132000 1000 36 0.900000 0.932000 0.904000 600 38 0.900000 0.069000 0.068000 1.200000 0.142000 0.173000
1496403588055173483	1400 40 1.200000 0.106000 0.134000 1000 36 0.900000 0.931000 0.904000 600 38 0.900000 0.069000 0.068000 1.200000 0.145000 0.177000
1496403588564557326	1400 40 1.200000 0.106000 0.134000 1000 36 0.900000 0.928000 0.901000 600 38 0.900000 0.069000 0.068000 1.200000 0.142000 0.173000
1496403589073906295	1400 40 1.200000 0.104000 0.132000 1000 36 0.900000 0.934000 0.906000 600 39 0.900000 0.069000 0.068000 1.200000 0.144000 0.175000
1496403589583350721	1400 40 1.200000 0.102000 0.129000 1000 36 0.900000 0.935000 0.907000 600 39 0.900000 0.069000 0.068000 1.200000 0.143000 0.174000
1496403590092640898	1400 41 1.200000 0.101000 0.128000 1000 36 0.900000 0.930000 0.903000 600 39 0.900000 0.069000 0.068000 1.200000 0.093000 0.113000
1496403590602026907	1400 41 1.200000 0.095000 0.121000 1000 36 0.900000 0.983000 0.954000 600 38 0.900000 0.069000 0.068000 1.200000 0.047000 0.057000
1496403591111369917	1400 41 1.200000 0.094000 0.119000 1000 36 0.900000 0.990000 0.961000 600 38 0.900000 0.069000 0.068000 1.200000 0.048000 0.058000
1496403591620688761	1400 39 1.200000 0.095000 0.121000 1000 36 0.900000 0.981000 0.952000 600 38 0.900000 0.069000 0.068000 1.200000 0.047000 0.057000
1496403592130229020	1400 38 1.200000 0.096000 0.122000 1000 35 0.900000 0.843000 0.818000 600 38 0.900000 0.069000 0.068000 1.200000 0.051000 0.061000
1496403592639903946	1400 37 1.200000 0.099000 0.125000 1000 35 0.900000 0.632000 0.611000 600 38 0.900000 0.069000 0.068000 1.200000 0.039000 0.047000
1496403593149833789	1400 37 1.200000 0.101000 0.128000 1000 35 0.900000 0.481000 0.465000 600 37 0.900000 0.069000 0.068000 1.200000 0.065000 0.079000
1496403593659927048	1400 37 1.200000 0.119000 0.151000 1000 35 0.900000 0.476000 0.462000 600 37 0.900000 0.069000 0.068000 1.200000 0.043000 0.052000
1496403594170193806	1400 37 1.200000 0.103000 0.131000 1000 35 0.900000 0.537000 0.519000 600 37 0.900000 0.068000 0.067000 1.200000 0.016000 0.019000
1496403594680291315	1400 37 1.200000 0.096000 0.122000 1000 34 0.900000 0.538000 0.520000 600 36 0.900000 0.068000 0.067000 1.200000 0.016000 0.019000
1496403595190294449	1400 37 1.200000 0.097000 0.123000 1000 34 0.900000 0.540000 0.522000 600 36 0.900000 0.068000 0.067000 1.200000 0.017000 0.020000
1496403595699743667	1400 36 1.200000 0.095000 0.121000 1000 34 0.900000 0.551000 0.533000 600 36 0.900000 0.068000 0.067000 1.200000 0.018000 0.021000
1496403596208959011	1400 35 1.200000 0.097000 0.123000 1000 34 0.900000 0.451000 0.436000 600 36 0.900000 0.067000 0.066000 1.200000 0.014000 0.016000
1496403596718220562	1400 35 1.200000 0.100000 0.127000 1000 34 0.900000 0.433000 0.419000 600 36 0.900000 0.067000 0.066000 1.200000 0.012000 0.014000
1496403597227489947	1400 35 1.200000 0.098000 0.124000 1000 34 0.900000 0.433000 0.419000 600 36 0.900000 0.067000 0.066000 1.200000 0.012000 0.014000
1496403597736732416	1400 35 1.200000 0.095000 0.120000 1000 33 0.900000 0.434000 0.420000 600 36 0.900000 0.067000 0.066000 1.200000 0.011000 0.013000
1496403598246055051	1400 35 1.200000 0.093000 0.118000 1000 33 0.900000 0.433000 0.419000 600 36 0.900000 0.067000 0.066000 1.200000 0.012000 0.014000
1496403598755284019	1400 35 1.200000 0.093000 0.118000 1000 33 0.900000 0.434000 0.420000 600 36 0.900000 0.067000 0.066000 1.200000 0.012000 0.014000
1496403599264474154	1400 35 1.200000 0.092000 0.117000 1000 33 0.900000 0.434000 0.420000 600 36 0.900000 0.067000 0.066000 1.200000 0.012000 0.014000
1496403599773813872	1400 35 1.200000 0.097000 0.123000 1000 33 0.900000 0.434000 0.420000 600 36 0.900000 0.067000 0.066000 1.200000 0.014000 0.016000
1496403600283022049	1400 35 1.200000 0.097000 0.123000 1000 33 0.900000 0.434000 0.420000 600 35 0.900000 0.067000 0.066000 1.200000 0.013000 0.015000
1496403600792290726	1400 35 1.200000 0.096000 0.122000 1000 33 0.900000 0.433000 0.419000 600 35 0.900000 0.067000 0.066000 1.200000 0.013000 0.015000
1496403601301577902	1400 35 1.200000 0.092000 0.117000 1000 33 0.900000 0.434000 0.420000 600 35 0.900000 0.067000 0.066000 1.200000 0.012000 0.014000
1496403601810953620	1400 35 1.200000 0.091000 0.115000 1000 33 0.900000 0.433000 0.419000 600 35 0.900000 0.067000 0.066000 1.200000 0.012000 0.014000
1496403602320273089	1400 34 1.200000 0.096000 0.122000 1000 33 0.900000 0.434000 0.420000 600 35 0.900000 0.067000 0.066000 1.200000 0.014000 0.016000
1496403602829550599	1400 34 1.200000 0.096000 0.122000 1000 33 0.900000 0.434000 0.420000 600 35 0.900000 0.067000 0.066000 1.200000 0.014000 0.016000
1496403603338815692	1400 35 1.200000 0.091000 0.116000 1000 33 0.900000 0.434000 0.420000 600 35 0.900000 0.067000 0.066000 1.200000 0.014000 0.016000
1496403603848107160	1400 34 1.200000 0.089000 0.113000 1000 33 0.900000 0.433000 0.419000 600 35 0.900000 0.067000 0.066000 1.200000 0.013000 0.015000
1496403604357375045	1400 34 1.200000 0.091000 0.116000 1000 33 0.900000 0.432000 0.418000 600 35 0.900000 0.067000 0.066000 1.200000 0.013000 0.015000
1496403604866702722	1400 34 1.200000 0.090000 0.114000 1000 33 0.900000 0.433000 0.419000 600 35 0.900000 0.067000 0.066000 1.200000 0.013000 0.015000
1496403605375927190	1400 34 1.200000 0.089000 0.113000 1000 33 0.900000 0.433000 0.419000 600 35 0.900000 0.067000 0.066000 1.200000 0.012000 0.014000
1496403605885206950	1400 34 1.200000 0.090000 0.114000 1000 33 0.900000 0.434000 0.420000 600 35 0.900000 0.067000 0.066000 1.200000 0.012000 0.014000
1496403606394480377	1400 38 1.200000 0.091000 0.116000 1000 33 0.900000 0.434000 0.420000 600 35 0.900000 0.067000 0.066000 1.200000 0.021000 0.025000
1496403606903783512	1400 38 1.200000 0.091000 0.116000 1000 34 0.900000 0.992000 0.963000 600 36 0.900000 0.067000 0.066000 1.200000 0.039000 0.047000
1496403607413700271	1400 37 1.200000 0.091000 0.116000 1000 34 0.900000 0.995000 0.966000 600 36 0.900000 0.067000 0.066000 1.200000 0.050000 0.060000
1496403607922974573	1400 38 1.200000 0.095000 0.120000 1000 34 0.900000 0.789000 0.765000 600 36 0.900000 0.067000 0.066000 1.200000 0.069000 0.084000
1496403608432185374	1400 39 1.200000 0.097000 0.123000 1000 34 0.900000 0.951000 0.923000 600 37 0.900000 0.067000 0.066000 1.200000 0.025000 0.030000
1496403608941430343	1400 39 1.200000 0.097000 0.123000 1000 34 0.900000 1.041000 1.010000 600 37 0.900000 0.067000 0.066000 1.200000 0.004000 0.004000
1496403609450556936	1400 39 1.200000 0.100000 0.127000 1000 34 0.900000 1.040000 1.009000 600 37 0.900000 0.068000 0.067000 1.200000 0.005000 0.006000
1496403609959888321	1400 39 1.200000 0.099000 0.126000 1000 35 0.900000 1.037000 1.006000 600 37 0.900000 0.068000 0.067000 1.200000 0.007000 0.008000
1496403610469006915	1400 40 1.200000 0.095000 0.120000 1000 35 0.900000 1.040000 1.009000 600 37 0.900000 0.068000 0.067000 1.200000 0.003000 0.003000
1496403610978228925	1400 40 1.200000 0.093000 0.118000 1000 35 0.900000 1.049000 1.018000 600 37 0.900000 0.068000 0.067000 1.200000 0.003000 0.003000
1496403611487388435	1400 40 1.200000 0.095000 0.120000 1000 35 0.900000 1.051000 1.020000 600 37 0.900000 0.068000 0.067000 1.200000 0.003000 0.003000
1496403611996600820	1400 40 1.200000 0.098000 0.124000 1000 35 0.900000 1.048000 1.017000 600 37 0.900000 0.068000 0.067000 1.200000 0.003000 0.003000
1496403612505770664	1400 40 1.200000 0.093000 0.118000 1000 35 0.900000 1.053000 1.022000 600 37 0.900000 0.068000 0.067000 1.200000 0.005000 0.006000
1496403613015083257	1400 40 1.200000 0.092000 0.117000 1000 35 0.900000 1.050000 1.019000 600 38 0.900000 0.068000 0.067000 1.200000 0.005000 0.006000
1496403613524210100	1400 40 1.200000 0.094000 0.119000 1000 35 0.900000 1.047000 1.016000 600 38 0.900000 0.068000 0.067000 1.200000 0.005000 0.006000
1496403614033348902	1400 40 1.200000 0.094000 0.119000 1000 35 0.900000 1.051000 1.021000 600 37 0.900000 0.068000 0.067000 1.200000 0.007000 0.008000
1496403614542559579	1400 40 1.200000 0.094000 0.119000 1000 35 0.900000 1.050000 1.019000 600 38 0.900000 0.068000 0.067000 1.200000 0.005000 0.006000
1496403615051936047	1400 40 1.200000 0.098000 0.124000 1000 35 0.900000 1.050000 1.019000 600 38 0.900000 0.068000 0.067000 1.200000 0.004000 0.004000
1496403615561118724	1400 40 1.200000 0.099000 0.126000 1000 35 0.900000 1.042000 1.011000 600 38 0.900000 0.068000 0.067000 1.200000 0.003000 0.003000
1496403616070263651	1400 40 1.200000 0.099000 0.126000 1000 35 0.900000 1.044000 1.013000 600 38 0.900000 0.068000 0.067000 1.200000 0.006000 0.007000
1496403616579404036	1400 40 1.200000 0.092000 0.117000 1000 35 0.900000 1.053000 1.022000 600 38 0.900000 0.068000 0.067000 1.200000 0.004000 0.004000
1496403617088586671	1400 40 1.200000 0.093000 0.118000 1000 35 0.900000 1.039000 1.008000 600 38 0.900000 0.068000 0.067000 1.200000 0.005000 0.006000
1496403617597760931	1400 40 1.200000 0.093000 0.118000 1000 35 0.900000 1.048000 1.017000 600 38 0.900000 0.068000 0.067000 1.200000 0.005000 0.006000
1496403618107089483	1400 40 1.200000 0.093000 0.118000 1000 35 0.900000 1.043000 1.012000 600 38 0.900000 0.068000 0.067000 1.200000 0.008000 0.009000
1496403618616328284	1400 40 1.200000 0.099000 0.126000 1000 35 0.900000 1.044000 1.013000 600 38 0.900000 0.068000 0.067000 1.200000 0.005000 0.006000
1496403619125511545	1400 40 1.200000 0.101000 0.128000 1000 35 0.900000 1.030000 1.000000 600 38 0.900000 0.069000 0.068000 1.200000 0.010000 0.012000
1496403619634772888	1400 40 1.200000 0.099000 0.126000 1000 35 0.900000 0.883000 0.857000 600 38 0.900000 0.068000 0.067000 1.200000 0.063000 0.076000
1496403620144210064	1400 39 1.200000 0.096000 0.122000 1000 35 0.900000 0.988000 0.959000 600 38 0.900000 0.068000 0.067000 1.200000 0.019000 0.023000
1496403620653413783	1400 40 1.200000 0.094000 0.119000 1000 35 0.900000 0.914000 0.887000 600 38 0.900000 0.068000 0.067000 1.200000 0.048000 0.058000
1496403621162688793	1400 40 1.200000 0.095000 0.121000 1000 35 0.900000 0.943000 0.915000 600 38 0.900000 0.069000 0.068000 1.200000 0.048000 0.058000
1496403621672749010	1400 37 1.200000 0.097000 0.123000 1000 35 0.900000 0.934000 0.906000 600 37 0.900000 0.069000 0.068000 1.200000 0.054000 0.065000
1496403622182929227	1400 38 1.200000 0.175000 0.220000 1000 35 0.900000 0.333000 0.325000 600 37 0.900000 0.068000 0.067000 1.200000 0.032000 0.038000
1496403622693154944	1400 37 1.200000 0.101000 0.128000 1000 34 0.900000 0.536000 0.518000 600 37 0.900000 0.068000 0.067000 1.200000 0.016000 0.019000
1496403623203261370	1400 37 1.200000 0.097000 0.123000 1000 34 0.900000 0.536000 0.518000 600 36 0.900000 0.067000 0.066000 1.200000 0.014000 0.016000
1496403623713498128	1400 37 1.200000 0.098000 0.124000 1000 34 0.900000 0.538000 0.520000 600 36 0.900000 0.068000 0.067000 1.200000 0.016000 0.019000
1496403624223060971	1400 36 1.200000 0.102000 0.129000 1000 34 0.900000 0.540000 0.522000 600 36 0.900000 0.067000 0.066000 1.200000 0.016000 0.019000
1496403624732518564	1400 39 1.200000 0.106000 0.134000 1000 35 0.900000 1.038000 1.007000 600 37 0.900000 0.067000 0.066000 1.200000 0.077000 0.093000
1496403625241949366	1400 40 1.200000 0.106000 0.134000 1000 35 0.900000 1.072000 1.040000 600 38 0.900000 0.068000 0.067000 1.200000 0.176000 0.214000
1496403625751522125	1400 40 1.200000 0.102000 0.129000 1000 35 0.900000 1.073000 1.042000 600 38 0.900000 0.068000 0.067000 1.200000 0.176000 0.214000
1496403626260981052	1400 41 1.200000 0.104000 0.132000 1000 36 0.900000 1.074000 1.042000 600 38 0.900000 0.069000 0.068000 1.200000 0.176000 0.214000
1496403626770401853	1400 41 1.200000 0.104000 0.132000 1000 36 0.900000 1.072000 1.040000 600 38 0.900000 0.069000 0.068000 1.200000 0.177000 0.216000
1496403627279962654	1400 41 1.200000 0.103000 0.131000 1000 36 0.900000 1.073000 1.041000 600 39 0.900000 0.069000 0.068000 1.200000 0.177000 0.216000
1496403627789402622	1400 41 1.200000 0.103000 0.131000 1000 36 0.900000 1.073000 1.041000 600 39 0.900000 0.069000 0.068000 1.200000 0.176000 0.214000
1496403628298729424	1400 41 1.200000 0.103000 0.131000 1000 37 0.900000 1.074000 1.042000 600 39 0.900000 0.069000 0.068000 1.200000 0.176000 0.214000
1496403628808216975	1400 41 1.200000 0.104000 0.132000 1000 37 0.900000 1.077000 1.045000 600 39 0.900000 0.069000 0.068000 1.200000 0.175000 0.213000
1496403629317678735	1400 41 1.200000 0.106000 0.134000 1000 37 0.900000 1.075000 1.043000 600 39 0.900000 0.069000 0.068000 1.200000 0.175000 0.213000
1496403629827308995	1400 41 1.200000 0.109000 0.138000 1000 37 0.900000 1.075000 1.043000 600 39 0.900000 0.069000 0.068000 1.200000 0.176000 0.214000
1496403630336664755	1400 42 1.200000 0.111000 0.141000 1000 37 0.900000 1.074000 1.042000 600 39 0.900000 0.069000 0.068000 1.200000 0.176000 0.214000
1496403630846285389	1400 42 1.200000 0.109000 0.138000 1000 37 0.900000 1.074000 1.042000 600 39 0.900000 0.070000 0.069000 1.200000 0.176000 0.214000
1496403631355624316	1400 42 1.200000 0.108000 0.137000 1000 37 0.900000 1.072000 1.040000 600 39 0.900000 0.069000 0.068000 1.200000 0.176000 0.214000
1496403631865234075	1400 42 1.200000 0.105000 0.133000 1000 37 0.900000 1.073000 1.041000 600 39 0.900000 0.070000 0.069000 1.200000 0.175000 0.213000
1496403632374690377	1400 42 1.200000 0.107000 0.136000 1000 37 0.900000 1.068000 1.038000 600 39 0.900000 0.070000 0.069000 1.200000 0.175000 0.213000
1496403632884199011	1400 42 1.200000 0.110000 0.140000 1000 37 0.900000 1.068000 1.037000 600 39 0.900000 0.069000 0.068000 1.200000 0.175000 0.213000
1496403633393551813	1400 42 1.200000 0.111000 0.141000 1000 37 0.900000 1.069000 1.037000 600 40 0.900000 0.070000 0.069000 1.200000 0.176000 0.214000
1496403633902993572	1400 42 1.200000 0.109000 0.138000 1000 37 0.900000 1.068000 1.037000 600 40 0.900000 0.070000 0.069000 1.200000 0.175000 0.213000
1496403634412463999	1400 42 1.200000 0.105000 0.133000 1000 37 0.900000 1.068000 1.037000 600 40 0.900000 0.069000 0.068000 1.200000 0.176000 0.214000
1496403634922019217	1400 42 1.200000 0.104000 0.132000 1000 37 0.900000 1.068000 1.037000 600 40 0.900000 0.070000 0.069000 1.200000 0.175000 0.213000
1496403635431424143	1400 42 1.200000 0.104000 0.132000 1000 37 0.900000 1.068000 1.037000 600 40 0.900000 0.070000 0.069000 1.200000 0.176000 0.214000
1496403635940763778	1400 42 1.200000 0.105000 0.133000 1000 37 0.900000 1.068000 1.037000 600 40 0.900000 0.070000 0.069000 1.200000 0.176000 0.214000
1496403636450967912	1400 40 1.200000 0.111000 0.141000 1000 37 0.900000 1.068000 1.037000 600 40 0.900000 0.070000 0.069000 1.200000 0.175000 0.213000
1496403636961410837	1400 39 1.200000 0.178000 0.224000 1000 36 0.900000 0.936000 0.909000 600 38 0.900000 0.070000 0.069000 1.200000 0.124000 0.151000
1496403637471832429	1400 38 1.200000 0.101000 0.128000 1000 36 0.900000 0.537000 0.520000 600 38 0.900000 0.069000 0.068000 1.200000 0.018000 0.021000
1496403637982060687	1400 38 1.200000 0.100000 0.127000 1000 35 0.900000 0.539000 0.521000 600 38 0.900000 0.069000 0.068000 1.200000 0.016000 0.019000
1496403638492423154	1400 38 1.200000 0.102000 0.129000 1000 35 0.900000 0.539000 0.521000 600 37 0.900000 0.069000 0.068000 1.200000 0.016000 0.019000
1496403639002843579	1400 38 1.200000 0.097000 0.123000 1000 35 0.900000 0.541000 0.523000 600 37 0.900000 0.068000 0.067000 1.200000 0.015000 0.018000
1496403639512612589	1400 38 1.200000 0.093000 0.118000 1000 35 0.900000 0.581000 0.562000 600 37 0.900000 0.068000 0.067000 1.200000 0.031000 0.037000
1496403640021899640	1400 39 1.200000 0.094000 0.119000 1000 35 0.900000 0.833000 0.808000 600 38 0.900000 0.068000 0.067000 1.200000 0.085000 0.103000
1496403640531122067	1400 40 1.200000 0.092000 0.117000 1000 35 0.900000 1.001000 0.971000 600 38 0.900000 0.069000 0.068000 1.200000 0.023000 0.027000
1496403641040405702	1400 40 1.200000 0.099000 0.126000 1000 35 0.900000 1.005000 0.975000 600 38 0.900000 0.068000 0.067000 1.200000 0.020000 0.024000
1496403641549578212	1400 40 1.200000 0.101000 0.128000 1000 35 0.900000 1.006000 0.976000 600 38 0.900000 0.068000 0.067000 1.200000 0.019000 0.023000
1496403642058895555	1400 40 1.200000 0.097000 0.123000 1000 35 0.900000 1.005000 0.975000 600 38 0.900000 0.069000 0.068000 1.200000 0.020000 0.024000
1496403642568124857	1400 40 1.200000 0.095000 0.120000 1000 35 0.900000 1.005000 0.975000 600 38 0.900000 0.069000 0.068000 1.200000 0.020000 0.024000
1496403643077471367	1400 40 1.200000 0.095000 0.120000 1000 35 0.900000 1.005000 0.975000 600 38 0.900000 0.069000 0.068000 1.200000 0.020000 0.024000
1496403643586832168	1400 40 1.200000 0.094000 0.119000 1000 35 0.900000 1.007000 0.977000 600 38 0.900000 0.069000 0.068000 1.200000 0.020000 0.024000
1496403644096516803	1400 40 1.200000 0.098000 0.124000 1000 35 0.900000 1.006000 0.976000 600 38 0.900000 0.069000 0.068000 1.200000 0.021000 0.025000
1496403644605756521	1400 40 1.200000 0.101000 0.128000 1000 36 0.900000 1.005000 0.975000 600 38 0.900000 0.069000 0.068000 1.200000 0.020000 0.024000
1496403645115176156	1400 40 1.200000 0.099000 0.126000 1000 35 0.900000 1.002000 0.972000 600 38 0.900000 0.069000 0.068000 1.200000 0.022000 0.026000
1496403645624332583	1400 40 1.200000 0.095000 0.120000 1000 35 0.900000 1.001000 0.971000 600 38 0.900000 0.069000 0.068000 1.200000 0.022000 0.026000
1496403646133551218	1400 40 1.200000 0.094000 0.119000 1000 35 0.900000 1.002000 0.972000 600 38 0.900000 0.069000 0.068000 1.200000 0.024000 0.029000
1496403646642750853	1400 38 1.200000 0.097000 0.123000 1000 35 0.900000 0.998000 0.969000 600 38 0.900000 0.069000 0.068000 1.200000 0.025000 0.030000
1496403647152036405	1400 40 1.200000 0.099000 0.126000 1000 35 0.900000 0.712000 0.690000 600 38 0.900000 0.069000 0.068000 1.200000 0.046000 0.055000
1496403647661449414	1400 40 1.200000 0.101000 0.128000 1000 35 0.900000 0.999000 0.970000 600 38 0.900000 0.068000 0.067000 1.200000 0.024000 0.029000
1496403648170634258	1400 40 1.200000 0.094000 0.119000 1000 35 0.900000 1.003000 0.973000 600 38 0.900000 0.069000 0.068000 1.200000 0.022000 0.026000
1496403648679996268	1400 40 1.200000 0.094000 0.119000 1000 35 0.900000 1.006000 0.976000 600 38 0.900000 0.069000 0.068000 1.200000 0.019000 0.023000
1496403649189184320	1400 40 1.200000 0.093000 0.118000 1000 35 0.900000 1.006000 0.976000 600 38 0.900000 0.069000 0.068000 1.200000 0.020000 0.024000
1496403649698489913	1400 40 1.200000 0.093000 0.118000 1000 35 0.900000 1.007000 0.977000 600 38 0.900000 0.069000 0.068000 1.200000 0.019000 0.023000
1496403650207838631	1400 40 1.200000 0.094000 0.119000 1000 35 0.900000 1.007000 0.977000 600 38 0.900000 0.069000 0.068000 1.200000 0.019000 0.023000
1496403650717338349	1400 40 1.200000 0.094000 0.119000 1000 36 0.900000 1.008000 0.978000 600 38 0.900000 0.069000 0.068000 1.200000 0.019000 0.023000
1496403651226847067	1400 40 1.200000 0.099000 0.126000 1000 35 0.900000 1.007000 0.977000 600 38 0.900000 0.069000 0.068000 1.200000 0.021000 0.025000
1496403651736131910	1400 40 1.200000 0.097000 0.123000 1000 35 0.900000 1.005000 0.975000 600 38 0.900000 0.069000 0.068000 1.200000 0.020000 0.024000
1496403652245331546	1400 40 1.200000 0.094000 0.119000 1000 35 0.900000 1.004000 0.974000 600 38 0.900000 0.069000 0.068000 1.200000 0.020000 0.024000
1496403652754693972	1400 40 1.200000 0.096000 0.122000 1000 35 0.900000 1.003000 0.973000 600 38 0.900000 0.069000 0.068000 1.200000 0.022000 0.026000
1496403653263991149	1400 40 1.200000 0.097000 0.123000 1000 36 0.900000 1.003000 0.973000 600 38 0.900000 0.069000 0.068000 1.200000 0.022000 0.026000
1496403653773221075	1400 39 1.200000 0.101000 0.128000 1000 35 0.900000 1.002000 0.972000 600 38 0.900000 0.068000 0.067000 1.200000 0.023000 0.027000
1496403654282480960	1400 39 1.200000 0.100000 0.127000 1000 35 0.900000 0.635000 0.615000 600 38 0.900000 0.069000 0.068000 1.200000 0.035000 0.042000
1496403654791802762	1400 40 1.200000 0.099000 0.126000 1000 35 0.900000 0.999000 0.970000 600 38 0.900000 0.068000 0.067000 1.200000 0.022000 0.026000
1496403655301169939	1400 40 1.200000 0.094000 0.119000 1000 36 0.900000 1.003000 0.973000 600 38 0.900000 0.069000 0.068000 1.200000 0.020000 0.024000
1496403655810465198	1400 40 1.200000 0.096000 0.122000 1000 36 0.900000 1.005000 0.975000 600 38 0.900000 0.068000 0.067000 1.200000 0.019000 0.023000
1496403656319787458	1400 40 1.200000 0.099000 0.126000 1000 35 0.900000 1.005000 0.975000 600 38 0.900000 0.069000 0.068000 1.200000 0.020000 0.024000
1496403656829069718	1400 40 1.200000 0.093000 0.118000 1000 35 0.900000 1.006000 0.976000 600 38 0.900000 0.069000 0.068000 1.200000 0.020000 0.024000
1496403657338242395	1400 40 1.200000 0.092000 0.117000 1000 36 0.900000 1.006000 0.976000 600 38 0.900000 0.069000 0.068000 1.200000 0.021000 0.025000
1496403657847696530	1400 40 1.200000 0.094000 0.119000 1000 35 0.900000 1.005000 0.975000 600 38 0.900000 0.069000 0.068000 1.200000 0.020000 0.024000
1496403658356983165	1400 40 1.200000 0.094000 0.119000 1000 35 0.900000 1.005000 0.975000 600 38 0.900000 0.069000 0.068000 1.200000 0.019000 0.023000
1496403658866355425	1400 40 1.200000 0.095000 0.120000 1000 35 0.900000 1.006000 0.976000 600 38 0.900000 0.068000 0.067000 1.200000 0.020000 0.024000
1496403659375604226	1400 40 1.200000 0.099000 0.126000 1000 36 0.900000 1.007000 0.977000 600 38 0.900000 0.069000 0.068000 1.200000 0.019000 0.023000
1496403659884863528	1400 40 1.200000 0.099000 0.126000 1000 35 0.900000 1.000000 0.971000 600 38 0.900000 0.069000 0.068000 1.200000 0.022000 0.026000
1496403660394095705	1400 40 1.200000 0.100000 0.127000 1000 35 0.900000 0.998000 0.969000 600 38 0.900000 0.069000 0.068000 1.200000 0.024000 0.029000
1496403660903471381	1400 40 1.200000 0.098000 0.124000 1000 35 0.900000 0.997000 0.968000 600 38 0.900000 0.069000 0.068000 1.200000 0.025000 0.030000
1496403661412852391	1400 39 1.200000 0.094000 0.119000 1000 35 0.900000 0.820000 0.795000 600 38 0.900000 0.069000 0.068000 1.200000 0.033000 0.040000
1496403661922330526	1400 40 1.200000 0.093000 0.118000 1000 35 0.900000 0.915000 0.888000 600 38 0.900000 0.069000 0.068000 1.200000 0.063000 0.076000
1496403662431586744	1400 40 1.200000 0.092000 0.117000 1000 35 0.900000 1.002000 0.972000 600 38 0.900000 0.069000 0.068000 1.200000 0.023000 0.027000
1496403662940730963	1400 40 1.200000 0.093000 0.118000 1000 35 0.900000 1.006000 0.976000 600 38 0.900000 0.069000 0.068000 1.200000 0.019000 0.023000
1496403663450019139	1400 40 1.200000 0.094000 0.119000 1000 35 0.900000 1.006000 0.976000 600 38 0.900000 0.069000 0.068000 1.200000 0.019000 0.023000
1496403663959221566	1400 40 1.200000 0.099000 0.126000 1000 35 0.900000 1.008000 0.978000 600 38 0.900000 0.069000 0.068000 1.200000 0.018000 0.021000
1496403664468436201	1400 40 1.200000 0.094000 0.119000 1000 35 0.900000 1.008000 0.978000 600 38 0.900000 0.068000 0.067000 1.200000 0.019000 0.023000
1496403664977645878	1400 40 1.200000 0.094000 0.119000 1000 35 0.900000 1.008000 0.978000 600 38 0.900000 0.069000 0.068000 1.200000 0.019000 0.023000
1496403665486939013	1400 40 1.200000 0.096000 0.122000 1000 35 0.900000 1.006000 0.976000 600 38 0.900000 0.068000 0.067000 1.200000 0.019000 0.023000
1496403665996717147	1400 40 1.200000 0.098000 0.124000 1000 35 0.900000 1.006000 0.977000 600 38 0.900000 0.069000 0.068000 1.200000 0.021000 0.025000
1496403666505824574	1400 40 1.200000 0.102000 0.129000 1000 35 0.900000 1.005000 0.975000 600 38 0.900000 0.069000 0.068000 1.200000 0.019000 0.023000
1496403667015100167	1400 40 1.200000 0.099000 0.126000 1000 35 0.900000 1.001000 0.971000 600 38 0.900000 0.069000 0.068000 1.200000 0.022000 0.026000
1496403667524340844	1400 40 1.200000 0.096000 0.122000 1000 35 0.900000 0.999000 0.970000 600 38 0.900000 0.069000 0.068000 1.200000 0.023000 0.027000
1496403668033474479	1400 40 1.200000 0.094000 0.119000 1000 36 0.900000 1.002000 0.972000 600 38 0.900000 0.069000 0.068000 1.200000 0.023000 0.027000
1496403668543022656	1400 37 1.200000 0.096000 0.122000 1000 35 0.900000 1.000000 0.971000 600 38 0.900000 0.069000 0.068000 1.200000 0.023000 0.027000
1496403669053293498	1400 38 1.200000 0.179000 0.226000 1000 35 0.900000 0.366000 0.357000 600 37 0.900000 0.068000 0.067000 1.200000 0.048000 0.058000
1496403669563582173	1400 37 1.200000 0.102000 0.129000 1000 34 0.900000 0.535000 0.517000 600 37 0.900000 0.069000 0.068000 1.200000 0.016000 0.019000
1496403670073805223	1400 37 1.200000 0.096000 0.122000 1000 34 0.900000 0.535000 0.517000 600 37 0.900000 0.068000 0.067000 1.200000 0.016000 0.019000
1496403670583924274	1400 37 1.200000 0.096000 0.122000 1000 34 0.900000 0.538000 0.521000 600 36 0.900000 0.068000 0.067000 1.200000 0.016000 0.019000
1496403671094283949	1400 37 1.200000 0.096000 0.122000 1000 34 0.900000 0.539000 0.522000 600 36 0.900000 0.068000 0.067000 1.200000 0.016000 0.019000
1496403671603651459	1400 37 1.200000 0.091000 0.116000 1000 34 0.900000 0.496000 0.480000 600 36 0.900000 0.067000 0.066000 1.200000 0.025000 0.030000
1496403672113760718	1400 38 1.200000 0.093000 0.118000 1000 34 0.900000 0.503000 0.486000 600 36 0.900000 0.068000 0.067000 1.200000 0.030000 0.036000
1496403672623714977	1400 38 1.200000 0.095000 0.121000 1000 34 0.900000 0.654000 0.633000 600 36 0.900000 0.067000 0.066000 1.200000 0.054000 0.065000
1496403673133079153	1400 36 1.200000 0.092000 0.117000 1000 34 0.900000 0.544000 0.526000 600 36 0.900000 0.067000 0.066000 1.200000 0.059000 0.071000
1496403673642325538	1400 39 1.200000 0.096000 0.122000 1000 34 0.900000 0.715000 0.693000 600 37 0.900000 0.068000 0.067000 1.200000 0.064000 0.077000
1496403674151630090	1400 39 1.200000 0.098000 0.124000 1000 35 0.900000 0.888000 0.862000 600 37 0.900000 0.068000 0.067000 1.200000 0.028000 0.034000
1496403674660777017	1400 39 1.200000 0.092000 0.117000 1000 35 0.900000 0.905000 0.878000 600 37 0.900000 0.068000 0.067000 1.200000 0.027000 0.032000
1496403675170038318	1400 39 1.200000 0.098000 0.124000 1000 35 0.900000 0.932000 0.904000 600 37 0.900000 0.068000 0.067000 1.200000 0.028000 0.033000
1496403675679178662	1400 39 1.200000 0.096000 0.122000 1000 35 0.900000 0.911000 0.884000 600 37 0.900000 0.067000 0.066000 1.200000 0.025000 0.030000
1496403676188400213	1400 40 1.200000 0.094000 0.119000 1000 35 0.900000 0.971000 0.942000 600 37 0.900000 0.068000 0.067000 1.200000 0.025000 0.030000
1496403676697665098	1400 39 1.200000 0.095000 0.120000 1000 35 0.900000 1.027000 0.997000 600 37 0.900000 0.068000 0.067000 1.200000 0.048000 0.058000
1496403677206843150	1400 39 1.200000 0.099000 0.126000 1000 35 0.900000 0.821000 0.797000 600 37 0.900000 0.068000 0.067000 1.200000 0.048000 0.058000
1496403677716080202	1400 39 1.200000 0.099000 0.126000 1000 35 0.900000 0.885000 0.858000 600 37 0.900000 0.068000 0.067000 1.200000 0.025000 0.030000
1496403678225260504	1400 39 1.200000 0.100000 0.127000 1000 35 0.900000 0.925000 0.898000 600 37 0.900000 0.068000 0.067000 1.200000 0.027000 0.032000
1496403678734478514	1400 39 1.200000 0.097000 0.123000 1000 35 0.900000 0.917000 0.890000 600 37 0.900000 0.068000 0.067000 1.200000 0.026000 0.031000
1496403679243833190	1400 39 1.200000 0.093000 0.118000 1000 35 0.900000 0.911000 0.884000 600 37 0.900000 0.068000 0.067000 1.200000 0.026000 0.031000
1496403679753041242	1400 40 1.200000 0.093000 0.118000 1000 35 0.900000 0.916000 0.889000 600 37 0.900000 0.069000 0.068000 1.200000 0.025000 0.030000
1496403680262348752	1400 39 1.200000 0.094000 0.119000 1000 35 0.900000 0.985000 0.956000 600 37 0.900000 0.068000 0.067000 1.200000 0.028000 0.034000
1496403680771983053	1400 39 1.200000 0.103000 0.131000 1000 35 0.900000 0.805000 0.780000 600 37 0.900000 0.068000 0.067000 1.200000 0.107000 0.130000
1496403681281264063	1400 39 1.200000 0.100000 0.127000 1000 35 0.900000 0.891000 0.865000 600 37 0.900000 0.068000 0.067000 1.200000 0.026000 0.031000
1496403681790499282	1400 39 1.200000 0.098000 0.124000 1000 35 0.900000 0.902000 0.875000 600 37 0.900000 0.068000 0.067000 1.200000 0.027000 0.032000
1496403682299690958	1400 39 1.200000 0.095000 0.120000 1000 35 0.900000 0.905000 0.878000 600 37 0.900000 0.068000 0.067000 1.200000 0.026000 0.031000
1496403682809128801	1400 39 1.200000 0.094000 0.119000 1000 35 0.900000 0.907000 0.880000 600 37 0.900000 0.068000 0.067000 1.200000 0.027000 0.032000
1496403683318310645	1400 40 1.200000 0.097000 0.123000 1000 35 0.900000 0.902000 0.875000 600 37 0.900000 0.068000 0.067000 1.200000 0.026000 0.031000
1496403683827691780	1400 39 1.200000 0.094000 0.119000 1000 35 0.900000 1.017000 0.987000 600 37 0.900000 0.069000 0.068000 1.200000 0.018000 0.021000
1496403684336919998	1400 40 1.200000 0.094000 0.119000 1000 35 0.900000 0.887000 0.861000 600 37 0.900000 0.069000 0.068000 1.200000 0.084000 0.102000
1496403684846176216	1400 39 1.200000 0.092000 0.117000 1000 35 0.900000 0.889000 0.863000 600 37 0.900000 0.069000 0.068000 1.200000 0.026000 0.031000
1496403685355266185	1400 39 1.200000 0.094000 0.119000 1000 35 0.900000 0.899000 0.872000 600 37 0.900000 0.069000 0.068000 1.200000 0.025000 0.030000
1496403685864473487	1400 40 1.200000 0.093000 0.118000 1000 35 0.900000 0.920000 0.893000 600 37 0.900000 0.069000 0.068000 1.200000 0.027000 0.032000
1496403686373728622	1400 40 1.200000 0.096000 0.122000 1000 35 0.900000 0.916000 0.889000 600 37 0.900000 0.068000 0.067000 1.200000 0.024000 0.029000
1496403686882899090	1400 40 1.200000 0.099000 0.126000 1000 35 0.900000 0.903000 0.876000 600 37 0.900000 0.068000 0.067000 1.200000 0.023000 0.027000
1496403687392426017	1400 39 1.200000 0.101000 0.128000 1000 35 0.900000 1.029000 0.999000 600 37 0.900000 0.068000 0.067000 1.200000 0.051000 0.062000
1496403687901998109	1400 39 1.200000 0.096000 0.122000 1000 35 0.900000 0.875000 0.849000 600 37 0.900000 0.069000 0.068000 1.200000 0.044000 0.053000
1496403688411350619	1400 39 1.200000 0.097000 0.123000 1000 35 0.900000 0.895000 0.869000 600 37 0.900000 0.068000 0.067000 1.200000 0.027000 0.032000
1496403688920505921	1400 39 1.200000 0.094000 0.119000 1000 35 0.900000 0.898000 0.871000 600 37 0.900000 0.069000 0.068000 1.200000 0.027000 0.032000
1496403689429744556	1400 40 1.200000 0.096000 0.122000 1000 35 0.900000 0.910000 0.883000 600 37 0.900000 0.069000 0.068000 1.200000 0.026000 0.031000
1496403689938986775	1400 39 1.200000 0.097000 0.123000 1000 35 0.900000 0.917000 0.890000 600 37 0.900000 0.069000 0.068000 1.200000 0.027000 0.032000
1496403690448160285	1400 40 1.200000 0.101000 0.128000 1000 35 0.900000 0.905000 0.878000 600 37 0.900000 0.068000 0.067000 1.200000 0.026000 0.031000
1496403690957599211	1400 39 1.200000 0.099000 0.126000 1000 35 0.900000 1.032000 1.002000 600 37 0.900000 0.069000 0.068000 1.200000 0.019000 0.023000
1496403691467912386	1400 38 1.200000 0.103000 0.131000 1000 35 0.900000 0.532000 0.516000 600 37 0.900000 0.068000 0.067000 1.200000 0.081000 0.098000
1496403691978066062	1400 37 1.200000 0.097000 0.123000 1000 34 0.900000 0.534000 0.516000 600 37 0.900000 0.068000 0.067000 1.200000 0.020000 0.024000
1496403692488270404	1400 37 1.200000 0.096000 0.122000 1000 34 0.900000 0.537000 0.519000 600 36 0.900000 0.068000 0.067000 1.200000 0.016000 0.019000
1496403692998472829	1400 37 1.200000 0.096000 0.122000 1000 34 0.900000 0.538000 0.521000 600 36 0.900000 0.068000 0.067000 1.200000 0.017000 0.020000
1496403693508685338	1400 37 1.200000 0.094000 0.119000 1000 34 0.900000 0.541000 0.523000 600 36 0.900000 0.068000 0.067000 1.200000 0.013000 0.015000
1496403694018592097	1400 36 1.200000 0.094000 0.119000 1000 34 0.900000 0.547000 0.529000 600 36 0.900000 0.067000 0.066000 1.200000 0.033000 0.040000
1496403694528486856	1400 36 1.200000 0.095000 0.121000 1000 34 0.900000 0.547000 0.530000 600 36 0.900000 0.067000 0.066000 1.200000 0.067000 0.081000
1496403695038452657	1400 35 1.200000 0.094000 0.119000 1000 34 0.900000 0.521000 0.504000 600 36 0.900000 0.067000 0.066000 1.200000 0.041000 0.049000
1496403695548343333	1400 35 1.200000 0.101000 0.128000 1000 34 0.900000 0.523000 0.506000 600 36 0.900000 0.067000 0.066000 1.200000 0.041000 0.049000
1496403696058543216	1400 36 1.200000 0.100000 0.127000 1000 34 0.900000 0.526000 0.509000 600 36 0.900000 0.067000 0.066000 1.200000 0.043000 0.052000
1496403696567797351	1400 39 1.200000 0.099000 0.125000 1000 34 0.900000 0.491000 0.475000 600 36 0.900000 0.067000 0.066000 1.200000 0.124000 0.152000
1496403697076859195	1400 39 1.200000 0.091000 0.116000 1000 34 0.900000 0.921000 0.894000 600 37 0.900000 0.067000 0.066000 1.200000 0.006000 0.007000
1496403697585967247	1400 40 1.200000 0.096000 0.122000 1000 35 0.900000 1.081000 1.049000 600 37 0.900000 0.068000 0.067000 1.200000 0.006000 0.007000
1496403698094965799	1400 40 1.200000 0.099000 0.126000 1000 35 0.900000 1.082000 1.051000 600 37 0.900000 0.068000 0.067000 1.200000 0.004000 0.004000
1496403698603995851	1400 40 1.200000 0.101000 0.128000 1000 35 0.900000 1.080000 1.048000 600 37 0.900000 0.068000 0.067000 1.200000 0.005000 0.006000
1496403699113016986	1400 40 1.200000 0.097000 0.123000 1000 35 0.900000 1.064000 1.033000 600 38 0.900000 0.068000 0.067000 1.200000 0.005000 0.006000
1496403699622106830	1400 40 1.200000 0.096000 0.122000 1000 35 0.900000 1.062000 1.032000 600 38 0.900000 0.068000 0.067000 1.200000 0.007000 0.008000
1496403700131281298	1400 40 1.200000 0.095000 0.120000 1000 35 0.900000 1.070000 1.038000 600 38 0.900000 0.068000 0.067000 1.200000 0.007000 0.008000
1496403700640294184	1400 40 1.200000 0.095000 0.120000 1000 35 0.900000 1.063000 1.033000 600 38 0.900000 0.068000 0.067000 1.200000 0.007000 0.008000
1496403701149454527	1400 40 1.200000 0.096000 0.122000 1000 35 0.900000 1.061000 1.030000 600 38 0.900000 0.068000 0.067000 1.200000 0.007000 0.008000
1496403701658464079	1400 40 1.200000 0.093000 0.118000 1000 35 0.900000 1.066000 1.036000 600 38 0.900000 0.068000 0.067000 1.200000 0.008000 0.009000
1496403702167607089	1400 40 1.200000 0.093000 0.118000 1000 35 0.900000 1.063000 1.032000 600 38 0.900000 0.068000 0.067000 1.200000 0.009000 0.010000
1496403702676827683	1400 40 1.200000 0.094000 0.119000 1000 35 0.900000 1.060000 1.029000 600 38 0.900000 0.069000 0.068000 1.200000 0.006000 0.007000
1496403703185824110	1400 40 1.200000 0.096000 0.122000 1000 35 0.900000 1.063000 1.033000 600 38 0.900000 0.068000 0.067000 1.200000 0.008000 0.009000
1496403703694990870	1400 40 1.200000 0.095000 0.120000 1000 35 0.900000 1.048000 1.017000 600 38 0.900000 0.068000 0.067000 1.200000 0.008000 0.009000
1496403704204055130	1400 40 1.200000 0.096000 0.122000 1000 35 0.900000 1.047000 1.016000 600 38 0.900000 0.068000 0.067000 1.200000 0.008000 0.009000
1496403704713104474	1400 40 1.200000 0.097000 0.123000 1000 35 0.900000 1.037000 1.006000 600 38 0.900000 0.068000 0.067000 1.200000 0.008000 0.009000
1496403705222244151	1400 40 1.200000 0.100000 0.127000 1000 35 0.900000 1.052000 1.022000 600 38 0.900000 0.069000 0.068000 1.200000 0.009000 0.010000
1496403705731370828	1400 40 1.200000 0.095000 0.121000 1000 35 0.900000 1.055000 1.024000 600 38 0.900000 0.069000 0.068000 1.200000 0.009000 0.010000
1496403706240457338	1400 40 1.200000 0.093000 0.118000 1000 35 0.900000 1.046000 1.015000 600 38 0.900000 0.069000 0.068000 1.200000 0.011000 0.013000
1496403706749645598	1400 40 1.200000 0.093000 0.118000 1000 35 0.900000 1.061000 1.030000 600 38 0.900000 0.069000 0.068000 1.200000 0.008000 0.009000
1496403707258647358	1400 40 1.200000 0.094000 0.119000 1000 35 0.900000 1.052000 1.021000 600 38 0.900000 0.069000 0.068000 1.200000 0.008000 0.009000
1496403707767738660	1400 40 1.200000 0.094000 0.119000 1000 35 0.900000 1.063000 1.032000 600 38 0.900000 0.068000 0.067000 1.200000 0.006000 0.007000
1496403708276892712	1400 40 1.200000 0.093000 0.118000 1000 35 0.900000 1.051000 1.020000 600 38 0.900000 0.068000 0.067000 1.200000 0.007000 0.008000
1496403708786037931	1400 40 1.200000 0.101000 0.128000 1000 35 0.900000 1.044000 1.013000 600 38 0.900000 0.069000 0.068000 1.200000 0.008000 0.009000
1496403709295014524	1400 40 1.200000 0.099000 0.126000 1000 35 0.900000 1.053000 1.022000 600 38 0.900000 0.069000 0.068000 1.200000 0.009000 0.010000
1496403709804127701	1400 40 1.200000 0.097000 0.123000 1000 35 0.900000 1.044000 1.013000 600 38 0.900000 0.069000 0.068000 1.200000 0.008000 0.009000
1496403710313090420	1400 40 1.200000 0.094000 0.119000 1000 35 0.900000 1.033000 1.003000 600 38 0.900000 0.069000 0.068000 1.200000 0.011000 0.013000
1496403710822231888	1400 40 1.200000 0.096000 0.122000 1000 36 0.900000 1.045000 1.015000 600 38 0.900000 0.069000 0.068000 1.200000 0.011000 0.013000
1496403711331350357	1400 40 1.200000 0.097000 0.123000 1000 35 0.900000 1.034000 1.004000 600 38 0.900000 0.069000 0.068000 1.200000 0.011000 0.013000
1496403711840448242	1400 40 1.200000 0.099000 0.126000 1000 35 0.900000 1.047000 1.016000 600 38 0.900000 0.069000 0.068000 1.200000 0.011000 0.013000
1496403712349501711	1400 40 1.200000 0.100000 0.127000 1000 35 0.900000 1.053000 1.022000 600 38 0.900000 0.068000 0.067000 1.200000 0.009000 0.010000
1496403712858494013	1400 40 1.200000 0.099000 0.126000 1000 35 0.900000 1.053000 1.022000 600 38 0.900000 0.069000 0.068000 1.200000 0.010000 0.012000
1496403713367595356	1400 40 1.200000 0.095000 0.120000 1000 35 0.900000 1.038000 1.007000 600 38 0.900000 0.069000 0.068000 1.200000 0.010000 0.012000
1496403713876783908	1400 40 1.200000 0.094000 0.119000 1000 36 0.900000 1.049000 1.019000 600 38 0.900000 0.069000 0.068000 1.200000 0.011000 0.013000
1496403714385814627	1400 40 1.200000 0.096000 0.122000 1000 35 0.900000 1.031000 1.001000 600 38 0.900000 0.069000 0.068000 1.200000 0.013000 0.015000
1496403714895016304	1400 40 1.200000 0.094000 0.119000 1000 35 0.900000 1.048000 1.017000 600 38 0.900000 0.069000 0.068000 1.200000 0.012000 0.014000
1496403715404024231	1400 40 1.200000 0.093000 0.118000 1000 35 0.900000 1.050000 1.019000 600 38 0.900000 0.069000 0.068000 1.200000 0.009000 0.010000
1496403715913156574	1400 40 1.200000 0.093000 0.118000 1000 36 0.900000 1.056000 1.025000 600 38 0.900000 0.069000 0.068000 1.200000 0.011000 0.013000
1496403716422269668	1400 40 1.200000 0.093000 0.118000 1000 35 0.900000 1.054000 1.023000 600 38 0.900000 0.069000 0.068000 1.200000 0.011000 0.013000
1496403716931391219	1400 40 1.200000 0.093000 0.118000 1000 35 0.900000 1.038000 1.007000 600 38 0.900000 0.069000 0.068000 1.200000 0.012000 0.014000
1496403717440729229	1400 40 1.200000 0.095000 0.120000 1000 35 0.900000 1.035000 1.004000 600 38 0.900000 0.069000 0.068000 1.200000 0.012000 0.014000
1496403717949782656	1400 40 1.200000 0.097000 0.123000 1000 35 0.900000 1.030000 1.000000 600 38 0.900000 0.069000 0.068000 1.200000 0.016000 0.019000
1496403718458920667	1400 40 1.200000 0.100000 0.127000 1000 35 0.900000 1.027000 0.997000 600 38 0.900000 0.069000 0.068000 1.200000 0.015000 0.018000
1496403718968079260	1400 40 1.200000 0.094000 0.119000 1000 35 0.900000 1.045000 1.014000 600 38 0.900000 0.068000 0.067000 1.200000 0.016000 0.019000
1496403719477147604	1400 40 1.200000 0.092000 0.117000 1000 35 0.900000 1.033000 1.003000 600 38 0.900000 0.069000 0.068000 1.200000 0.019000 0.023000
1496403719986284405	1400 40 1.200000 0.097000 0.123000 1000 36 0.900000 1.022000 0.992000 600 38 0.900000 0.069000 0.068000 1.200000 0.020000 0.024000
1496403720495438916	1400 40 1.200000 0.096000 0.122000 1000 36 0.900000 1.032000 1.002000 600 38 0.900000 0.069000 0.068000 1.200000 0.017000 0.020000
1496403721004585092	1400 40 1.200000 0.095000 0.120000 1000 35 0.900000 1.019000 0.989000 600 38 0.900000 0.069000 0.068000 1.200000 0.028000 0.034000
1496403721513741478	1400 40 1.200000 0.099000 0.126000 1000 35 0.900000 1.009000 0.979000 600 38 0.900000 0.069000 0.068000 1.200000 0.039000 0.047000
1496403722022912613	1400 39 1.200000 0.102000 0.130000 1000 35 0.900000 0.908000 0.881000 600 38 0.900000 0.069000 0.068000 1.200000 0.053000 0.064000
1496403722532031456	1400 37 1.200000 0.102000 0.129000 1000 35 0.900000 0.624000 0.605000 600 37 0.900000 0.069000 0.068000 1.200000 0.075000 0.091000
1496403723041293633	1400 36 1.200000 0.097000 0.123000 1000 34 0.900000 0.470000 0.454000 600 37 0.900000 0.068000 0.067000 1.200000 0.013000 0.015000
1496403723550306477	1400 36 1.200000 0.091000 0.116000 1000 34 0.900000 0.469000 0.453000 600 37 0.900000 0.068000 0.067000 1.200000 0.012000 0.014000
1496403724059545195	1400 36 1.200000 0.093000 0.118000 1000 34 0.900000 0.488000 0.472000 600 36 0.900000 0.068000 0.067000 1.200000 0.012000 0.014000
1496403724569850495	1400 37 1.200000 0.095000 0.120000 1000 34 0.900000 0.528000 0.511000 600 36 0.900000 0.068000 0.067000 1.200000 0.027000 0.032000
1496403725080030796	1400 37 1.200000 0.109000 0.138000 1000 34 0.900000 0.534000 0.517000 600 36 0.900000 0.068000 0.067000 1.200000 0.029000 0.035000
1496403725590165513	1400 36 1.200000 0.102000 0.129000 1000 34 0.900000 0.535000 0.518000 600 36 0.900000 0.068000 0.067000 1.200000 0.017000 0.020000
1496403726100498063	1400 37 1.200000 0.099000 0.126000 1000 34 0.900000 0.538000 0.521000 600 36 0.900000 0.068000 0.067000 1.200000 0.016000 0.019000
1496403726610685863	1400 36 1.200000 0.096000 0.122000 1000 34 0.900000 0.540000 0.522000 600 36 0.900000 0.067000 0.066000 1.200000 0.015000 0.018000
1496403727120071498	1400 37 1.200000 0.100000 0.127000 1000 34 0.900000 0.540000 0.522000 600 36 0.900000 0.067000 0.066000 1.200000 0.022000 0.026000
1496403727629262092	1400 38 1.200000 0.099000 0.126000 1000 34 0.900000 0.859000 0.834000 600 37 0.900000 0.067000 0.066000 1.200000 0.007000 0.008000
1496403728138516268	1400 39 1.200000 0.092000 0.117000 1000 34 0.900000 1.101000 1.070000 600 37 0.900000 0.068000 0.067000 1.200000 0.007000 0.008000
1496403728647717028	1400 39 1.200000 0.091000 0.116000 1000 35 0.900000 1.105000 1.074000 600 37 0.900000 0.068000 0.067000 1.200000 0.004000 0.004000
1496403729156981997	1400 39 1.200000 0.092000 0.117000 1000 35 0.900000 1.099000 1.067000 600 38 0.900000 0.068000 0.067000 1.200000 0.003000 0.003000
1496403729666379882	1400 39 1.200000 0.093000 0.118000 1000 35 0.900000 1.102000 1.070000 600 38 0.900000 0.068000 0.067000 1.200000 0.004000 0.004000
1496403730175602267	1400 39 1.200000 0.093000 0.118000 1000 35 0.900000 1.101000 1.070000 600 38 0.900000 0.068000 0.067000 1.200000 0.014000 0.016000
1496403730684929818	1400 39 1.200000 0.092000 0.117000 1000 35 0.900000 1.104000 1.073000 600 38 0.900000 0.069000 0.068000 1.200000 0.010000 0.012000
1496403731194218828	1400 40 1.200000 0.100000 0.127000 1000 35 0.900000 1.104000 1.073000 600 38 0.900000 0.068000 0.067000 1.200000 0.016000 0.019000
1496403731703472047	1400 40 1.200000 0.098000 0.124000 1000 35 0.900000 1.105000 1.072000 600 38 0.900000 0.068000 0.067000 1.200000 0.008000 0.009000
1496403732212708223	1400 40 1.200000 0.094000 0.119000 1000 35 0.900000 1.104000 1.071000 600 38 0.900000 0.069000 0.068000 1.200000 0.011000 0.013000
1496403732722176483	1400 40 1.200000 0.095000 0.120000 1000 35 0.900000 1.104000 1.071000 600 38 0.900000 0.069000 0.068000 1.200000 0.015000 0.018000
1496403733231516868	1400 40 1.200000 0.099000 0.126000 1000 35 0.900000 1.103000 1.071000 600 38 0.900000 0.068000 0.067000 1.200000 0.015000 0.018000
1496403733740771711	1400 40 1.200000 0.099000 0.126000 1000 35 0.900000 1.101000 1.069000 600 38 0.900000 0.069000 0.068000 1.200000 0.025000 0.030000
1496403734250188263	1400 40 1.200000 0.099000 0.126000 1000 35 0.900000 1.106000 1.073000 600 38 0.900000 0.068000 0.067000 1.200000 0.017000 0.020000
1496403734759524564	1400 40 1.200000 0.098000 0.124000 1000 35 0.900000 1.106000 1.073000 600 38 0.900000 0.069000 0.068000 1.200000 0.019000 0.023000
1496403735268821116	1400 40 1.200000 0.096000 0.122000 1000 35 0.900000 1.108000 1.075000 600 38 0.900000 0.069000 0.068000 1.200000 0.019000 0.023000
1496403735778034834	1400 40 1.200000 0.094000 0.119000 1000 35 0.900000 1.108000 1.075000 600 38 0.900000 0.069000 0.068000 1.200000 0.013000 0.015000
1496403736287299011	1400 40 1.200000 0.097000 0.123000 1000 35 0.900000 1.106000 1.073000 600 38 0.900000 0.069000 0.068000 1.200000 0.013000 0.015000
1496403736796695812	1400 40 1.200000 0.094000 0.119000 1000 35 0.900000 1.108000 1.075000 600 38 0.900000 0.069000 0.068000 1.200000 0.013000 0.015000
1496403737305815739	1400 40 1.200000 0.095000 0.121000 1000 35 0.900000 1.106000 1.075000 600 38 0.900000 0.069000 0.068000 1.200000 0.021000 0.025000
1496403737815251957	1400 40 1.200000 0.093000 0.118000 1000 36 0.900000 1.108000 1.076000 600 38 0.900000 0.069000 0.068000 1.200000 0.016000 0.019000
1496403738324496634	1400 40 1.200000 0.093000 0.118000 1000 35 0.900000 1.105000 1.074000 600 38 0.900000 0.069000 0.068000 1.200000 0.018000 0.021000
1496403738833716228	1400 40 1.200000 0.094000 0.119000 1000 36 0.900000 1.103000 1.071000 600 38 0.900000 0.069000 0.068000 1.200000 0.029000 0.035000
1496403739343152529	1400 40 1.200000 0.096000 0.122000 1000 35 0.900000 1.106000 1.075000 600 38 0.900000 0.069000 0.068000 1.200000 0.027000 0.032000
1496403739852512414	1400 40 1.200000 0.100000 0.127000 1000 36 0.900000 1.108000 1.076000 600 38 0.900000 0.069000 0.068000 1.200000 0.022000 0.026000
1496403740361888049	1400 40 1.200000 0.102000 0.129000 1000 36 0.900000 1.110000 1.078000 600 39 0.900000 0.069000 0.068000 1.200000 0.016000 0.019000
1496403740871284600	1400 40 1.200000 0.098000 0.124000 1000 35 0.900000 1.111000 1.079000 600 38 0.900000 0.069000 0.068000 1.200000 0.009000 0.010000
1496403741380510319	1400 40 1.200000 0.093000 0.118000 1000 36 0.900000 1.110000 1.078000 600 38 0.900000 0.069000 0.068000 1.200000 0.011000 0.013000
1496403741889936078	1400 40 1.200000 0.094000 0.119000 1000 36 0.900000 1.111000 1.079000 600 38 0.900000 0.069000 0.068000 1.200000 0.017000 0.020000
1496403742399144505	1400 40 1.200000 0.094000 0.119000 1000 35 0.900000 1.105000 1.074000 600 38 0.900000 0.069000 0.068000 1.200000 0.020000 0.024000
1496403742908449682	1400 40 1.200000 0.100000 0.127000 1000 36 0.900000 1.104000 1.073000 600 38 0.900000 0.069000 0.068000 1.200000 0.025000 0.030000
1496403743417725025	1400 40 1.200000 0.101000 0.128000 1000 36 0.900000 1.104000 1.073000 600 38 0.900000 0.069000 0.068000 1.200000 0.016000 0.019000
1496403743927023077	1400 40 1.200000 0.099000 0.126000 1000 36 0.900000 1.109000 1.077000 600 38 0.900000 0.069000 0.068000 1.200000 0.022000 0.026000
1496403744436245420	1400 40 1.200000 0.097000 0.123000 1000 36 0.900000 1.110000 1.078000 600 38 0.900000 0.069000 0.068000 1.200000 0.021000 0.025000
1496403744945415513	1400 40 1.200000 0.095000 0.120000 1000 36 0.900000 1.106000 1.075000 600 39 0.900000 0.069000 0.068000 1.200000 0.016000 0.019000
1496403745454750065	1400 40 1.200000 0.096000 0.122000 1000 36 0.900000 1.110000 1.078000 600 39 0.900000 0.069000 0.068000 1.200000 0.016000 0.019000
1496403745964322450	1400 40 1.200000 0.094000 0.119000 1000 36 0.900000 1.113000 1.081000 600 38 0.900000 0.069000 0.068000 1.200000 0.007000 0.008000
1496403746473618210	1400 40 1.200000 0.094000 0.119000 1000 36 0.900000 1.112000 1.080000 600 38 0.900000 0.069000 0.068000 1.200000 0.008000 0.009000
1496403746982863178	1400 40 1.200000 0.098000 0.124000 1000 35 0.900000 1.112000 1.080000 600 39 0.900000 0.069000 0.068000 1.200000 0.015000 0.018000
1496403747492134105	1400 40 1.200000 0.097000 0.123000 1000 36 0.900000 1.107000 1.076000 600 38 0.900000 0.069000 0.068000 1.200000 0.023000 0.027000
1496403748001606489	1400 40 1.200000 0.095000 0.120000 1000 36 0.900000 1.110000 1.078000 600 39 0.900000 0.069000 0.068000 1.200000 0.018000 0.021000
1496403748511027666	1400 40 1.200000 0.098000 0.124000 1000 36 0.900000 1.101000 1.070000 600 39 0.900000 0.069000 0.068000 1.200000 0.029000 0.035000
1496403749020266509	1400 40 1.200000 0.099000 0.126000 1000 36 0.900000 1.096000 1.065000 600 39 0.900000 0.069000 0.068000 1.200000 0.032000 0.038000
1496403749529486728	1400 40 1.200000 0.102000 0.130000 1000 36 0.900000 1.110000 1.077000 600 39 0.900000 0.069000 0.068000 1.200000 0.020000 0.024000
1496403750038675613	1400 40 1.200000 0.095000 0.120000 1000 36 0.900000 1.112000 1.080000 600 39 0.900000 0.069000 0.068000 1.200000 0.016000 0.019000
1496403750547977414	1400 40 1.200000 0.092000 0.117000 1000 36 0.900000 1.111000 1.079000 600 38 0.900000 0.069000 0.068000 1.200000 0.013000 0.015000
1496403751057359674	1400 40 1.200000 0.093000 0.118000 1000 36 0.900000 1.111000 1.079000 600 39 0.900000 0.069000 0.068000 1.200000 0.012000 0.014000
1496403751566715892	1400 40 1.200000 0.094000 0.119000 1000 36 0.900000 1.112000 1.080000 600 39 0.900000 0.069000 0.068000 1.200000 0.010000 0.012000
1496403752076046652	1400 40 1.200000 0.094000 0.119000 1000 36 0.900000 1.110000 1.077000 600 38 0.900000 0.069000 0.068000 1.200000 0.012000 0.014000
1496403752585236079	1400 40 1.200000 0.093000 0.118000 1000 36 0.900000 1.109000 1.076000 600 38 0.900000 0.069000 0.068000 1.200000 0.016000 0.019000
1496403753094559672	1400 40 1.200000 0.093000 0.118000 1000 36 0.900000 1.103000 1.071000 600 39 0.900000 0.069000 0.068000 1.200000 0.010000 0.012000
1496403753603873349	1400 40 1.200000 0.098000 0.124000 1000 36 0.900000 1.104000 1.073000 600 39 0.900000 0.069000 0.068000 1.200000 0.007000 0.008000
1496403754113457817	1400 40 1.200000 0.094000 0.119000 1000 36 0.900000 1.103000 1.071000 600 39 0.900000 0.069000 0.068000 1.200000 0.010000 0.012000
1496403754622793618	1400 40 1.200000 0.096000 0.122000 1000 36 0.900000 1.106000 1.073000 600 39 0.900000 0.069000 0.068000 1.200000 0.011000 0.013000
1496403755132083295	1400 40 1.200000 0.099000 0.126000 1000 36 0.900000 1.106000 1.073000 600 39 0.900000 0.069000 0.068000 1.200000 0.010000 0.012000
1496403755641383930	1400 40 1.200000 0.100000 0.127000 1000 36 0.900000 1.109000 1.076000 600 39 0.900000 0.069000 0.068000 1.200000 0.010000 0.012000
1496403756150630857	1400 40 1.200000 0.099000 0.126000 1000 36 0.900000 1.110000 1.077000 600 38 0.900000 0.069000 0.068000 1.200000 0.019000 0.023000
1496403756659965575	1400 40 1.200000 0.098000 0.124000 1000 36 0.900000 1.112000 1.079000 600 39 0.900000 0.069000 0.068000 1.200000 0.015000 0.018000
1496403757169242335	1400 40 1.200000 0.096000 0.122000 1000 36 0.900000 1.105000 1.072000 600 39 0.900000 0.069000 0.068000 1.200000 0.012000 0.014000
1496403757678481678	1400 40 1.200000 0.095000 0.120000 1000 36 0.900000 1.102000 1.070000 600 39 0.900000 0.069000 0.068000 1.200000 0.009000 0.010000
1496403758187870355	1400 40 1.200000 0.097000 0.123000 1000 36 0.900000 1.102000 1.070000 600 39 0.900000 0.069000 0.068000 1.200000 0.008000 0.009000
1496403758697298906	1400 40 1.200000 0.100000 0.127000 1000 36 0.900000 1.109000 1.076000 600 39 0.900000 0.069000 0.068000 1.200000 0.011000 0.013000
1496403759207324957	1400 39 1.200000 0.094000 0.119000 1000 35 0.900000 1.098000 1.066000 600 38 0.900000 0.069000 0.068000 1.200000 0.007000 0.008000
1496403759717492007	1400 38 1.200000 0.135000 0.171000 1000 35 0.900000 0.355000 0.346000 600 38 0.900000 0.069000 0.068000 1.200000 0.032000 0.038000
1496403760227553558	1400 37 1.200000 0.096000 0.122000 1000 35 0.900000 0.537000 0.519000 600 37 0.900000 0.069000 0.068000 1.200000 0.014000 0.017000
1496403760737964025	1400 37 1.200000 0.096000 0.122000 1000 35 0.900000 0.537000 0.519000 600 37 0.900000 0.069000 0.068000 1.200000 0.014000 0.017000
1496403761248127450	1400 37 1.200000 0.102000 0.129000 1000 34 0.900000 0.538000 0.520000 600 36 0.900000 0.068000 0.067000 1.200000 0.013000 0.015000
1496403761757860501	1400 37 1.200000 0.101000 0.128000 1000 34 0.900000 0.539000 0.521000 600 36 0.900000 0.068000 0.067000 1.200000 0.014000 0.016000
1496403762267143011	1400 40 1.200000 0.096000 0.122000 1000 35 0.900000 0.586000 0.567000 600 37 0.900000 0.068000 0.067000 1.200000 0.029000 0.035000
1496403762776471938	1400 41 1.200000 0.094000 0.119000 1000 35 0.900000 1.294000 1.257000 600 38 0.900000 0.068000 0.067000 1.200000 0.026000 0.031000
1496403763285631031	1400 41 1.200000 0.095000 0.121000 1000 35 0.900000 1.292000 1.255000 600 38 0.900000 0.068000 0.067000 1.200000 0.026000 0.031000
1496403763794927749	1400 42 1.200000 0.094000 0.119000 1000 36 0.900000 1.289000 1.252000 600 38 0.900000 0.069000 0.068000 1.200000 0.024000 0.029000
1496403764304051260	1400 42 1.200000 0.094000 0.119000 1000 36 0.900000 1.288000 1.251000 600 38 0.900000 0.069000 0.068000 1.200000 0.024000 0.029000
1496403764813268770	1400 42 1.200000 0.094000 0.119000 1000 36 0.900000 1.285000 1.249000 600 38 0.900000 0.069000 0.068000 1.200000 0.023000 0.027000
1496403765322446030	1400 42 1.200000 0.097000 0.123000 1000 36 0.900000 1.285000 1.249000 600 39 0.900000 0.069000 0.068000 1.200000 0.023000 0.027000
1496403765831668415	1400 42 1.200000 0.095000 0.120000 1000 36 0.900000 1.283000 1.247000 600 39 0.900000 0.069000 0.068000 1.200000 0.023000 0.027000
1496403766340909550	1400 42 1.200000 0.097000 0.123000 1000 36 0.900000 1.285000 1.249000 600 39 0.900000 0.069000 0.068000 1.200000 0.022000 0.026000
1496403766850097393	1400 42 1.200000 0.099000 0.126000 1000 36 0.900000 1.278000 1.242000 600 39 0.900000 0.069000 0.068000 1.200000 0.022000 0.026000
1496403767359219362	1400 38 1.200000 0.100000 0.127000 1000 36 0.900000 1.278000 1.242000 600 39 0.900000 0.069000 0.068000 1.200000 0.022000 0.026000
1496403767868553830	1400 41 1.200000 0.094000 0.119000 1000 36 0.900000 0.731000 0.709000 600 38 0.900000 0.069000 0.068000 1.200000 0.006000 0.007000
1496403768377729257	1400 42 1.200000 0.094000 0.119000 1000 36 0.900000 1.303000 1.266000 600 39 0.900000 0.069000 0.068000 1.200000 0.025000 0.030000
1496403768887087808	1400 42 1.200000 0.095000 0.120000 1000 36 0.900000 1.303000 1.266000 600 39 0.900000 0.069000 0.068000 1.200000 0.025000 0.030000
1496403769396517985	1400 42 1.200000 0.096000 0.122000 1000 36 0.900000 1.301000 1.264000 600 39 0.900000 0.069000 0.068000 1.200000 0.024000 0.029000
1496403769905721328	1400 42 1.200000 0.099000 0.126000 1000 36 0.900000 1.298000 1.261000 600 39 0.900000 0.069000 0.068000 1.200000 0.024000 0.029000
1496403770414920380	1400 42 1.200000 0.101000 0.128000 1000 36 0.900000 1.296000 1.259000 600 39 0.900000 0.069000 0.068000 1.200000 0.025000 0.030000
1496403770924187057	1400 42 1.200000 0.102000 0.129000 1000 36 0.900000 1.294000 1.257000 600 39 0.900000 0.069000 0.068000 1.200000 0.025000 0.030000
1496403771433264734	1400 42 1.200000 0.099000 0.126000 1000 37 0.900000 1.292000 1.255000 600 39 0.900000 0.069000 0.068000 1.200000 0.024000 0.029000
1496403771942459702	1400 42 1.200000 0.098000 0.124000 1000 37 0.900000 1.288000 1.251000 600 39 0.900000 0.069000 0.068000 1.200000 0.023000 0.027000
1496403772451626004	1400 42 1.200000 0.095000 0.121000 1000 37 0.900000 1.290000 1.253000 600 39 0.900000 0.069000 0.068000 1.200000 0.021000 0.025000
1496403772960793639	1400 42 1.200000 0.094000 0.119000 1000 37 0.900000 1.290000 1.253000 600 39 0.900000 0.069000 0.068000 1.200000 0.021000 0.025000
1496403773470060691	1400 38 1.200000 0.094000 0.119000 1000 36 0.900000 0.774000 0.750000 600 39 0.900000 0.070000 0.069000 1.200000 0.008000 0.009000
1496403773979217117	1400 42 1.200000 0.095000 0.121000 1000 36 0.900000 1.305000 1.268000 600 39 0.900000 0.069000 0.068000 1.200000 0.026000 0.031000
1496403774488341961	1400 42 1.200000 0.094000 0.119000 1000 36 0.900000 1.305000 1.268000 600 39 0.900000 0.069000 0.068000 1.200000 0.024000 0.029000
1496403774997571263	1400 42 1.200000 0.093000 0.118000 1000 37 0.900000 1.303000 1.266000 600 39 0.900000 0.069000 0.068000 1.200000 0.024000 0.029000
1496403775506786981	1400 42 1.200000 0.095000 0.121000 1000 37 0.900000 1.301000 1.264000 600 39 0.900000 0.069000 0.068000 1.200000 0.024000 0.029000
1496403776016642199	1400 42 1.200000 0.096000 0.122000 1000 37 0.900000 1.294000 1.257000 600 39 0.900000 0.069000 0.068000 1.200000 0.025000 0.030000
1496403776525772750	1400 43 1.200000 0.095000 0.120000 1000 37 0.900000 1.294000 1.259000 600 39 0.900000 0.069000 0.068000 1.200000 0.024000 0.029000
1496403777035114760	1400 43 1.200000 0.102000 0.130000 1000 37 0.900000 1.297000 1.261000 600 39 0.900000 0.070000 0.069000 1.200000 0.023000 0.027000
1496403777544238146	1400 43 1.200000 0.101000 0.128000 1000 37 0.900000 1.294000 1.259000 600 39 0.900000 0.069000 0.068000 1.200000 0.024000 0.029000
1496403778053472906	1400 43 1.200000 0.099000 0.126000 1000 37 0.900000 1.292000 1.257000 600 39 0.900000 0.069000 0.068000 1.200000 0.023000 0.027000
1496403778562821332	1400 43 1.200000 0.100000 0.127000 1000 37 0.900000 1.289000 1.252000 600 39 0.900000 0.069000 0.068000 1.200000 0.023000 0.027000
1496403779072099342	1400 39 1.200000 0.097000 0.123000 1000 36 0.900000 1.285000 1.249000 600 39 0.900000 0.069000 0.068000 1.200000 0.023000 0.027000
1496403779581364727	1400 42 1.200000 0.099000 0.126000 1000 36 0.900000 0.735000 0.712000 600 39 0.900000 0.069000 0.068000 1.200000 0.005000 0.006000
1496403780090534279	1400 42 1.200000 0.101000 0.128000 1000 37 0.900000 1.305000 1.268000 600 39 0.900000 0.069000 0.068000 1.200000 0.026000 0.031000
1496403780599850039	1400 42 1.200000 0.101000 0.128000 1000 37 0.900000 1.303000 1.266000 600 39 0.900000 0.069000 0.068000 1.200000 0.025000 0.030000
1496403781108957091	1400 43 1.200000 0.097000 0.123000 1000 37 0.900000 1.301000 1.264000 600 39 0.900000 0.069000 0.068000 1.200000 0.025000 0.030000
1496403781618147601	1400 43 1.200000 0.094000 0.119000 1000 37 0.900000 1.298000 1.261000 600 39 0.900000 0.069000 0.068000 1.200000 0.024000 0.029000
1496403782127334486	1400 43 1.200000 0.094000 0.119000 1000 37 0.900000 1.296000 1.259000 600 39 0.900000 0.069000 0.068000 1.200000 0.023000 0.027000
1496403782636635704	1400 43 1.200000 0.094000 0.119000 1000 37 0.900000 1.296000 1.259000 600 39 0.900000 0.069000 0.068000 1.200000 0.023000 0.027000
1496403783145778381	1400 43 1.200000 0.095000 0.121000 1000 37 0.900000 1.295000 1.258000 600 40 0.900000 0.070000 0.069000 1.200000 0.022000 0.026000
1496403783655051183	1400 43 1.200000 0.102000 0.129000 1000 37 0.900000 1.290000 1.253000 600 39 0.900000 0.069000 0.068000 1.200000 0.023000 0.027000
1496403784164203693	1400 43 1.200000 0.101000 0.128000 1000 37 0.900000 1.288000 1.251000 600 40 0.900000 0.069000 0.068000 1.200000 0.022000 0.026000
1496403784673276453	1400 41 1.200000 0.099000 0.126000 1000 37 0.900000 1.289000 1.252000 600 39 0.900000 0.069000 0.068000 1.200000 0.021000 0.025000
1496403785182491047	1400 41 1.200000 0.096000 0.122000 1000 36 0.900000 0.739000 0.716000 600 39 0.900000 0.069000 0.068000 1.200000 0.006000 0.007000
1496403785691769348	1400 42 1.200000 0.094000 0.119000 1000 36 0.900000 1.291000 1.254000 600 39 0.900000 0.069000 0.068000 1.200000 0.022000 0.026000
1496403786201035900	1400 42 1.200000 0.095000 0.121000 1000 37 0.900000 1.290000 1.253000 600 39 0.900000 0.069000 0.068000 1.200000 0.022000 0.026000
1496403786710295160	1400 43 1.200000 0.095000 0.121000 1000 37 0.900000 1.290000 1.253000 600 39 0.900000 0.069000 0.068000 1.200000 0.021000 0.025000
1496403787219478795	1400 43 1.200000 0.095000 0.121000 1000 37 0.900000 1.285000 1.249000 600 39 0.900000 0.069000 0.068000 1.200000 0.021000 0.025000
1496403787728669722	1400 43 1.200000 0.099000 0.126000 1000 37 0.900000 1.283000 1.247000 600 39 0.900000 0.069000 0.068000 1.200000 0.022000 0.026000
1496403788237885357	1400 43 1.200000 0.097000 0.123000 1000 37 0.900000 1.282000 1.246000 600 39 0.900000 0.069000 0.068000 1.200000 0.021000 0.025000
1496403788747107409	1400 43 1.200000 0.098000 0.124000 1000 37 0.900000 1.280000 1.244000 600 39 0.900000 0.069000 0.068000 1.200000 0.021000 0.025000
1496403789256339085	1400 43 1.200000 0.099000 0.126000 1000 37 0.900000 1.280000 1.244000 600 39 0.900000 0.069000 0.068000 1.200000 0.021000 0.025000
1496403789765775803	1400 43 1.200000 0.101000 0.128000 1000 37 0.900000 1.280000 1.244000 600 39 0.900000 0.069000 0.068000 1.200000 0.020000 0.024000
1496403790275114897	1400 43 1.200000 0.095000 0.120000 1000 37 0.900000 1.280000 1.244000 600 40 0.900000 0.070000 0.069000 1.200000 0.017000 0.020000
1496403790784282948	1400 38 1.200000 0.099000 0.126000 1000 36 0.900000 1.280000 1.244000 600 39 0.900000 0.069000 0.068000 1.200000 0.019000 0.023000
1496403791293418417	1400 37 1.200000 0.096000 0.122000 1000 35 0.900000 0.683000 0.663000 600 38 0.900000 0.069000 0.068000 1.200000 0.006000 0.007000
1496403791802423219	1400 36 1.200000 0.094000 0.119000 1000 35 0.900000 0.193000 0.189000 600 37 0.900000 0.069000 0.068000 1.200000 0.003000 0.003000
