#Timestamp	CPU_CYCLES	L1I_CACHE_REFILL	L1I_TLB_REFILL	L1D_CACHE_ACCESS	L1D_TLB_REFILL	INST_RETIRED	EXCEPTION_TAKEN
1495813497265448492	320600178	3507722	1013441	82230042	1226250	164712977	17586
1495813497766317930	500901943	5796853	1674037	120182500	1977036	231485682	29211
1495813498266932994	500616176	5755849	1693602	121964391	1990084	238721497	29196
1495813498767673682	500739892	5658841	1655531	124401772	1950105	246649323	28711
1495813499268366870	500686218	5574831	1623163	126942774	1931313	256472394	28154
1495813499769108351	500739575	3874937	1845646	137378821	2319475	222094973	25591
1495813500269858206	500765208	2895423	2118183	151536744	2532557	218335101	23418
1495813500770523436	500660385	2445538	1481388	136163878	2144432	215244498	18482
1495813501271182166	500662764	2371687	1440826	151274401	2231081	260096939	25373
1495813501771806979	500627070	1490691	807291	233575864	1075355	589921255	11077
1495813502272434251	500627857	1510336	803504	237196903	1135252	599539912	11008
1495813502773050648	500609243	920752	446836	261412289	594868	713189418	5214
1495813503273818086	500771745	975261	466679	266349222	686657	726887791	5282
1495813503774453650	500635908	1200806	540078	251562863	686519	691372669	6330
1495813504275127047	500677176	1118820	503988	252629426	654051	689452071	5722
1495813504775757110	500630739	1161060	541134	249757839	793377	715406670	6241
1495813505276380215	500625627	1234237	566686	258206764	1015812	697420938	6316
1495813505777004320	500622320	1281541	590403	255634551	1162819	690624496	6778
1495813506277701509	500697970	1242825	576850	250740710	1154843	694643683	6800
1495813506778325906	500624973	1377877	612455	250308449	1421539	673896304	7261
1495813507279021303	500698323	1183756	549396	258462516	1149416	699621873	6389
1495813507779667074	500642889	1205468	560002	250146550	1214461	694216678	6492
1495813508280304679	500640218	1544510	718505	279073770	1704460	702331800	8441
1495813508780927618	500623525	1986456	953386	248938218	2127653	567689488	11162
1495813509281552307	500623941	2355245	1190034	209447178	2462069	398101052	14139
1495813509782183037	500630949	2423146	1221150	206253105	2470786	392820926	14397
1495813510282813642	500631369	2423664	1225384	204163823	2468201	389833321	14617
1495813510783437747	500623660	2387389	1206900	207000744	2466124	394946918	14298
1495813511284116977	500680331	2398464	1189594	209232695	2470529	398448488	14140
1495813511784740499	500624715	2460061	1217751	205279416	2461586	392201255	14261
1495813512285378479	500634871	2481318	1232211	201545499	2453521	386219745	14770
1495813512786019793	500645345	2431280	1220408	204265230	2452931	390006207	14570
1495813513286661356	500644044	2431027	1220893	203212244	2718110	382870369	14375
1495813513787306670	500643825	2452675	1257871	198582497	2706171	375662761	15056
1495813514287960983	500657190	2476608	1265715	197977962	2685140	375333170	15019
1495813514788610297	500642157	2405190	1230079	201166900	2724096	379181285	14714
1495813515289265443	500634507	2468843	1252471	199719977	2670493	378010322	14922
1495813515789992507	500757267	2408979	1208479	205153604	2667004	385931918	14112
1495813516290636154	500645325	2428787	1221192	203472790	2480934	390526309	14411
1495813516791260217	500623792	2478600	1240753	199168381	2574813	379038540	14747
1495813517291902531	500638968	2411311	1202157	204155804	2592252	386363934	14133
1495813517792536969	500627336	2328136	1163382	194725122	2169129	398226314	13705
1495813518293216699	500694029	2090488	1049200	200442034	1850635	413421305	12231
1495813518793928971	500712035	2433073	1220385	200636077	2238742	392690881	14533
1495813519294556409	500625146	2225052	1092825	201892747	1981358	409177700	12824
1495813519795183181	500626371	2105027	1037718	179211966	1450302	413124679	12419
1495813520295803703	500620932	2580601	1296762	170368462	1564284	390276550	14781
1495813520796426850	500628840	2303382	1162696	172835875	1438570	400219734	13935
1495813521297050414	500619499	3229533	1592230	157477328	1920449	345628690	15650
1495813521797671352	500622623	2227746	1119593	172705394	1405416	399405010	13683
1495813522298287999	500618310	2668271	1328228	169288059	1628048	380079931	15041
1495813522798954479	500666223	2825724	1408097	164341200	1683475	376347416	15198
1495813523299575084	500622730	2167468	1094541	175527753	1386674	410262396	13337
1495813523800220981	500647223	2511382	1260992	170765038	1541485	392829468	14100
1495813524300861961	500641641	2355818	1189579	169759562	1455372	397391521	14126
1495813524801456525	500594685	2321785	1166993	170600171	1442754	398751559	13719
1495813525302127047	500666968	2380297	1200043	169112288	1470961	395589817	13882
1495813525802773568	500650514	2501199	1230116	168771271	1509434	393564619	13961
1495813526303393424	500621184	2229969	1134237	173414184	1433632	402163234	13760
1495813526804040279	500650827	2383055	1209858	170187145	1480912	396501903	13865
1495813527304654676	500613111	2295735	1142658	171497888	1427934	403119241	13672
1495813527805370114	500716279	2206493	1097765	172664130	1374816	407795903	13167
1495813528305982803	500612603	2440221	1222570	170977075	1509302	398469068	13842
1495813528806642574	500654864	2446538	1224645	170810642	1522173	392209670	13694
1495813529307492846	500855458	2364666	1196384	171234313	1473560	401481412	13775
1495813529808200451	500700225	2377399	1191750	172269261	1516380	397877005	13403
1495813530309027431	500837830	2387130	1195783	170013905	1461574	399458400	13883
1495813530809754911	500725930	2618818	1321495	165381909	1584180	384877203	14795
1495813531310494433	500738110	2437374	1222210	171394643	1494555	397777856	14111
1495813531811230663	500723053	2445018	1216049	172352829	1500503	396101702	14255
1495813532311938226	500727570	2320252	1166670	171933783	1445468	398523614	13901
1495813532812636873	500695171	2751038	1374767	164114659	1638270	377655363	14809
1495813533313347228	500712175	2755493	1373957	165288844	1645370	379800310	14953
1495813533814136666	500788419	2065895	1128593	169977192	1355403	390145255	11876
1495813534314880813	500746404	2463124	1226866	169266372	1496876	392498369	13991
1495813534815637168	500755401	2485828	1235055	169991580	1518441	384677516	13881
1495813535316296440	500664270	2652928	1331937	168803019	1596375	385828830	14682
1495813535816943545	500645619	2529618	1265959	170282667	1553130	385415265	14745
1495813536317588233	500642844	2608401	1311382	168523144	1583507	387525703	14645
1495813536818209172	500627521	2330458	1155380	171975249	1444681	400431050	13839
1495813537318936152	500726633	2550937	1273996	166659528	1558805	383994808	14744
1495813537819553257	500617659	2280442	1123318	172397216	1407134	400110304	13937
1495813538320177737	500621055	2397538	1205451	169569456	1486313	390438626	14269
1495813538820836301	500659996	2989998	1465742	161679757	1745724	366680361	15199
1495813539321461781	500626647	2259221	1133846	171786744	1409830	398531389	13636
1495813539822094428	500636852	2377983	1193236	170705276	1454768	395700927	13907
1495813540322711616	500616390	2815337	1386791	163683232	1686105	371983741	15109
1495813540823328805	500617887	2350901	1179949	170955399	1448666	393215005	13830
1495813541324116785	500789886	2467245	1191150	162152147	1553841	359148542	12509
1495813541824736098	500619297	2431979	1223138	171130158	1521044	389104676	14294
1495813542325352745	500611030	2446953	1204532	171646681	1523818	400745391	13941
1495813542825989809	500642030	2812853	1378327	164519668	1735084	373003022	14767
1495813543326606289	500619240	3109692	1534371	160373685	1875231	361178418	15556
1495813543827238186	500632821	2362765	1186764	171072450	1545888	396382973	13972
1495813544327923249	500685159	2374384	1180047	169026691	1535537	397917238	13994
1495813544828590479	500610297	2516029	1262794	168579632	1620112	387731714	14185
1495813545329204126	500669703	2474920	1237929	168726117	1592490	394499304	14364
1495813545829826606	500624785	2287799	1145563	169836564	1479896	403285134	13496
1495813546330440836	500615309	2500977	1241774	167383419	1612039	387483033	14286
1495813546831055942	500616288	2371853	1191083	169132718	1534743	397688252	13803
1495813547331676880	500618841	2271111	1133678	171260428	1497820	400955631	13636
1495813547832304735	500628729	2744660	1362096	164682957	1715396	378825519	14840
1495813548332941007	500638089	2451488	1224814	170905017	1604676	388517354	14359
1495813548833644987	500706615	2278036	1124916	171057495	1493651	400455938	13310
1495813549334267217	500618499	2571454	1293528	166776663	1632810	388306973	14516
1495813549834925531	500663196	2435268	1226616	172532464	1597135	391883701	14320
1495813550335545344	500620002	2404571	1200278	172227247	1553657	397764177	13843
1495813550836170616	500626099	2512288	1254459	167910262	1591989	390391342	14410
1495813551336785555	500616822	2370673	1172833	169253206	1519760	400620182	13560
1495813551837416410	500628740	2303668	1166736	169910246	1488637	405515989	13493
1495813552338071598	500657100	2233903	1124314	171913405	1471158	405023142	13354
1495813552838847037	500775582	2832335	1422988	163129986	1757340	370738787	15092
1495813553339459767	500608356	2174769	1086136	174254030	1450185	408846925	12898
1495813553840161289	500707023	2370671	1190983	170482466	1541147	394571170	14045
1495813554340786644	500626140	2525301	1258482	168778206	1624016	391523114	14513
1495813554841402499	500614656	2564918	1284586	168367731	1649867	381273916	14525
1495813555342031896	500630982	2338083	1160830	169978980	1521408	399941981	13647
1495813555842682751	500647644	2821438	1398339	162200456	1751038	373828657	15241
1495813556343299481	500619700	2418788	1211814	168768710	1577667	395152621	14216
1495813556843969045	500672794	2514453	1241310	168304354	1593494	388503735	14442
1495813557344582317	500615563	2292124	1145386	167221622	1479838	393144666	13250
1495813557845189297	500607339	1822993	1003315	161245007	1441806	357191146	9875
1495813558345890027	336749972	2472510	731350	76566738	1201824	162657624	12296
1495813558846543424	500671886	5828937	1701237	119592053	2005248	229512982	29470
1495813559347182654	500637478	5742487	1667083	122042909	1979489	237601022	29111
1495813559847860092	500678092	5668312	1649909	123882280	1966014	244271080	28856
1495813560348582697	500652874	5579931	1634073	126075108	1952003	252150805	28400
1495813560849269302	500757163	3786771	1246648	189385635	1510047	400153528	20637
1495813561349896283	500626281	609841	375188	172211807	583658	457555617	4717
1495813561850514929	500621451	953123	640734	201517365	901956	516939551	9851
1495813562351149951	500630988	1195049	691790	121129167	1196710	291624030	11272
1495813562851773848	500627718	592876	209280	95882620	698904	301010366	2193
1495813563352475078	500702328	305264	173339	108437436	1055786	296127910	2445
1495813563853106350	500626674	109629	58881	118469706	773634	329994304	311
1495813564353894538	500790993	535921	166570	96358145	668082	310893067	1492
1495813564854596560	500704488	485821	218985	99012738	1199925	251412186	2230
1495813565355290415	500694198	665173	378575	124165445	1071195	296850525	5410
1495813565855992479	500703072	530252	294989	110004389	1095749	258098346	3799
1495813566356691209	500698660	493395	288041	107418633	995839	260057615	3941
1495813566857418439	500726420	519916	308398	107987075	976934	260715514	4238
1495813567358115002	500698653	489754	282999	107437149	979979	260047121	3990
1495813567858897482	500783634	517556	304690	104745354	906780	279274560	4568
1495813568359588171	500691279	66844	25876	126099457	282417	462824207	112
1495813568860279026	500693340	68243	26163	447403446	548341	699797215	112
1495813569360974964	500695012	69040	25215	790085726	993076	959200645	112
1495813569861674819	500699498	75309	27992	131945534	285986	467777591	120
1495813570362375133	500695632	995283	651665	142157425	1002427	386592001	11175
1495813570863101446	500734023	2903276	817527	221735091	3215105	381610973	14381
1495813571363871551	500769276	3231022	25311	262667894	4024439	489622328	114
1495813571864563031	500691876	3172785	26128	259590532	4005391	485921813	113
1495813572365250886	500690718	3120423	25664	257002417	3994650	482223375	112
1495813572865983241	500730789	2994184	26270	249469247	3966337	473404652	113
1495813573366604721	500622873	3030150	26127	251585085	3950657	476315174	112
1495813573867226368	500622159	2975703	32365	255179563	2966210	506955233	191
1495813574367845515	500620800	4842812	25280	239515980	3742709	468464341	112
1495813574868564370	500623917	4841574	26248	235813780	3737045	463317169	125
1495813575369183892	500713278	4897893	25554	235580188	3721248	463190368	112
1495813575869802914	500622294	4790988	25302	231998979	3701750	458288961	113
1495813576370413894	500610003	4695428	24161	228888385	3711356	454084223	112
1495813576871032124	500619720	4741018	25397	230563671	3695726	457089506	113
1495813577371645646	500615562	2256378	26339	193000697	2790191	416399747	134
1495813577872258543	500614077	105068	52297	146920845	1589953	327499609	616
1495813578372874523	500617416	49779	22161	137892481	200367	288729915	112
1495813578873608670	500614743	51839	22759	135902153	197998	284526975	115
1495813579374226400	500735478	48973	20985	138418276	198505	289763615	110
1495813579874844214	500620392	50296	22162	137501841	199346	287113965	113
1495813580375464110	500622873	49737	21868	138569353	200706	290096976	112
1495813580876081257	500615772	50602	21760	136585432	198463	285918606	113
1495813581376687321	500607516	49887	21237	136350197	198019	285450030	112
1495813581877305718	500618949	51518	21837	139710089	201780	292651679	113
1495813582377997573	500695233	49822	21748	140274497	201688	292935534	112
1495813582878608511	500609388	52871	22581	136462093	198679	285668601	115
1495813583379217325	500609328	50676	21417	138855040	199615	290776957	112
1495813583879832138	500615448	50236	21253	138368893	199652	289212058	113
1495813584380467160	500636520	51479	21206	138748501	200716	290234061	112
1495813584881080849	500614800	51272	21793	138782734	201466	290579143	113
1495813585381686162	500604483	49589	21745	137142137	197666	287115221	112
1495813585882302726	500617086	52350	21974	137331454	199293	287558787	113
1495813586382907998	500607918	51321	21280	139163006	200259	290615439	112
1495813586883648894	500610126	51485	22408	137093352	199993	286986589	114
1495813587384338749	500826819	50132	21271	136561514	198386	285870945	112
1495813587884941855	500596812	51060	21788	137219482	197495	287286158	113
1495813588385552918	500611494	50301	21182	140996648	202785	294531580	112
1495813588886165773	500615031	51037	21652	139956665	203744	293115708	113
1495813589386779254	500614050	52107	21711	137414684	198634	287684645	112
1495813589887397567	500616228	52546	22456	136208190	198227	285020553	113
1495813590388007172	500611962	49553	21826	140043509	199774	292587873	112
1495813590888624861	500618427	51358	22537	138086994	201222	289110320	115
1495813591389237883	500612445	49869	21580	135638678	196578	283938836	112
1495813591889851988	500613330	4777103	26230	234874224	3571576	468698054	127
1495813592390538926	500688837	5080820	24821	237394863	3833873	479014034	110
1495813592891150448	500610327	4990974	25510	234246064	3868048	474040853	113
1495813593391768137	500619135	4939808	24201	232613144	3835785	471774670	112
1495813593892388659	500621169	4774935	24911	228094332	3830922	465528884	113
1495813594393015847	500627100	4820606	24657	227869912	3825517	465523995	112
1495813594893632327	500615610	4116195	26872	235384801	3407524	486047452	129
1495813595394249724	500619607	184840	62088	178332853	3377509	422448609	225
1495813595894873913	500626208	2294956	893865	272902829	814539	583782611	1660
1495813596395547809	500671392	480135	179658	85272836	1053442	224924661	1513
1495813596896248498	338180112	3668171	1074156	86357552	1303704	172334291	18656
1495813597396918395	500683223	5778391	1674181	120251166	1980542	231839672	29247
1495813597897548750	500624361	5698635	1652899	122149149	1965048	238377891	28966
1495813598398247647	500697555	5629238	1641243	124237340	1944418	245925235	28624
1495813598898948543	500704224	5523283	1609587	126895696	1923878	256229136	28023
1495813599399701190	500759048	2261005	699133	81136299	875151	171360633	12271
1495813599900386087	500685933	165827	83349	55747699	146743	134098463	908
1495813600401067192	500682099	160458	81999	55728796	150050	134068322	907
1495813600901749839	500683196	170791	87491	55832438	150830	134040042	955
1495813601402452235	500704141	162086	82047	55652422	145651	133880581	902
1495813601903197549	500745723	162946	82080	55617141	144128	133852535	901
1495813602403862196	500664745	159794	80946	55638374	145139	133829891	905
1495813602904473842	500611403	163311	82647	55627643	145521	133834195	903
1495813603405083239	500612271	162235	80967	55652032	144535	133913841	903
1495813603905689969	500606256	162800	81347	55646254	141915	133870972	902
1495813604406301158	500610612	163495	82226	55658087	144632	133882974	906
1495813604906914638	500614321	163110	81782	55626360	143350	133837900	904
1495813605407522993	500610459	161780	81105	55653643	142718	133896250	904
1495813605908127099	500603521	165729	81417	55685149	144210	133942306	906
1495813606408778912	500652512	165220	81264	55619968	142414	133853394	903
1495813606909382934	500606412	164701	81580	55676057	142187	133885421	904
1495813607409987914	500604276	163994	80901	55652911	141833	133866061	899
1495813607910602228	500614424	163992	80600	55644307	144244	133867703	904
1495813608411215458	500615146	163355	81294	55682421	144479	133936673	907
1495813608911823313	500608418	164538	82009	55625737	144237	133857889	904
1495813609412429085	500607206	163259	81803	55644564	144247	133863466	905
1495813609913045357	500613265	236113	121805	86589079	284113	383982392	1478
1495813610413656754	500612661	190873	100736	119977375	370094	707195572	916
1495813610914297734	500613720	196904	102055	119922330	374628	707248139	917
1495813611414902756	500634426	477609	245297	120801878	1775902	601140671	3435
1495813611915577403	500674440	624609	316824	86324444	7417878	209857000	4742
1495813612416188174	500613954	1348901	722812	139136523	2601927	312040812	11607
1495813612916796946	500610000	539787	283844	149359495	3081995	328079905	4314
1495813613417391760	500593860	111363	26505	266228038	503841	551307492	126
1495813613917983573	500592717	107279	25428	294431768	466929	562393411	118
1495813614418599262	500614962	108478	26020	301493216	428547	568913186	117
1495813614919192076	500595910	106660	25579	310549355	374919	579844029	112
1495813615419776472	500585541	105314	24812	310395252	397528	578391859	112
1495813615920424411	500635958	98030	24561	300128825	483726	563852331	112
1495813616421117141	500710455	89529	25392	293254164	508255	557566223	118
1495813616921723038	500601621	110341	26080	294830144	527168	556172602	117
1495813617422340685	500615345	102686	23639	313853618	356432	584837390	112
1495813617922961373	500624696	105522	24976	311900604	355723	581912408	112
1495813618423638187	500678079	106222	25036	309125951	414736	575064075	113
1495813618924256417	500619822	107140	25421	311157225	404659	577755068	112
1495813619424875897	500620043	106426	24792	300693914	481035	567639881	114
1495813619925490669	500615428	106565	25156	310449173	397780	578017776	112
1495813620426112441	500618418	105149	24838	313992750	356409	583840267	112
1495813620926724421	500616277	106438	24917	312532322	374404	580687353	112
1495813621427391693	500666682	106280	24603	310884208	405004	577887913	112
1495813621928013381	500623540	106695	25019	308668208	429657	572734902	111
1495813622428639736	500625847	106191	24917	305603991	439181	569814044	112
1495813622929257383	500617644	110358	26120	301615011	461027	567134684	115
1495813623429872072	500616977	105087	24721	309544203	381367	577649621	112
1495813623930501219	500627097	105852	24812	312269417	390694	581676431	112
1495813624431118782	500619972	106423	24918	307406605	405971	573103698	112
1495813624931755596	500638468	107166	25037	308132976	417730	573331108	112
1495813625432373576	500618904	106135	24757	308248744	424165	573289694	112
1495813625932990639	500618467	106939	25156	302845389	479056	563878720	112
1495813626433613328	500622058	107636	25270	299481742	498280	562402250	114
1495813626934224475	500613035	108409	25505	310944327	432097	575329883	113
1495813627434839247	500613189	105907	24513	312469147	427832	577261950	112
1495813627935453477	500616243	106068	24946	309675602	459405	573615566	112
1495813628436073582	500618940	107996	25264	305317968	496043	565700676	112
1495813628936697896	500625491	106411	24905	305871172	443730	572486741	112
1495813629437334084	500639248	108260	25360	305031533	490185	566121913	115
1495813629937947648	500613011	107174	25042	314215042	381805	582247832	112
1495813630438658711	500712903	107817	24508	312191830	442522	577221776	113
1495813630939271691	500614113	108394	25041	309831378	460888	571695465	112
1495813631439992671	500720325	107486	24870	299313000	515066	561802733	113
1495813631940623318	500632964	107743	25864	302098422	490216	564887014	114
1495813632441256048	500633074	104091	24255	311901377	433974	576272615	112
1495813632941888903	500630825	106756	25000	306733943	493371	566275577	112
1495813633442529467	500642930	106668	24072	305763196	487723	569049034	114
1495813633943168614	500638337	108356	24628	303186635	523081	562820335	112
1495813634443981719	500813154	102517	25181	302696636	512831	562921050	113
1495813634944682365	500703435	112787	26082	295138671	520726	562704393	116
1495813635445393096	500709959	108507	24006	275689428	572235	557446696	116
1495813635946091534	500700822	101277	31139	177182473	795373	484406893	142
1495813636446805181	500712000	119445	28727	205719118	691869	488655542	152
1495813636947513161	500711490	116473	28499	276614255	565101	538800800	141
1495813637448208474	500694435	177814	70457	187478262	956433	432486802	844
1495813637948991037	500784807	139694	57110	165378115	1240068	408329464	518
1495813638449697309	500704770	122233	49959	172612238	1517105	422833163	472
1495813638950404623	500709285	133689	53337	176812498	1628511	431594251	508
1495813639451116853	500712063	134730	54149	173879073	1693890	412419847	527
1495813639951822999	500705871	146343	59122	172959593	1807128	394335336	538
1495813640452585854	342954209	3174218	932418	91584030	1262348	186350499	15844
1495813640953366084	500819896	5817621	1686241	119970405	1990013	230913119	29394
1495813641454071856	500711290	5755246	1681823	121787828	1985981	237955112	29167
1495813641954697795	500624196	5675801	1650710	124040790	1941530	245470198	28791
1495813642455342900	500648133	5591298	1629327	126379573	1919159	253562925	28410
1495813642956034422	500692279	2898790	952368	182762733	1373257	386276656	16483
1495813643456648652	500616529	58655	22779	191876008	745436	442099816	145
1495813643957261340	500615296	56132	21182	195175691	746986	447961652	113
1495813644457858071	500595561	54256	20428	195299861	747740	448621897	112
1495813644958528509	500608246	55906	21248	195214312	747462	448424489	113
1495813645459188114	500725210	54037	21140	195575223	748135	448803114	112
1495813645959896011	500708910	55147	21624	195301987	748068	448525744	113
1495813646460505866	500607634	55423	21180	195394768	747232	448500997	112
1495813646961127930	500621554	57357	22614	195159222	747463	448185437	114
1495813647461748326	500621405	56077	21587	195232774	746993	448284944	112
1495813647962370098	500621955	57965	21951	195290435	747385	448341145	113
1495813648462986870	500620206	54655	21017	195241122	747528	448470057	112
1495813648963601809	500612914	56658	21444	195455921	747994	448673061	114
1495813649464224747	500625972	55238	21106	195261856	747353	448548789	112
1495813649964852352	500626244	56459	21269	195189827	746931	448099898	113
1495813650465473791	500621964	56824	21369	194531957	749095	448341906	111
1495813650966170271	500697179	58272	23044	194617563	751165	448359554	114
1495813651466792918	500622823	56106	22848	194366655	753041	448262963	112
1495813651967412565	500621666	56892	23026	194359787	749507	448464919	113
1495813652468025795	500612304	55400	22434	194516336	750819	449082701	112
1495813652968672983	500650508	58123	23174	194448043	751644	448981610	114
1495813653469298589	500625694	55509	22490	194150718	752642	448778727	112
1495813653969927444	500626885	57429	23368	193954167	752185	448465147	113
1495813654470551507	500626804	55957	22988	194023690	752294	448614601	112
1495813654971173404	500622590	59867	23181	194051780	759483	448869799	116
1495813655471788843	500616315	57105	21910	193856893	772728	448518339	112
1495813655972412948	500624248	57795	22470	193652639	776758	448506870	113
1495813656473021553	500609877	56966	22963	193576556	775940	447945565	112
1495813656973651742	500628028	57285	22700	193522148	776723	448108200	114
1495813657474284013	500635926	56104	22692	192985610	841138	446942885	112
1495813657974906369	500621364	56947	22819	192786836	846036	446665342	113
1495813658475523682	500617905	56324	22258	192838156	850648	446824339	112
1495813658976143454	500620955	59485	23184	192982762	847333	447140918	114
1495813659476767476	500625615	55750	21691	192731770	844111	446606474	112
1495813659977380873	500613573	57627	22701	192748739	846407	446639518	113
1495813660478069603	500689239	55658	21559	192984307	849529	447168943	112
1495813660978750083	500683381	58384	22490	192709012	850467	446575773	114
1495813661479366855	500614880	54792	21449	192793687	849018	446704033	112
1495813661979988418	500622386	56160	22441	192686095	854203	446530022	113
1495813662480606898	500619523	54188	21708	192405684	865986	446020272	112
1495813662981227629	500621823	56839	22449	192468792	859287	446131293	113
1495813663481846400	500619945	56155	21825	192309530	869249	445834856	111
1495813663982466047	500618297	56206	21777	192372874	865859	445929346	113
1495813664483108527	500642941	56506	21278	192398693	874153	446030681	112
1495813664983801674	500696052	57243	22102	192463724	866852	446058244	114
1495813665484408654	500608665	56585	21842	192387675	867852	446020545	112
1495813665985018635	500608377	56412	21668	192357368	864426	445883323	113
1495813666485637365	339573584	1675803	503445	113941294	915775	252313248	8369
1495813666986272845	500629552	5816836	1694887	119002881	1997385	228026514	29510
1495813667486940492	500677490	5729572	1662821	121720719	1968170	236525389	29116
1495813667987585639	500624645	5662966	1641498	123288599	1950563	242369146	28836
1495813668488216744	500650373	5589659	1627290	125636036	1938930	250640301	28511
1495813668988987474	500770865	4532835	1374740	125339530	1768709	271691892	23883
1495813669489698537	500713824	916793	509260	116616907	1320721	296949198	7439
1495813669990377184	500679681	393342	166644	90556776	2241592	210384561	1888
1495813670491080789	500703668	53025	27682	172968204	2911627	360661664	112
1495813670991684228	500605179	55817	33507	172796748	2870570	361186957	114
1495813671492283083	500599210	52135	29675	173104463	2774344	360916105	112
1495813671992888355	500604970	53653	30492	173232280	2605538	361988997	113
1495813672493522502	500595409	52495	28609	173384371	2594761	362147740	112
1495813672994120982	500640152	55938	27885	173194446	2712329	361060722	113
1495813673494715504	500594551	53347	28377	173222029	2678731	361786478	112
1495813673995309859	500591949	54453	24814	173314435	2793631	362209021	113
1495813674495929297	500610615	52050	25509	173251084	2711003	362456793	112
1495813674996613527	500702240	53574	34710	173129603	2786220	362541142	114
1495813675497222424	500604155	53470	31573	172945221	2967001	362031317	112
1495813675997836738	500614575	54464	29657	172964595	2985720	361093357	114
1495813676498509343	500614115	52370	28683	173047972	2823675	360591387	112
1495813676999126115	500678029	55474	30071	172958372	2819936	361453835	114
1495813677499737595	500612520	54502	28654	173347863	2497614	361659273	112
1495813678000349159	500612254	54719	29198	173832012	2405490	361945011	111
1495813678500956264	500608013	52636	27711	173876742	2105517	362532671	112
1495813679001571411	500614762	54348	27106	173901649	2346635	361117320	114
1495813679502183933	500612483	52827	27972	173923038	2281484	361780369	112
1495813680002860663	500680569	54442	30966	173651945	2302107	362274074	113
1495813680503533809	500613848	52921	26020	173664353	2281561	361942816	113
1495813681004141706	500667574	54213	22922	173601484	2311468	361782869	113
1495813681504753936	500611227	53970	30096	173442280	2390938	362561274	112
1495813682005372750	500619461	54276	30064	173433583	2460413	362448201	113
1495813682505985064	500614183	55257	28402	172993644	2738504	360441340	112
1495813683006606669	500620962	55328	31045	172923401	2917268	360562636	114
1495813683507222566	500616706	52842	27362	173030467	2902655	360612058	112
1495813684007842254	500618990	126834	56189	147996699	2466162	317715566	490
1495813684508537651	500630793	422341	170086	114643495	1533085	280282193	2039
1495813685009153631	500682930	56303	24266	173830219	1738760	361735443	113
1495813685509768070	500614872	52998	27283	173537640	1666096	362017901	112
1495813686010381800	500613849	54360	25907	173753088	1689768	361762526	113
1495813686510997280	500616041	52149	22087	173676215	1867345	362315506	112
1495813687011618344	500622253	54894	23317	173758458	1907601	362201994	114
1495813687512239490	500622254	53053	24328	173996145	1827382	362214275	112
1495813688012855054	500617153	54222	25928	173737192	1833331	362078987	113
1495813688513504909	500612604	53324	25296	173754728	1722635	362252844	112
1495813689014120889	500653821	54786	28228	173659620	1836157	362656572	113
1495813689514736286	500618100	52689	32279	173568294	1691524	362830557	112
1495813690015418433	500682639	54369	32252	173833833	1583597	362960172	113
1495813690516035455	500618203	52879	31389	174016503	1713951	362853080	112
1495813691016649310	500613752	55798	30178	173834083	1735316	361344758	114
1495813691517263082	500614155	53483	30776	173822983	1607878	362999146	112
1495813692017878145	500617345	54667	30066	173862425	1693272	362401495	113
1495813692518560667	500615348	55261	28934	174107343	1712588	362081872	112
1495813693019176522	500684287	54307	27959	173980106	1959285	362018600	110
1495813693519788127	500612946	53887	28648	174374093	1843007	361336357	112
1495813694020402024	500614520	55954	28422	174067112	1806524	361916277	113
1495813694521008213	500606820	53188	29182	173710749	1806544	362137380	112
1495813695021618610	500611662	56738	29339	173874753	1876531	361835116	114
1495813695522234257	500615641	53096	28383	173892308	1821592	362378093	112
1495813696022846695	500611208	54846	31670	173577920	1726845	362560655	113
1495813696523526134	500613909	54965	31236	173950026	1659679	362928319	113
1495813697024147322	500690774	55970	30297	173909083	1768834	361933795	113
1495813697524758094	500610907	55367	33602	173952324	1743065	362383358	112
1495813698025372449	500616210	55711	28164	173960572	1749495	362473394	113
1495813698525983679	500611257	209880	86598	140886811	1647252	310819093	867
1495813699026625285	500640543	340935	143671	123172223	1597188	290242131	1666
1495813699527333931	500708665	54442	26886	174197701	1716873	363235858	112
1495813700027940370	500608343	54509	31452	174009025	1664497	364007743	113
1495813700528605183	500663485	53259	28673	174361791	1677037	363770162	113
1495813701029219538	500616800	54822	23411	173869754	1904610	363718771	113
1495813701529823144	500604879	53203	25332	174129814	1873318	363616754	112
1495813702030424416	500603319	53735	25420	174223566	1793718	363550805	113
1495813702531038021	500613702	51730	24783	174021717	1809507	363784948	112
1495813703031647959	500609689	54619	25936	174038834	1722771	363889530	114
1495813703532248106	500601027	52572	25332	173848393	1830547	364173600	112
1495813704032903836	500650639	53668	32194	173850595	1639819	364211919	113
1495813704533869983	500975416	51932	31076	174326625	1519349	364545035	113
1495813705034545838	500674116	55431	31723	174259008	1724953	363804184	113
1495813705535232776	500687110	53913	29090	174081580	1704160	362543499	112
1495813706035919298	500686514	54848	29118	173818861	1581458	363575733	113
1495813706536610653	500692248	53851	26816	174072013	1714813	363250114	112
1495813707037296508	500686330	55809	27533	173996668	1778273	362609471	114
1495813707537987780	500691001	53673	28409	174004273	1918784	362645574	112
1495813708038808843	500823026	54814	26399	174421083	1840224	362213672	113
1495813708539494115	500684732	53378	27287	174006468	1799468	362578714	111
1495813709040184178	500692803	53428	26958	173744687	1761816	362483912	113
1495813709540896783	500714135	52868	27704	173957682	1866798	362402324	112
1495813710041508597	500609935	53745	27401	173765260	1814416	363099043	113
1495813710542121661	500615153	54683	28648	173701181	1745482	363326249	112
1495813711042737766	500615821	55777	29722	173839672	1622747	362854613	114
1495813711543352829	500616924	54669	31147	174232117	1725315	363002156	112
1495813712044082893	500730459	55424	27827	174438995	1730358	363733389	114
1495813712544700623	500618479	53412	27279	174062206	1731936	362804863	112
1495813713045320353	500618330	318474	134285	127539743	1458651	296170337	1520
1495813713545941375	500623476	221155	94405	135217299	1731701	302623626	1021
1495813714046562272	500620518	54785	26246	174097926	1678738	362758444	113
1495813714547184585	500623428	53459	27842	173770176	1688737	362859104	112
1495813715047818149	500634921	55423	26375	174077709	1729518	362619422	114
1495813715548435337	500616855	53761	23035	173785619	1942937	362472052	112
1495813716049181942	500748570	54140	25893	174127412	1867662	362970265	114
1495813716549799839	500617402	52266	24396	174161736	1796783	362869879	112
1495813717050415569	500617234	53829	25555	173791063	1799415	362775432	113
1495813717551032258	500617840	53006	25224	174095627	1711472	363203033	112
1495813718051644946	500612901	56039	28210	173697396	1817630	363411669	113
1495813718552269635	500626710	53552	32900	173789912	1623390	363813085	112
1495813719052960573	500690979	57161	33970	174037064	1544758	363667691	114
1495813719553681220	500718538	55959	29205	174185073	1736796	363144995	113
1495813720054295992	500618795	55946	28410	174097007	1693795	363057149	113
1495813720554912597	500616594	54259	27905	174087590	1581093	363714314	112
1495813721055534327	500618308	56091	27914	174326537	1753558	363234425	113
1495813721556151141	500621610	54489	31118	174240223	1820077	363126771	112
1495813722056779913	500629941	53994	27335	174215944	1935515	362716863	113
1495813722557396810	500615580	54789	27391	174425746	1862616	362270744	112
1495813723058006706	500612884	55845	29759	174280768	1816145	362951650	114
1495813723558639603	500633419	53369	34250	174230256	1737098	363380282	111
1495813724059252917	500613634	55221	30014	174159155	1885665	362696798	113
1495813724559869564	500613690	54007	29487	173920997	1798936	363143392	112
1495813725060479794	500613624	56200	30289	174003535	1744327	363629139	113
1495813725561091607	500611980	54738	31515	174006542	1632281	363212820	112
1495813726061705671	500616328	55214	29686	174330393	1732539	363406257	113
1495813726562319151	500613958	53544	26835	174456825	1757764	363414566	112
1495813727062930381	500611935	56618	29725	174301407	1751158	362800818	114
1495813727563598070	339707575	1186509	356964	90336302	1160222	195135664	5794
1495813728064279508	500691423	5846376	1691038	118554072	1996207	226322772	29553
1495813728564920863	500621619	5734821	1653292	121447792	1964821	236012959	28963
1495813729065705593	500802808	5685071	1641604	122744334	1953616	240564899	28835
1495813729566341865	500631990	5595485	1623326	125194517	1940570	249694253	28428
1495813730067034179	500698067	4991247	1482422	119241926	1820198	240232437	26027
1495813730567648867	500613165	356121	177988	76869195	538578	211392207	2408
1495813731068263847	500611494	1807024	1219747	107387745	1802834	203633905	19784
1495813731568969161	500712537	658965	474097	88960197	4231423	205037772	7137
1495813732069570224	500602128	77861	24083	101270354	1738493	354510873	122
1495813732570172246	500599653	117422	24879	92978360	3200944	408549715	112
1495813733070785935	500614929	121524	24780	96393931	3010493	424315164	113
1495813733571397665	500615991	118888	24634	98360569	2780722	433535895	112
1495813734072076853	500678898	128781	25004	98614360	2716559	434591139	113
1495813734572769667	500690475	120663	24883	95828284	3127990	421995237	112
1495813735073587272	500693543	119090	25466	92958862	3229359	408574789	115
1495813735574288127	500826442	126723	24593	97553353	2846010	429623719	112
1495813736074982190	500694033	127421	25622	100081819	2643601	441239731	113
1495813736575675170	500695174	120929	25236	95833442	3061584	422007803	112
1495813737076364442	500690192	125476	25643	96441272	2928636	424221453	113
1495813737577059255	500694369	187629	23512	139443544	386518	625166950	112
1495813738077753402	500695758	194868	22842	144965213	103372	651273769	111
1495813738578556132	500729922	67923	23643	74841236	1521185	286638796	122
1495813739079187821	500703024	61277	29409	100807736	2545759	320122983	121
1495813739579820801	500636508	117510	25364	96163759	3217336	410679492	113
1495813740080433114	500611839	118143	25230	95247137	3050672	419101564	113
1495813740581054095	500621715	122693	25044	97398947	2832734	429083358	112
1495813741081678408	500625462	131144	25027	101525320	2423258	447262578	113
1495813741582297513	500619471	123440	25056	97650233	2901152	430442139	112
1495813742082917368	500621544	120710	25751	93321777	3253353	410399345	113
1495813742583602849	500616363	121192	24282	96860199	2897313	426379720	113
1495813743084233912	500702200	125448	24899	96784077	3019451	426877045	114
1495813743584854267	500619489	129795	25008	100720435	2391377	443267615	112
1495813744085483372	500631984	122795	24675	96471832	3014622	425018615	113
1495813744586103728	500619965	163124	24314	123242094	1373728	549641973	112
1495813745086719791	500617780	194207	23621	144916495	118739	650999460	113
1495813745587340021	500618435	112039	23258	106829470	456595	463861349	115
1495813746087960835	500620776	57436	25749	76944471	3364916	229213387	126
1495813746588634357	500676990	102415	24264	105532479	2452224	408196458	114
1495813747089253003	500618589	122530	25863	94526201	3045905	415521027	114
1495813747589866192	500615022	126584	24581	96387559	3054204	424690901	112
1495813748090559797	500692182	127374	26016	98323671	2698039	432120242	113
1495813748591174944	500616450	123282	24631	97179913	2898068	428502123	112
1495813749091792383	500619087	121047	25346	93571944	3307697	411494397	113
1495813749592410571	500617527	119352	24819	93321874	3269329	410579988	112
1495813750093028426	500617654	128965	25006	98494136	2714362	434251184	113
1495813750593645240	500622260	121950	25155	96924254	2845879	425185472	113
1495813751094260053	500613822	123710	25161	97112556	2883887	427914235	114
1495813751594870533	500609532	141672	24336	108815671	2277776	482673216	112
1495813752095483805	500614104	194255	23000	144816251	110727	650482653	113
1495813752596103327	500616066	148086	22918	124211133	291126	548054620	112
1495813753096717307	500619270	59053	26235	72321047	3209927	233303072	124
1495813753597332788	500615493	84224	24285	107611744	1805637	388031662	115
1495813754097937851	500606649	119220	25229	92194375	3360204	405106461	113
1495813754598608998	500666910	123845	24654	97633785	2800295	429735863	113
1495813755099222728	500617416	129156	25869	97676585	2809752	429979485	114
1495813755599846125	500625246	120774	25208	97379254	2894896	429227080	112
1495813756100463230	500618097	123061	26168	96054967	3053465	422724692	113
1495813756601070794	500609025	119189	25285	93501189	3151350	410813353	112
1495813757101685649	500615244	127793	25752	96663897	2959765	425877869	113
1495813757602301254	500616132	130104	25117	100055887	2528020	440390064	112
1495813758103007859	500707659	125025	26299	97056441	2891755	427583378	113
1495813758603677464	500669385	121693	25428	95966122	3002344	422027161	113
1495813759104314986	500636601	195928	23781	144754002	106155	650159885	114
1495813759604973133	500658303	182612	23247	140756668	155636	627286641	114
1495813760105601280	500631891	57985	23831	71988301	1943236	260602739	122
1495813760606239468	500639403	66179	24409	105935747	2336058	350001989	117
1495813761106880407	500640744	120224	24815	92960166	3306456	408820389	113
1495813761607512387	500633448	122789	25053	95662193	3033676	420776302	112
1495813762108141867	500627544	124728	24823	96552119	2939077	425090417	113
1495813762608943472	500804004	124678	24924	99588689	2580531	438022345	114
1495813763109593661	500646537	117573	24833	95810055	3128612	422129832	113
1495813763610305016	500720433	122172	24949	94347480	3092647	414830640	113
1495813764110941704	500629893	121466	24389	95342478	3147506	419541615	112
1495813764611653809	500714631	126043	24483	97045229	2947472	427681902	113
1495813765112371956	500719599	121341	24369	97610737	2837738	429563953	112
1495813765613090769	500721215	120256	24346	96163952	3028193	423312609	113
1495813766113908708	500816917	174113	24068	130488874	901718	583296193	113
1495813766614616563	500709640	197854	24256	144850859	118594	650759721	113
1495813767115325543	500706602	86258	23619	88482670	761057	374246724	116
1495813767616133814	341579547	2766841	805906	85473246	1291986	180173365	13658
1495813768116800919	500668113	5793787	1666476	119874911	1987248	230139175	29286
1495813768617522274	500727850	5730823	1648339	121910385	1968628	237337549	28973
1495813769118166255	500640522	5645296	1627905	123789815	1955565	243929060	28702
1495813769618949151	500788521	5582275	1612873	126190461	1933100	252531126	28353
1495813770119592715	500640677	4444664	1650259	129372865	2184360	237544178	29936
1495813770620269236	500677368	2532773	1520297	136423750	2204668	269322165	28651
1495813771120941842	500669400	2848983	1793527	142477977	2541142	238662916	32843
1495813771621619655	500680321	2818149	1954421	142413470	2496699	238338103	32778
1495813772122314302	500690873	2905375	1942923	142657419	2495708	238722321	32829
1495813772623001574	500692056	909821	634054	66236011	916689	122519637	10526
1495813773123785637	500788818	1053385	551421	157446930	889485	406666862	9097
1495813773624418992	500633132	87078	54086	186919442	499497	585236682	113
1495813774125054264	500636806	89094	43670	184834320	493109	580347042	112
1495813774625685452	500632828	90570	49618	190783972	469723	584921117	113
1495813775126317224	500632594	91927	29041	194909239	499897	570063118	113
1495813775626950246	500633403	91348	28356	193723274	481134	574814060	113
1495813776127583851	500630255	91545	36160	192151034	432695	560773676	112
1495813776628216581	500637527	94061	46401	186217482	491487	556255628	113
1495813777128961353	500742928	93121	36179	188660455	496940	573489731	113
1495813777629670125	500710618	91602	34402	185831720	563076	571977159	113
1495813778130277980	500609268	91892	40620	181199299	513123	557655010	112
1495813778630890002	500613743	92012	40200	184418548	538246	561281160	113
1495813779131502482	500611391	90418	41396	180975203	530568	558322872	113
1495813779632121129	500617406	95237	43261	189831059	465973	565282476	113
1495813780132742567	500623904	92871	34617	195518454	458610	573035362	112
1495813780633358798	500617689	92687	34440	190888130	514726	565880323	113
1495813781134079903	500720636	91065	36099	189395400	511830	561288032	113
1495813781634698466	500618782	93546	48980	189782550	420387	561140378	112
1495813782135318238	500621365	91902	39085	194795995	410674	562359609	111
1495813782635928677	500612742	94915	35002	194532048	447230	551315665	113
1495813783136538699	500610431	96295	35966	191855058	441185	552771866	113
1495813783637140345	500603133	95750	43599	192498419	444192	557079680	113
1495813784137749659	500607172	93564	31906	198685626	468605	552598792	112
1495813784638359014	500611148	93517	34177	196284500	473279	553061557	113
1495813785139090369	500730660	93390	28964	194908125	481883	555192335	113
1495813785639702599	500615157	99871	31348	192068792	517278	555151827	113
1495813786140313955	500612295	93802	29249	194232493	478987	563448900	112
1495813786640925726	500611596	96205	35131	189123676	480941	536446081	113
1495813787141630998	500705780	95579	34097	191814301	519332	539014746	113
1495813787642275145	500645511	98467	35163	189567584	455034	523388999	113
1495813788142903750	500628045	91960	35661	189398583	518183	529918179	112
1495813788643637189	500637259	97082	38647	195157856	403570	559365715	113
1495813789144263544	500725066	91843	38946	194117035	433556	571653669	112
1495813789644898816	500634671	95283	38543	191552698	508592	562997514	113
1495813790145534671	500636410	94022	33816	194229936	370266	556960631	112
1495813790646160984	500630375	92937	28683	198510840	346471	576486319	113
1495813791146787964	500622966	90771	29379	189190842	448497	594816075	113
1495813791647413320	500629452	90147	30739	185096049	480724	591849580	113
1495813792148087300	500658918	82618	34882	186185468	512411	591188579	112
1495813792648938988	500868718	88788	30992	184397074	457878	557843439	114
1495813793149568801	500628052	89191	28507	185898021	324795	549707494	112
1495813793650201282	500634403	89151	28657	184654664	301798	554925804	113
1495813794150840137	500639401	91201	28040	188553806	298050	564071582	112
1495813794651476117	500637951	90471	26791	194917215	258245	585685963	113
1495813795152192180	500713838	93005	26954	195262411	297897	573161006	113
1495813795652906827	500716615	94782	28884	190593136	337079	553013464	113
1495813796153614765	500709100	98357	28345	190375075	247932	527308854	113
1495813796654323287	500709274	92925	29479	188638915	294660	521874256	113
1495813797155045517	500723570	91773	27652	191258751	313414	547667653	109
1495813797655663497	500617745	93617	28830	189475254	372038	554160480	113
1495813798156282353	500616568	96304	29343	191681230	264406	550760827	112
1495813798656895791	500615750	96488	31006	185776523	371881	539615944	113
1495813799157508313	500612897	99509	30847	188927177	286527	531156083	113
1495813799658125293	500619445	95104	33361	185634616	390098	576024335	113
1495813800158883232	500757463	97851	29815	196676909	353273	569479253	113
1495813800659497670	500614792	99497	30218	195711849	342920	562015562	113
1495813801160105817	500610052	99671	29330	195663647	372369	554888226	112
1495813801660714422	500608350	99556	29638	193150542	312289	548243158	113
1495813802161330569	500618651	94944	29609	193907657	410068	533068965	112
1495813802661944966	500615228	92742	29255	205680554	425477	516912141	113
1495813803162558571	500612602	93170	28939	205398000	451577	509919517	113
1495813803663190218	500633282	92413	34477	199171475	318490	550663759	113
1495813804163891073	500702110	94847	37114	193118812	386220	538560059	113
1495813804664504678	500613328	89667	29527	200835131	437927	537612164	113
1495813805165113617	500609632	89287	31252	198194342	462834	544062944	112
1495813805665730514	500615523	96057	32249	195149798	509386	525747148	113
1495813806166344494	500615834	94662	33931	194853690	553722	529660212	112
1495813806666964141	500618645	96343	32508	198827401	511283	550433465	113
1495813807167657829	500693781	95015	32004	200317985	506752	539589279	113
1495813807668274893	500620684	98634	33445	197488387	481958	550523645	113
1495813808169028123	500753012	93561	36489	197597685	444036	557107725	113
1495813808669643144	500617499	94984	37554	194866401	473324	553647528	113
1495813809170252750	500610730	92792	34973	196620618	414002	547981322	112
1495813809670869188	500617253	97311	39404	192325415	520604	548856586	113
1495813810171483418	500614408	98803	34954	192400209	529139	536211137	112
1495813810672093774	500611395	95977	36403	189438186	500509	552191440	113
1495813811172705087	500611095	99808	34481	192650426	493432	555501784	113
1495813811673311317	500607303	98773	33785	194503325	420884	555226188	113
1495813812174070339	500761043	101045	33305	194668451	508659	548104681	112
1495813812674683444	500612501	105540	32078	193317870	474809	533760441	112
1495813813175291883	500607955	99327	32733	196729735	458257	560974615	112
1495813813675904196	500613793	98303	31373	188194520	399915	564638093	113
1495813814176513135	500609778	105428	29364	191026480	313975	553323847	112
1495813814677123073	500609975	104677	30453	190239002	308540	537163364	113
1495813815177735012	500612667	109573	32079	191554947	288496	541998200	113
1495813815678347159	500614882	102570	33106	193437667	404048	524976587	113
1495813816179048431	500700449	99705	33277	192538776	501069	514244093	113
1495813816679735911	500686002	108142	33153	192873887	556076	525253741	113
1495813817180344932	500612709	111365	34032	194420332	548478	531741688	112
1495813817680946454	500600268	115456	34214	191314800	588649	527212889	113
1495813818181549226	500606331	116051	32839	191295741	546206	523849767	112
1495813818682160748	500608122	116649	32632	185788806	488644	531783801	113
1495813819182790187	500631174	112781	33585	184704219	487353	509843461	113
1495813819683400417	500612763	117469	34360	185622432	652169	504231852	113
1495813820184129105	500729166	125565	33949	180693596	683969	499040916	113
1495813820684729544	500601426	120560	34006	173430434	816883	466580665	113
1495813821185344982	500615715	110348	32356	152297212	1145237	398641769	112
1495813821685974421	500623170	85100	27381	125260789	1657613	302287856	113
1495813822186644943	500684136	65047	25824	128568634	840730	352945499	131
1495813822687249298	500599089	55601	23359	152920464	328938	462611666	113
1495813823187867861	500617200	59596	24180	149548239	357574	452055288	113
1495813823688619133	486565950	477049	151685	142200102	527193	358910893	1754
1495813824189343613	354635395	3903649	1148704	90295740	1376177	180324755	19820
1495813824689982218	500635795	5790745	1691649	120544421	1966604	233298457	29283
1495813825190624240	500635396	5714656	1662264	122222641	1943562	238488994	29077
1495813825691316970	500649663	5641064	1640797	124486647	1915648	246830879	28674
1495813826192052867	500736939	5535440	1612998	126180725	1905289	253682802	28142
1495813826692749972	500702910	3602324	677535	147793410	1085139	419494029	10936
1495813827193367952	500618436	93148	26478	149765709	887287	362164232	113
1495813827694058099	500691447	103022	28352	149064441	882220	359119210	134
1495813828194679162	500618500	109850	27349	149121917	870419	352106992	112
1495813828695302768	500626135	103793	27520	148804516	877195	354366063	113
1495813829195928498	500626927	88746	26075	149333853	883328	359396007	112
1495813829696552103	500623547	90513	26682	149110151	869517	357584466	113
1495813830197257416	500706742	97881	27035	151191975	915209	361857824	112
1495813830697950563	500692699	91746	27139	150220823	877148	359741282	113
1495813831198680960	500730649	95299	27349	148929885	851724	355589229	114
1495813831699370315	500691105	96855	27932	148483757	854640	354009652	113
1495813832200063878	500693526	111550	27303	148521454	856223	346118078	112
1495813832700755150	500693134	113336	27645	148767881	867606	347073490	113
1495813833201445838	500692606	109374	27281	148531117	849308	348908403	112
1495813833702138402	500691382	110663	28031	149008651	841973	348026191	113
1495813834202827715	500691370	92501	26808	147511149	835453	352231268	112
1495813834703542987	500677301	94430	27581	147772329	835702	351958788	114
1495813835204238134	500733622	101040	28405	148132722	848648	351733454	113
1495813835704934239	500696927	103248	28232	148367437	845348	352212633	113
1495813836205663886	500731809	104972	28076	148942392	853622	353727658	112
1495813836706286157	500621818	94698	28381	149814074	853237	356907328	113
1495813837206905721	500620762	86564	26782	149684612	866387	359010150	112
1495813837707531118	500624737	95350	27849	148946261	856601	356175931	113
1495813838208151098	500620002	97136	27933	148022453	848916	351473090	112
1495813838708817078	500668007	99638	28305	146156717	834038	347098720	114
1495813839209434058	500617739	104141	27812	148642588	836127	348409509	113
1495813839710059830	500625678	100017	28349	147644544	818676	347503423	113
1495813840210678144	500619258	95705	28083	146444117	821780	347250474	112
1495813840711296457	500619477	105745	28159	148279480	834182	349426617	113
1495813841211911729	500614139	106329	27420	148963322	848953	355034880	112
1495813841712522334	500613270	108104	28371	148106458	838619	350322747	113
1495813842213139481	500617956	104500	28252	148678082	828362	351669949	110
1495813842713942878	500803829	99673	28658	148720414	849006	353937399	115
1495813843214558858	500615015	105459	28540	148628642	839254	351650082	113
1495813843715178838	500620646	103836	28368	148128601	833726	349327809	113
1495813844215800068	500622886	100581	28748	147902483	833287	348558522	112
1495813844716414590	500614629	102424	29520	147937936	821095	348698178	113
1495813845217059445	500622381	101938	28974	149256330	844899	352865607	112
1495813845717700634	500665716	110812	29492	149366426	851298	351108999	113
1495813846218398656	500698056	95906	27560	150068555	860869	359550935	112
1495813846719065594	500668038	95485	28559	148672857	821967	349568678	114
1495813847219682991	500618562	95421	28274	148910396	820625	349994287	113
1495813847720304179	500621987	100166	28260	148368497	829924	348252353	113
1495813848220921160	500615883	97630	27929	146009321	813411	345431683	119
1495813848721535682	500616506	93061	27206	146221219	815479	343754960	113
1495813849222150912	500616142	89540	27315	147745372	813051	345256186	112
1495813849722769350	500619907	93296	28387	147604827	816443	346544049	113
1495813850223380622	500613983	91618	28115	147194568	821987	346485369	112
1495813850724050352	500669250	93183	27783	147383048	815386	345247660	114
1495813851224698166	500633671	89494	28171	147946003	822533	344845291	113
1495813851725410646	500726614	97911	28863	149261152	829740	347776432	113
1495813852226025751	500616172	102070	28355	149774591	825291	348987461	112
1495813852726648856	500625160	100126	28269	149995233	823494	348798757	113
1495813853227268378	500620502	100444	27833	149456162	824747	348429563	112
1495813853727892233	500622930	103713	27924	149206417	821590	347981493	113
1495813854228571838	500622585	99972	27791	150082823	819275	347307836	113
1495813854729182818	500668647	100699	28087	149489920	823222	345342561	113
1495813855229806632	500624121	96945	27889	148612165	817046	346157182	113
1495813855730513154	500707146	98313	27848	148747123	818295	346357586	113
1495813856231134384	500623358	100385	28186	148356267	826286	346661409	112
1495813856731754989	500619605	103342	28521	147874777	825670	346361214	113
1495813857232378178	500623842	95185	27665	147585579	810369	349049267	110
1495813857732999200	500622841	84022	26686	147829371	790201	353787323	113
1495813858233624555	500626316	92595	26877	147991894	817504	351001486	113
1495813858734245327	500621100	92708	26847	147758101	810550	349756990	113
1495813859234866515	500620355	90657	26699	147501684	813644	346443119	113
1495813859735488870	500623401	91896	27574	147434944	809745	347056339	113
1495813860236115767	500628201	91864	25608	147278439	808907	346618075	112
1495813860736736372	500621229	96190	27179	148673700	825122	346559520	113
1495813861237351102	500616597	95269	26623	148817438	827161	346643962	112
1495813861737968458	500618005	95405	26920	148498708	824374	345619024	113
1495813862238598063	500629517	102142	27343	149566089	824206	347438264	113
1495813862739208251	500609262	102867	27194	149994521	829189	346850255	113
1495813863239831607	500625012	102671	27129	150414154	829145	346828752	113
1495813863740464087	500634104	102594	27276	150957836	829149	347901127	113
1495813864241088525	500623247	99966	27375	151350090	826343	346616735	112
1495813864741711630	500624675	99470	27521	148931631	822193	344767221	113
1495813865242451110	500741326	96399	27770	148815998	818668	343637925	112
1495813865743150466	500699436	99045	27061	149468850	826372	344813548	113
1495813866243817612	500668047	96811	27455	147196847	810944	342127879	113
1495813866744437343	500619504	96556	28056	148328742	814430	342710471	113
1495813867245057739	500619906	97400	28068	148302141	814848	343509486	113
1495813867745673470	500619356	93683	27675	147974378	803562	351912762	113
1495813868246294991	500621532	83414	26505	146913609	801996	354647887	112
1495813868746913972	500620874	83563	26121	147514801	828264	354418820	113
1495813869247537535	500622662	94121	27555	147636918	825613	348153007	112
1495813869748161932	500621928	107278	27817	148998493	842997	349928846	113
1495813870248897079	500739914	96987	27841	148398599	830713	347204333	113
1495813870749509434	500613906	92405	27907	148417939	820299	345895069	113
1495813871250126539	500615431	94885	27754	149397390	836233	350877567	113
1495813871750742228	500617826	99900	28156	148318341	826498	348239064	113
1495813872251358249	500615466	99774	27075	148973815	828714	346603946	110
1495813872751976896	500620609	104582	28064	150679656	831941	346884116	113
1495813873252597752	500620580	102264	27256	149696661	828439	346608186	112
1495813873753219398	500621552	101531	27988	150121130	833172	347823162	113
1495813874253891670	500673920	100809	28219	150203068	836276	347263896	113
1495813874754511734	500621013	101312	28204	149729448	837367	346708218	113
1495813875255205339	500692574	102470	28192	149393004	830993	344976006	113
1495813875755822402	500619451	100844	28240	149021663	828009	345985304	113
1495813876256416508	500594259	97403	28315	148537851	823970	344376177	112
1495813876757031238	500615813	98820	27920	147630013	812621	341900030	113
1495813877257659801	500629378	94036	27305	148046841	799705	347858611	112
1495813877758273906	500616872	88841	26277	148348979	811247	352183940	113
1495813878258959470	500686691	93769	27589	148755508	832615	351736347	113
1495813878759566867	500604641	113818	28693	149882194	865420	351045667	113
1495813879260177389	500612018	107269	28203	149514986	840272	350100511	113
1495813879760799369	500622228	103412	27903	149084912	826867	347662644	113
1495813880261415349	500616669	101174	27568	149410179	833173	348687686	112
1495813880762067246	500641600	91529	27528	148819765	832804	348571443	113
1495813881262773393	500720327	91944	27034	148426211	822985	348647547	112
1495813881763410873	500635968	97675	27341	149211843	835930	346923736	113
1495813882264076145	500666484	100052	27542	148680985	831198	346360848	113
1495813882764688625	500613796	100797	27920	149576401	836032	347770312	113
1495813883265303688	500616455	102138	27831	149085684	829790	345861034	113
1495813883765928252	500623308	102207	28371	149765643	826594	345797599	113
1495813884266546940	500620840	100395	26823	149295798	821715	346317022	112
1495813884767170754	500621464	88146	26693	148520945	785893	351799710	113
1495813885267872609	500703563	87924	25956	148990024	784506	353525576	112
1495813885768547297	500623402	102002	27173	149654898	826514	353475880	113
1495813886269168028	500674663	103684	27506	149372902	831133	351312603	112
1495813886769788508	500622861	96088	26796	149109685	831877	352874366	113
1495813887270414071	500622799	102359	27179	149837188	847999	350980334	113
1495813887771036301	500623893	107719	27133	149904820	878398	349627020	111
1495813888271659865	500625876	106470	27480	150416192	847383	348117593	112
1495813888772282637	500624144	106667	27011	149542361	813522	352968703	113
1495813889272976242	396021565	412057	130443	117102535	681697	273461471	1750
1495813889773840847	446197637	4991083	1448675	112079219	1741856	221956316	25165
1495813890274539868	500705263	5781524	1669631	121033175	1978100	234655597	29163
1495813890775170682	500629994	5700897	1646505	122433559	1949751	239813771	28816
1495813891275871787	500700460	5632885	1628360	124514936	1932600	247035539	28602
1495813891776570392	500692881	5449069	1595869	126129218	1917183	253492554	27750
1495813892277262247	500702292	2515373	452368	198557451	659814	619469416	7797
1495813892777886727	500625443	68696	21881	346680448	294369	929112116	113
1495813893278621791	500616603	68316	22233	347328311	295344	931116135	113
1495813893779234729	500733340	69672	23385	345727454	294109	926452207	113
1495813894279847043	500610843	67874	22790	346084629	294795	927540575	112
1495813894780550398	500705206	67408	22332	345180736	294335	924770015	113
1495813895281174503	500624452	68197	21617	346320982	294375	928121022	113
1495813895781791775	500618072	69803	21921	345465925	294635	925401345	113
1495813896282413005	500621769	67293	21125	345417794	293813	925071629	112
1495813896783032527	500620479	67747	20990	345505546	294191	925372219	113
1495813897283653841	500622462	67706	21097	344677623	293886	923209390	113
1495813897784273987	500620602	70085	21881	342401667	290367	920328163	113
1495813898284895218	500621965	67819	21653	336342203	283464	913876961	112
1495813898785515114	500620800	68704	22072	332084225	278154	912192078	113
1495813899286138886	500622599	70491	22542	328766702	273115	912727134	113
1495813899786755408	500618206	70486	22364	326717480	270675	918274004	113
1495813900287454638	500700918	69404	22005	323313072	265458	918897471	112
1495813900788138077	500684628	70372	21911	320171437	261222	920025080	113
1495813901288879598	500741797	70359	22133	317714389	257570	923194355	113
1495813901789571745	500692712	70362	22713	314108236	252929	921301797	113
1495813902290256225	500685966	67232	22697	312165985	249393	921262327	112
1495813902790951539	500695489	69166	22972	301546621	245840	894385034	113
1495813903291654269	500700540	72621	23727	328823887	284250	871565634	116
1495813903792345540	500694432	73700	23839	336997184	286936	894080834	113
1495813904293036812	500692422	71457	23831	336945798	286815	894142664	112
1495813904793805542	500768813	74146	24210	336708795	287688	893335093	116
1495813905294424272	500619196	70382	22935	336545210	286910	893231577	112
1495813905795038753	500616346	74567	24330	335564952	286440	890609422	113
1495813906295637483	500597728	72680	24221	336851774	287224	893950707	112
1495813906796238421	500603825	73699	24565	335832510	286958	891379888	113
1495813907296837527	500597193	72852	24795	336375240	286671	893249690	113
1495813907797437090	500599974	74472	23860	336680954	287483	893887309	113
1495813908298035862	500598934	73907	23853	337593026	287646	897185733	112
1495813908798655384	500621257	72995	24271	335248253	284519	899277170	114
1495813909299297114	500645087	72786	24455	330537988	278485	897535616	112
1495813909799891969	500595284	73835	24851	325966723	272786	895101908	113
1495813910300517491	500617811	65204	23986	323536737	268790	897743267	112
1495813910801170846	500662279	73315	23794	320576756	265489	897781471	113
1495813911301784201	500614790	72879	24097	317824459	261137	897382643	113
1495813911802396682	500612119	73572	24094	315565226	257865	900466006	113
1495813912303012829	500615837	73368	24399	313555454	254835	905651343	112
1495813912803637142	500624115	74222	24628	309737614	249808	903818460	114
1495813913304250622	500616191	73368	24543	306134374	244693	901696154	112
1495813913804864686	500614417	74657	24545	289526917	248538	838623786	117
1495813914305559957	500696707	72855	24070	336663703	285254	893228722	112
1495813914806177229	500617834	74620	24149	337165647	286476	894218841	113
1495813915306793376	500616224	74566	23740	336791015	286314	893181110	113
1495813915807406940	500613855	74682	24029	336337506	285953	892153241	113
1495813916308020712	500615113	74991	23817	336587850	287289	892610132	112
1495813916808634692	500615590	75739	24621	335762645	285852	890322592	114
1495813917309243839	500609194	75379	24751	336548342	286836	892924971	112
1495813917809857611	500614407	76157	25042	335812176	286743	890887056	113
1495813918310471299	500614899	73964	23810	336734264	286440	893256128	112
1495813918811081113	500608826	75598	24026	336483254	287016	893098835	113
1495813919311690634	500611407	73569	23589	337578387	286833	897286949	109
1495813919812303281	500612081	76153	24343	334610241	282721	898937397	113
1495813920312915387	500614211	75686	24174	329781929	277352	896798820	112
1495813920813658367	500616273	75590	24229	325839382	271610	896687365	114
1495813921314267472	500736373	75134	24082	322427029	266735	897782830	112
1495813921814883660	500615885	75344	24345	319860414	263885	899152265	113
1495813922315497432	500615450	74413	24027	317029003	259003	898964291	112
1495813922816112246	500615362	77756	25294	313858619	256058	896176249	114
1495813923316723809	500611087	74351	23807	313285738	254084	903873247	112
1495813923817335789	500614204	75947	23861	310214065	249443	905501299	113
1495813924318022353	500686960	75886	24394	306771662	244556	904625553	112
1495813924818640791	500617547	75127	24235	293234261	254023	834158101	122
1495813925319253855	500615823	74433	23572	336764032	285367	893693179	112
1495813925819869668	500615537	74560	24120	336928330	286404	894225375	113
1495813926320488065	500619471	75432	24272	336344187	285632	892606461	112
1495813926821097587	500610895	75773	25296	336571409	286799	893019432	114
1495813927321716234	500617756	73139	23730	336040116	286126	891453307	112
1495813927822329423	500612944	75442	23992	336253755	285962	892240554	113
1495813928322998903	500662298	74699	23841	336472633	286266	892262146	112
1495813928823636925	500649659	76262	24980	336083466	286260	891190183	114
1495813929324250238	500612772	74802	24496	336932421	286383	893770335	112
1495813929824864302	500615092	74800	24797	337058491	287632	894057910	113
1495813930325491115	500625857	73331	24020	337864844	286932	897949703	112
1495813930826111429	500622465	75644	24826	333572617	282312	897364704	114
1495813931326731159	500620363	73872	23563	328686838	275484	894942340	112
1495813931827351264	500619476	75826	24891	325958593	271315	897729886	113
1495813932327972953	500621884	74360	24869	322311191	266854	898535309	112
1495813932828596641	500624419	75940	24856	318696793	262108	898455047	114
1495813933329215580	500621847	73462	24445	316088597	257846	899880194	112
1495813933829828976	500613191	74313	23862	313506748	254462	899002927	113
1495813934330516915	500689073	73685	24238	311627504	252170	899202006	112
1495813934831131853	500615382	76781	24997	309673984	249046	903174409	112
1495813935331827167	500695193	74164	23778	307969428	245493	908326246	112
1495813935832499939	500672536	73163	24637	299105301	262479	844827783	117
1495813936333167419	500671009	70255	24272	314590481	277815	865294939	112
1495813936833906690	500739482	72257	24415	315075431	278860	866758514	114
1495813937334586129	500679382	70988	24149	315221855	278877	866988933	112
1495813937835258234	500672018	70480	23934	314943760	278775	866113563	113
1495813938335931797	500675170	70303	24904	314734301	278243	865584141	112
1495813938836599486	500667020	71986	24759	314793605	278525	865625879	114
1495813939337273966	500676345	70825	23748	315217522	278658	866535325	112
1495813939837963488	500688168	66362	24104	315163548	279067	866123916	113
1495813940338822676	500862970	71035	24692	315548899	279121	867311049	113
1495813940839499364	500676504	73961	24982	315453035	279758	867064660	113
1495813941340179761	500679480	68833	23971	316244458	279513	872227483	112
1495813941840865408	500687097	71917	25317	312997780	274638	873363054	113
1495813942341550513	500685678	71169	24587	310435178	270629	875410744	112
1495813942842228743	500680173	72133	24801	307289166	265827	877208996	114
1495813943342913348	500684876	71609	24665	305207627	261977	881088180	112
1495813943843650870	500736990	73432	25062	303096667	258801	884910948	114
1495813944344266975	500616658	71545	23929	300527847	254240	887391978	112
1495813944844876622	500613591	72709	24524	298197199	250845	889340016	113
1495813945345489811	500610840	70124	24370	296466121	247954	890500472	112
1495813945846104207	500616369	71735	24548	294897894	245846	890810233	113
1495813946346714521	500611178	70872	23918	294012529	243852	895689789	112
1495813946439115811	85566601	315499	104358	36070379	157690	101054020	1662
